# Created by Octave 4.0.0, Sun Jan 07 11:19:30 2018 ART <gabrevaya@ws11.labo5>
# name: y_start
# type: matrix
# rows: 10
# columns: 1
 -0.5642059220506284
 -0.6300894512697708
 -0.4657721865836721
 -0.3128571896881527
 0.2650883928285757
 1.07081876817967
 -0.1444879796398774
 0.3004868742887601
 -0.1429808968197602
 0.1454138986242332


# name: alphas
# type: cell
# rows: 1
# columns: 3
# name: <cell-element>
# type: matrix
# rows: 10
# columns: 1
 -0.06374577177593964
 0.6642231981132768
 2.906206351055055
 0.02213728016746891
 1.898061227944362
 0.3017156459923714
 1.166112453156429
 1.739990100721784
 0.07374203465092408
 0.7851996365417764



# name: <cell-element>
# type: matrix
# rows: 10
# columns: 1
 0.7730213596378013
 1.151697048184026
 1.258797427015193
 0.695265283615168
 0.8040349768176404
 1.706263792748346
 0.6900702755410284
 0.06970418576912916
 1.156861236956338
 0.4055956390967302



# name: <cell-element>
# type: matrix
# rows: 10
# columns: 1
 11.11101249623827
 8.905999996132486
 11.12073426296564
 11.26226256953003
 10.50302372007995
 11.47265184456173
 11.36486057857558
 10.97786682515628
 11.60864722828823
 11.36736400706722





# name: W
# type: matrix
# rows: 10
# columns: 10
 0.3909977526030495 -0.1045506674973949 0.725759123169752 -0.3944796417558085 0.01048928470240159 0.1453125753585225 -0.03834631806890638 -0.3966200150626193 -0.9678268466414481 0.7842803990503328
 0.08553745576318265 -0.1001650781470442 -0.2604332494184655 -0.1708925906277369 0.1551681575905934 0.1048150556118204 0.0812309850638625 -0.1262347470893535 0.357799947175143 0.2512229431448462
 -0.1472307101500866 0.05134104346285467 -0.4926997944351736 0.02750110964720764 0.3790002393181492 0.3322065862029969 0.1943529856414001 0.002887668936472916 1.126722293020188 -0.1884637055612577
 -0.5280058569565594 -0.09831062634028431 0.3243369092543374 0.2247779111522726 0.2393669471271031 0.2827963931979105 -0.1190888495248226 0.2125420779915437 0.3634249915503931 -0.1651174822621318
 0.1622227115369127 -0.3969337086074642 0.3577453775905934 0.1403167527418755 0.1779311829615801 0.1311124216064535 0.2561105890338781 -0.3274368289944623 -0.5539564676271074 -0.2416247473316384
 0.1835333814339432 0.01668604470128993 -0.2273330191630389 -0.2316086113354717 -0.2400402770614879 -0.1205022600884686 0.2334731092949721 -0.07440830393320676 0.1782007265579422 0.1540969554634257
 0.04852783548015722 0.008768625003897773 0.2508179641679756 -0.07255506208861102 0.1683041620945625 0.1008540814093592 -0.395112012170478 -0.05440484199908063 -0.3018263470886197 0.2601740756102962
 0.1926498196119086 -0.2622921173398474 -0.2041769310338368 0.3467913785697271 -0.6280795281163349 -0.2902413718462778 0.3018799711740461 -1.01285139062519 -0.1508940486313284 -0.0894207186076745
 0.3316447726175344 0.09319163202807423 -0.02649515670451197 -0.328035228652416 -0.09715985366141813 0.1205647005413435 0.2912337894682488 0.08493545592265586 0.149253491503376 0.5054264360892314
 -0.05551242007811003 0.1236830025356827 -0.1701896816507201 0.04063717609517441 0.2407551890813813 0.0418494551111854 0.37960150211336 -0.4401622342325087 0.548244503568061 -0.93431792062417


# name: iter
# type: scalar
200000


# name: c
# type: matrix
# rows: 1
# columns: 10
 NaN NaN NaN NaN NaN NaN NaN NaN NaN NaN


# name: mean_corr
# type: matrix
# rows: 686
# columns: 1
 -0.003106902825184605
 -0.02119847189558558
 -0.02095660072419311
 0.03161923159532939
 0.01027981690902697
 0.01372764030826743
 0.0352411240040163
 0.1068053761806226
 0.1292280434348185
 0.1355693673293089
 0.1500635234439947
 0.1521577886432665
 0.1522290500526507
 0.1995361798851483
 0.2039835886362668
 0.2208004157845897
 0.2268944305206386
 0.2452141039360699
 0.2514920868489969
 0.2534377740030006
 0.2542032487926295
 0.2773114994045304
 0.277626885446337
 0.2810225467265689
 0.2813511375666208
 0.4275590320807893
 0.4332371533275275
 0.424510272541156
 0.4186048123835936
 0.4067641121800186
 0.4070417146532239
 0.4080915475074119
 0.396072326662136
 0.4009673019849965
 0.4062627439946229
 0.404461219813077
 0.3882421605957856
 0.3766026771751554
 0.3707231184904259
 0.3838739435399016
 0.3751657444784146
 0.380286276680432
 0.4678830602286535
 0.4701317774646104
 0.4541716712239897
 0.4523879997587077
 0.4509642035394942
 0.4513413436775616
 0.4264871012483075
 0.424422719579592
 0.422393724716795
 0.4222590394103466
 0.4204732709369307
 0.4197111296374607
 0.4313089550959953
 0.4350581598066101
 0.4106384269918952
 0.4092084592480394
 0.401542582782182
 0.3946191180390182
 0.3962361125520257
 0.3896834643256298
 0.395712907605753
 0.4031710686608966
 0.4027371647133292
 0.3964225581855479
 0.3948665378767257
 0.3949558233851541
 0.3782978499121142
 0.3961023512189051
 0.3964885709663906
 0.4028685433805134
 0.390692792964138
 0.3983829418136174
 0.3963392977018468
 0.3987046228409495
 0.3978416765683752
 0.3956389827602963
 0.3896229302931531
 0.3916490060128853
 0.3995133828422029
 0.3963519691342715
 0.3951166584994858
 0.382355091952732
 0.3817973264105134
 0.3810102523480645
 0.3832757651589612
 0.3775024427373229
 0.3774412711873917
 0.4943762689733601
 0.4912626014468869
 0.4898894591147755
 0.4871250794093389
 0.4839912535284149
 0.4775127516713774
 0.4710268539062041
 0.4894063735324051
 0.4912320603318657
 0.4908200851616596
 0.490449307969284
 0.4771761681101963
 0.4804206643536452
 0.481174770128868
 0.4911641836695413
 0.4959347214261557
 0.4945251357259269
 0.4922421156014206
 0.4860393464712594
 0.4873326990010778
 0.4800359518515333
 0.4793765725451523
 0.4764736220855051
 0.4773658613770178
 0.4781182146558945
 0.4753895164505087
 0.4787645562319104
 0.4710458943607386
 0.4724071246831884
 0.4676927930787693
 0.468293722365929
 0.4695087026413077
 0.4699895841834175
 0.4597715149641526
 0.4587456344707017
 0.4607174552771974
 0.4461455164885075
 0.4521466815997199
 0.4584386419593565
 0.4598325432498344
 0.4585236565368704
 0.4665622363415169
 0.4563734832546469
 0.4511150688818054
 0.4534955346727282
 0.4574877077426064
 0.4572948067675434
 0.4547805088457492
 0.4613323380876261
 0.4587452556057697
 0.4571297684287244
 0.4622586802322591
 0.4666969519688425
 0.4624283859532939
 0.4627106020278424
 0.4610317244437223
 0.462218863880807
 0.4641892513229357
 0.4602232792601867
 0.4568607568991646
 0.5259215000821291
 0.5280999718345453
 0.5230491437699444
 0.5231979306604529
 0.5240770588918295
 0.519946159320295
 0.5165404074323995
 0.5031325959547182
 0.5118850356899289
 0.494694281305582
 0.4949249383722035
 0.4947479510956132
 0.4969595077543493
 0.4848191373607066
 0.4853724707233048
 0.4867804624521261
 0.4825475003798779
 0.4853741491903799
 0.4795965354662027
 0.4821196446758682
 0.4796986628609142
 0.4844839026647301
 0.4870350668706692
 0.4923327055901348
 0.4908906787555471
 0.4898567880039201
 0.4836752089355048
 0.4896907634560586
 0.4921588741096088
 0.4916412301511647
 0.4854746572993653
 0.4912470774767442
 0.4926743146275368
 0.494181532455492
 0.5528904501333772
 0.5543214917337845
 0.5534744396683275
 0.5471494233451442
 0.5473120954823421
 0.5446891567528622
 0.5342020344398897
 0.5102722177526078
 0.5303010555331782
 0.5223839474103605
 0.5229839042575429
 0.5225559495317106
 0.5166430493748935
 0.5161079810190862
 0.5136872978601678
 0.5110747765220053
 0.5107995338966248
 0.5120486381340196
 0.5165045791398797
 0.5144982825328051
 0.5068711218357272
 0.5029565226482948
 0.5043297206697135
 0.5041049237644523
 0.5063952567170222
 0.5047294269474096
 0.5061330266301418
 0.5008841177402961
 0.5051136123548823
 0.5072284897421862
 0.506858896450328
 0.4887984842236581
 0.4871150816146269
 0.5009742420884636
 0.5040617111018675
 0.4984852946700389
 0.4989976449614888
 0.4985440628907152
 0.4986157761382645
 0.5121140896578533
 0.5081052184889956
 0.5067827407570615
 0.5042237858651956
 0.506187013979204
 0.5064635282296702
 0.5080670409742728
 0.5036537863533349
 0.5588424942287501
 0.5284793248252324
 0.5179183848853144
 0.5095379858523417
 0.5081545375157985
 0.5262224459334719
 0.5112822055967456
 0.5096484681013883
 0.5074790401107145
 0.5154055939016915
 0.5219934140733078
 0.5195186360947029
 0.5256625109632219
 0.5213336750217911
 0.5233044004255215
 0.5251658113466827
 0.5163654476725396
 0.5104751376988743
 0.5286370719358823
 0.5247283995484228
 0.524621314169517
 0.526444551944264
 0.524130669019877
 0.5272506987598071
 0.52811247515325
 0.4985963464279074
 0.5090795063676598
 0.5106006938867308
 0.5124989825656271
 0.511468680841621
 0.5146812973109214
 0.511689483996549
 0.5263606571197018
 0.5250460304010136
 0.5254705648607977
 0.5280895056498838
 0.5293958674149468
 0.5255045066124564
 0.5242560956764886
 0.5251743147858051
 0.5276039830576678
 0.5286890515972764
 0.5272296421524671
 0.5243470517449647
 0.5267106125492172
 0.5284608104263211
 0.53137902255958
 0.5315293112045483
 0.5303119223996291
 0.5273055625102842
 0.5291606020297951
 0.5288697839238279
 0.5297754269182435
 0.5296676428306469
 0.5292431477775136
 0.5291565587786167
 0.528884029403607
 0.5254213609464073
 0.5241232299141602
 0.5249999717304623
 0.5233475277578391
 0.5251038965472519
 0.5781765434647207
 0.576144582491967
 0.5746852792913645
 0.5519852604905663
 0.547029664208616
 0.5388148134247728
 0.5397260287610196
 0.5538784327788769
 0.5515788420007877
 0.5532644642625151
 0.5405149941810257
 0.5388830813381331
 0.5462809169873524
 0.5476620945654702
 0.5468404834226405
 0.5420325159633801
 0.5358329906197113
 0.5334843528100168
 0.5388649844510727
 0.5369245010745807
 0.5331275035680293
 0.5402321491792393
 0.5320691516779301
 0.5332157846630005
 0.5368434577550474
 0.5383950773937404
 0.5334547281159728
 0.5336210420315368
 0.5337773958612917
 0.5361667510148381
 0.5366898602375938
 0.5309741941203641
 0.519505004385852
 0.5197780428651916
 0.5207345916049799
 0.5180315891419489
 0.5280205825267015
 0.5263157526418751
 0.5237596977207983
 0.5241063772624547
 0.5238563469063019
 0.5244104340174445
 0.5229240894919392
 0.5220204047502773
 0.5217267937380374
 0.5219985114642258
 0.5210802885546111
 0.5816180587057362
 0.5715375354031523
 0.5514518938387309
 0.5416330152214929
 0.5397982367409994
 0.5548647124314622
 0.5500843676075926
 0.5240257943545803
 0.5325999829617574
 0.5381579269629702
 0.5285909644009011
 0.5180856838101544
 0.5254553302011511
 0.5199903287940983
 0.5209855521525254
 0.5043648268535363
 0.5055286311393599
 0.5009109800416071
 0.5207072594266521
 0.5211634760389157
 0.5119573253761074
 0.5300256886861774
 0.5090755739498951
 0.5104595845448948
 0.5185774811966612
 0.5259963963731618
 0.504562418800923
 0.493349431496651
 0.4918893479118919
 0.4979444784760611
 0.5091779725622679
 0.5096712010199127
 0.5097618380458171
 0.5847608211890425
 0.5770694341478547
 0.5771376219584241
 0.5463982948180639
 0.5288599034505899
 0.5209469514496368
 0.5079376483226629
 0.5388920321751915
 0.5371912088225004
 0.5354561813366608
 0.5129946814882532
 0.5133134758497546
 0.528608941361478
 0.5434371143247139
 0.5411689453953947
 0.5419862779519542
 0.5411003020536926
 0.5394810721679908
 0.5436741681183717
 0.5310909760434055
 0.5264633610388152
 0.5336049278120425
 0.5279086577502727
 0.5257128614648309
 0.5105844591427876
 0.5184214533850733
 0.5167354676089648
 0.5222635469610428
 0.5149603878650342
 0.5217600694601463
 0.5211153148538912
 0.5203386294097128
 0.5143433974503666
 0.5113323581037866
 0.5126547667568199
 0.5112316278318849
 0.5888795396590997
 0.5899210539357205
 0.5914364529675264
 0.5885985633070525
 0.527732916095313
 0.5279158045742418
 0.5267059154342879
 0.5631341075848767
 0.5697211081576115
 0.5720527614818766
 0.5639909888711239
 0.5620121573214176
 0.5579560823540131
 0.5374169764128952
 0.5454780563960067
 0.5427467582629752
 0.5362988812956401
 0.5424040755351662
 0.5377850656997366
 0.5400056184287669
 0.5383909646677066
 0.5381401324846536
 0.5375090665393982
 0.5357178994509268
 0.5369392947995829
 0.5362627868100549
 0.5314237298713296
 0.5301377760484607
 0.5333209565858317
 0.5277891546979153
 0.5226549128691157
 0.5215511278180434
 0.5208431646499826
 0.5170549013421073
 0.5950354122368517
 0.5726070212868339
 0.5767143264296404
 0.5989798656792858
 0.5866041637808287
 0.5663806902945397
 0.5908109070344409
 0.5230865122956623
 0.5356181781454885
 0.5280108889476246
 0.525007413051899
 0.5247580968135479
 0.5229481651348724
 0.5187604819440329
 0.5126685865694993
 0.5169462069943623
 0.5149417237548511
 0.5262559911062548
 0.5247517824007897
 0.5257910955632483
 0.5124751751328256
 0.5130902500882908
 0.5123216507988825
 0.5141461230975185
 0.5118132356939027
 0.5113148793108468
 0.5105530607531996
 0.5946356158948027
 0.588568284894739
 0.5977207748487073
 0.6026595712241424
 0.5998771050287471
 0.5894488730902981
 0.5849197295757641
 0.586931332177427
 0.5615654638066351
 0.5686548358912139
 0.5700000971508018
 0.56674212400611
 0.5675406201713871
 0.5634513474143764
 0.5633248693283729
 0.5649791745771322
 0.5626903871775056
 0.5603497879227326
 0.5592560492169125
 0.5570521207058056
 0.5500257198537912
 0.5491029163259127
 0.5457720360277157
 0.5440671871600575
 0.5442994027554783
 0.5420137227021302
 0.5412531070428341
 0.5407454742631257
 NaN
 NaN
 NaN
 NaN
 NaN
 NaN
 NaN
 NaN
 NaN
 NaN
 NaN
 NaN
 NaN
 NaN
 NaN
 NaN
 NaN
 NaN
 NaN
 NaN
 NaN
 NaN
 NaN
 NaN
 NaN
 NaN
 NaN
 NaN
 NaN
 NaN
 NaN
 NaN
 NaN
 NaN
 NaN
 NaN
 NaN
 NaN
 NaN
 NaN
 NaN
 NaN
 NaN
 NaN
 NaN
 NaN
 NaN
 NaN
 NaN
 NaN
 NaN
 NaN
 NaN
 NaN
 NaN
 NaN
 NaN
 NaN
 NaN
 NaN
 NaN
 NaN
 NaN
 NaN
 NaN
 NaN
 NaN
 NaN
 NaN
 NaN
 NaN
 NaN
 NaN
 NaN
 NaN
 NaN
 NaN
 NaN
 NaN
 NaN
 NaN
 NaN
 NaN
 NaN
 NaN
 NaN
 NaN
 NaN
 NaN
 NaN
 NaN
 NaN
 NaN
 NaN
 NaN
 NaN
 NaN
 NaN
 NaN
 NaN
 NaN
 NaN
 NaN
 NaN
 NaN
 NaN
 NaN
 NaN
 NaN
 NaN
 NaN
 NaN
 NaN
 NaN
 NaN
 NaN
 NaN
 NaN
 NaN
 NaN
 NaN
 NaN
 NaN
 NaN
 NaN
 NaN
 NaN
 NaN
 NaN
 NaN
 NaN
 NaN
 NaN
 NaN
 NaN
 NaN
 NaN
 NaN
 NaN
 NaN
 NaN
 NaN
 NaN
 NaN
 NaN
 NaN
 NaN
 NaN
 NaN
 NaN
 NaN
 NaN
 NaN
 NaN
 NaN
 NaN
 NaN
 NaN
 NaN
 NaN
 NaN
 NaN
 NaN
 NaN
 NaN
 NaN
 NaN
 NaN
 NaN
 NaN
 NaN
 NaN
 NaN
 NaN
 NaN
 NaN
 NaN
 NaN
 NaN
 NaN
 NaN
 NaN
 NaN
 NaN
 NaN
 NaN
 NaN
 NaN
 NaN


# name: mean_error
# type: matrix
# rows: 686
# columns: 1
 1.49144278399687
 1.480662523536051
 1.480243916688392
 1.443122866700568
 1.437593851172585
 1.43569782785256
 1.425300835785273
 1.388754588566676
 1.385494568730507
 1.364968465324219
 1.368554128440703
 1.373365935817323
 1.362790338155349
 1.353135719483139
 1.345668066192697
 1.334892776438662
 1.328182823952267
 1.31448330008402
 1.301203756728499
 1.301874917343076
 1.299400205795592
 1.283359868001367
 1.281577859906103
 1.278253402479927
 1.280219266448014
 1.270848828723917
 1.253619768988574
 1.275068974455858
 1.268355101808462
 1.26958225308802
 1.275563821434275
 1.261484628389566
 1.278166550499996
 1.27997642277553
 1.270672243599329
 1.267496304172407
 1.271571736442892
 1.291006321529741
 1.28472445041599
 1.259579160703746
 1.260831130155145
 1.245304322633245
 1.22616559119475
 1.240705961861322
 1.218004069967155
 1.221423890077203
 1.221273333132137
 1.222286018511284
 1.231085205217965
 1.239354622985956
 1.236752341888338
 1.236182327198702
 1.240896733088289
 1.246364593952279
 1.240613454783346
 1.248895785953461
 1.25041662396638
 1.258181422097548
 1.250494681063452
 1.254840658971037
 1.25742417620469
 1.258609982810541
 1.252371161075048
 1.247945492139643
 1.247597277471366
 1.252204056772945
 1.251676955258364
 1.27347142062693
 1.276129952137403
 1.273621507977256
 1.273089821760439
 1.272478650108951
 1.250966487013687
 1.247060642377092
 1.2452210184384
 1.244923238876667
 1.248872930804452
 1.25179168785055
 1.253013731655814
 1.255770818597361
 1.254088481966515
 1.253548484132359
 1.254483360738584
 1.255558205395362
 1.254212344036329
 1.255723032676124
 1.252434891315396
 1.251443548297337
 1.25404841811362
 1.22314294241618
 1.22784212077631
 1.228452848925757
 1.220871566447896
 1.224975071395777
 1.226249536292678
 1.238283773816598
 1.23240740575344
 1.223494786089926
 1.233519151774745
 1.235365027919028
 1.250005649196449
 1.250895529909347
 1.249145330506608
 1.228494106476234
 1.23391012856903
 1.244313328967241
 1.246150469788083
 1.246971173490159
 1.246354330503692
 1.246226742433454
 1.245728621979713
 1.251185894218331
 1.236298105369181
 1.234613849284714
 1.237845359412281
 1.236191578769516
 1.246954196840651
 1.247989710912371
 1.260165744849593
 1.26373007879971
 1.260306817754673
 1.258244537253196
 1.258546446160995
 1.257063557561673
 1.255168680778156
 1.275820618388064
 1.268943128665978
 1.260481416991232
 1.258416622816148
 1.25892196380565
 1.249194473277361
 1.260263683694958
 1.261128919770055
 1.258521785395656
 1.254433158427321
 1.265326281143037
 1.262714027988503
 1.257133664837508
 1.248374715724245
 1.250498419969428
 1.239018216393865
 1.230603001069724
 1.231752225420929
 1.233194256754611
 1.233000173643616
 1.231083163333649
 1.230132963489214
 1.231833181829356
 1.23982106736029
 1.20548757869559
 1.208052451268564
 1.213091292466089
 1.214740715711356
 1.213155853489623
 1.210782548017534
 1.210017466743209
 1.218753152309218
 1.197317051436725
 1.20267897886453
 1.198965735984436
 1.198523067204524
 1.192590308004348
 1.198517545462795
 1.202741094390625
 1.201280032664018
 1.199265375986879
 1.197063664117488
 1.203445843035738
 1.194493493700934
 1.197521214214518
 1.193393862585669
 1.189074258680397
 1.184569135034146
 1.186698623390067
 1.188958946312756
 1.191683492778325
 1.184417473312615
 1.175964831928382
 1.181553201025904
 1.196658524345417
 1.189587552853045
 1.188930483218426
 1.183859658882723
 1.152908387898469
 1.1497303258102
 1.150119620221433
 1.148279722366304
 1.148672215020289
 1.150393402853889
 1.159852723832146
 1.177189698966215
 1.164097186204812
 1.163122177748684
 1.15837677763607
 1.157799289909744
 1.168195678183727
 1.170157986218896
 1.171032609450021
 1.174532009371988
 1.172545258791169
 1.171619443599147
 1.163767883471393
 1.165237443099175
 1.173044646003893
 1.183030316635183
 1.183048313049085
 1.183539938865757
 1.173217264915141
 1.17294938380347
 1.172772160090943
 1.17904234961194
 1.169335755502411
 1.165987441368778
 1.166125071752679
 1.175206423750376
 1.177509051985756
 1.173678225218798
 1.168151898663759
 1.18053464930873
 1.17519892835847
 1.178485551731419
 1.178318067456452
 1.16665187747852
 1.173912053562865
 1.174754050336266
 1.176872852249454
 1.178185335125279
 1.176698318242426
 1.170668878302013
 1.180372837446669
 1.141184274699862
 1.128318849815069
 1.139514344594139
 1.14790738343116
 1.154623295413645
 1.148204835732419
 1.155395041117015
 1.139810292766122
 1.147450288665663
 1.150852233913281
 1.145847395888833
 1.141225942076249
 1.142189217596058
 1.140427758390937
 1.136307391479777
 1.137031357179626
 1.144896342819732
 1.156296533862337
 1.142386348435086
 1.14710296295004
 1.148818789307338
 1.154155412868806
 1.155028342388323
 1.153047367576109
 1.145416138526396
 1.163834239835016
 1.159169841354251
 1.157319744507272
 1.155811332803264
 1.155804829384527
 1.152738778936712
 1.151203781916454
 1.164479993435238
 1.14848613921653
 1.149424819547592
 1.139539279960666
 1.143225138284142
 1.142298161569237
 1.144887234892834
 1.141515100896323
 1.139880093467034
 1.145923560126251
 1.146593816535889
 1.147209494915518
 1.137033231776718
 1.139152556211501
 1.139009657758768
 1.13010428496969
 1.135011556492757
 1.144323573013555
 1.142047038130354
 1.142569755363414
 1.141628847209651
 1.139518171188459
 1.137984752848833
 1.138208419500283
 1.137966704172449
 1.144095275418433
 1.147812153366439
 1.144173154985379
 1.147910624252044
 1.145436006364128
 1.119604894342805
 1.119318809447744
 1.11760822474169
 1.120730129158421
 1.125685921680474
 1.137393717000582
 1.137276486539935
 1.122400997774953
 1.122464742223387
 1.120743966261613
 1.121647691749863
 1.122759150332561
 1.122738223868367
 1.118940828863952
 1.11296107967328
 1.115689829598251
 1.121557728911282
 1.127996964094589
 1.123791334315233
 1.129094610275779
 1.12960126961726
 1.126763179067158
 1.135104043869739
 1.129556316927157
 1.124285816417909
 1.127307320789193
 1.134781438242245
 1.135826209764554
 1.133663880361171
 1.129283108163731
 1.129905480634591
 1.138299971860643
 1.145534179768541
 1.144818108170621
 1.144015749718693
 1.141341353272021
 1.13495896943285
 1.13392973247898
 1.13343994969053
 1.131655028499598
 1.133306528012209
 1.133093824135281
 1.133791547370419
 1.133176903751372
 1.135959336472854
 1.138041051486821
 1.136820334478341
 1.106536452055639
 1.108948507367806
 1.105478255742169
 1.117721518539192
 1.127250514116715
 1.120079714191548
 1.128152429007921
 1.142431028274423
 1.137691471517279
 1.13475317754564
 1.142746401881585
 1.148181553447711
 1.144537797541866
 1.147100667015285
 1.146435671637234
 1.156273574438912
 1.156028232947154
 1.157478297653473
 1.152888775987439
 1.152240885122921
 1.158488059158218
 1.125281362139108
 1.138900259404137
 1.137891710882829
 1.142244224894605
 1.138816463394528
 1.141938339939353
 1.148107359414985
 1.148100379042687
 1.144588354133359
 1.139954262236434
 1.141516728534354
 1.141193154189453
 1.10095631351976
 1.109934281661991
 1.103145723381742
 1.132186814948783
 1.140333548486941
 1.145184679085601
 1.156153662923452
 1.140395767655976
 1.145329301283956
 1.149388965293089
 1.161362882702355
 1.163122342535168
 1.157898197584724
 1.153998751659945
 1.15569227090212
 1.154754235105226
 1.127765784361012
 1.129049361564644
 1.124101643134114
 1.132024050285431
 1.132139544082184
 1.127277311517968
 1.127238567872619
 1.130749029479395
 1.142558321660266
 1.140473810657621
 1.141164414869337
 1.139571714498142
 1.141340058610658
 1.140008996772509
 1.141883822963502
 1.14178685785331
 1.147161281977412
 1.147448591987591
 1.146660170777566
 1.151049736846598
 1.090250315800128
 1.089000222226254
 1.087598524352856
 1.087688658707544
 1.104614731180672
 1.101986461566084
 1.111614818905336
 1.085477602177715
 1.084045962588057
 1.093662185430894
 1.100942515912812
 1.103032406922864
 1.109894462054875
 1.12812886717465
 1.124173844284012
 1.12443320639911
 1.125598374469334
 1.121297978688893
 1.1215655622609
 1.1209925825594
 1.122160509072487
 1.12154694813582
 1.121739171647892
 1.125120886550672
 1.119808511727267
 1.119123024242921
 1.119808072966105
 1.120292832383456
 1.119215402902137
 1.121038346112783
 1.1258074288418
 1.1273105561082
 1.127347052939599
 1.128803481001911
 1.076229253616154
 1.102491351440893
 1.100037167804147
 1.074834973045738
 1.074620778261489
 1.089843165046753
 1.085602869487834
 1.114565916175731
 1.099138733267073
 1.111731495151314
 1.114921233563105
 1.116719646461653
 1.115640237729649
 1.121584016265885
 1.126084604271428
 1.120059108914706
 1.124703142903959
 1.112285896957858
 1.112642053443246
 1.110640361773672
 1.118231843495919
 1.116638435345837
 1.115998368353012
 1.113403566234045
 1.116652921269322
 1.116660946560931
 1.11671472131117
 1.077075518285425
 1.07360605845681
 1.072288586843158
 1.084431606270598
 1.086743601133753
 1.079454434523879
 1.078272237262028
 1.082228234951056
 1.092015921411365
 1.078250714088888
 1.077437167367985
 1.087749726830637
 1.08802060022236
 1.093501573067627
 1.094822292471858
 1.090264424849066
 1.089505691075205
 1.094186737353143
 1.102571991123548
 1.104131378309534
 1.117865277822071
 1.116631255943282
 1.114636286871159
 1.11664763457709
 1.116482189432335
 1.116482834637994
 1.115866212805301
 1.117019054277456
 NaN
 NaN
 NaN
 NaN
 NaN
 NaN
 NaN
 NaN
 NaN
 NaN
 NaN
 NaN
 NaN
 NaN
 NaN
 NaN
 NaN
 NaN
 NaN
 NaN
 NaN
 NaN
 NaN
 NaN
 NaN
 NaN
 NaN
 NaN
 NaN
 NaN
 NaN
 NaN
 NaN
 NaN
 NaN
 NaN
 NaN
 NaN
 NaN
 NaN
 NaN
 NaN
 NaN
 NaN
 NaN
 NaN
 NaN
 NaN
 NaN
 NaN
 NaN
 NaN
 NaN
 NaN
 NaN
 NaN
 NaN
 NaN
 NaN
 NaN
 NaN
 NaN
 NaN
 NaN
 NaN
 NaN
 NaN
 NaN
 NaN
 NaN
 NaN
 NaN
 NaN
 NaN
 NaN
 NaN
 NaN
 NaN
 NaN
 NaN
 NaN
 NaN
 NaN
 NaN
 NaN
 NaN
 NaN
 NaN
 NaN
 NaN
 NaN
 NaN
 NaN
 NaN
 NaN
 NaN
 NaN
 NaN
 NaN
 NaN
 NaN
 NaN
 NaN
 NaN
 NaN
 NaN
 NaN
 NaN
 NaN
 NaN
 NaN
 NaN
 NaN
 NaN
 NaN
 NaN
 NaN
 NaN
 NaN
 NaN
 NaN
 NaN
 NaN
 NaN
 NaN
 NaN
 NaN
 NaN
 NaN
 NaN
 NaN
 NaN
 NaN
 NaN
 NaN
 NaN
 NaN
 NaN
 NaN
 NaN
 NaN
 NaN
 NaN
 NaN
 NaN
 NaN
 NaN
 NaN
 NaN
 NaN
 NaN
 NaN
 NaN
 NaN
 NaN
 NaN
 NaN
 NaN
 NaN
 NaN
 NaN
 NaN
 NaN
 NaN
 NaN
 NaN
 NaN
 NaN
 NaN
 NaN
 NaN
 NaN
 NaN
 NaN
 NaN
 NaN
 NaN
 NaN
 NaN
 NaN
 NaN
 NaN
 NaN
 NaN
 NaN
 NaN
 NaN
 NaN
 NaN


# name: iter_improve
# type: matrix
# rows: 686
# columns: 1
 1
 31
 59
 61
 62
 70
 74
 93
 112
 114
 128
 148
 151
 345
 380
 390
 421
 423
 448
 457
 459
 476
 535
 540
 754
 925
 927
 931
 934
 938
 945
 956
 958
 965
 970
 978
 980
 984
 985
 994
 996
 1000
 1000
 1003
 1005
 1010
 1011
 1017
 1031
 1037
 1042
 1046
 1051
 1077
 1083
 1084
 1086
 1095
 1158
 1162
 1167
 1168
 1214
 1216
 1225
 1228
 1255
 1289
 1374
 1383
 1384
 1388
 1390
 1393
 1394
 1399
 1417
 1422
 1440
 1576
 1599
 1611
 1623
 1649
 1685
 1699
 1701
 1714
 1739
 2000
 2002
 2008
 2016
 2021
 2024
 2030
 2034
 2035
 2036
 2044
 2047
 2050
 2051
 2053
 2057
 2061
 2062
 2064
 2065
 2067
 2071
 2072
 2083
 2086
 2092
 2095
 2096
 2099
 2118
 2125
 2137
 2142
 2144
 2163
 2199
 2223
 2262
 2305
 2329
 2362
 2385
 2395
 2404
 2421
 2474
 2499
 2520
 2521
 2547
 2551
 2585
 2587
 2589
 2591
 2605
 2643
 2698
 2706
 2817
 3000
 3002
 3005
 3006
 3015
 3019
 3021
 3032
 3035
 3037
 3040
 3045
 3049
 3057
 3067
 3080
 3081
 3088
 3119
 3123
 3130
 3143
 3171
 3273
 3321
 3552
 3560
 3570
 3585
 3587
 3594
 3864
 3888
 3950
 4000
 4003
 4009
 4010
 4013
 4014
 4018
 4019
 4022
 4023
 4038
 4041
 4047
 4056
 4058
 4059
 4069
 4090
 4122
 4144
 4147
 4159
 4170
 4188
 4203
 4215
 4272
 4295
 4299
 4302
 4322
 4359
 4380
 4388
 4397
 4426
 4440
 4453
 4469
 4515
 4527
 4721
 4745
 4760
 4768
 4878
 4902
 5000
 5003
 5009
 5011
 5012
 5020
 5027
 5028
 5030
 5035
 5042
 5045
 5055
 5059
 5063
 5065
 5072
 5080
 5085
 5088
 5096
 5099
 5104
 5109
 5110
 5122
 5132
 5133
 5148
 5169
 5171
 5196
 5216
 5223
 5226
 5238
 5250
 5306
 5369
 5389
 5404
 5416
 5430
 5436
 5439
 5446
 5470
 5472
 5483
 5523
 5538
 5558
 5560
 5586
 5610
 5701
 5748
 5773
 5813
 5847
 5912
 5918
 6000
 6005
 6008
 6009
 6024
 6025
 6035
 6037
 6038
 6039
 6048
 6049
 6054
 6055
 6059
 6067
 6069
 6078
 6080
 6096
 6098
 6099
 6105
 6112
 6123
 6152
 6155
 6175
 6192
 6220
 6226
 6242
 6253
 6261
 6428
 6445
 6464
 6478
 6482
 6561
 6568
 6685
 6693
 6736
 6752
 6888
 6890
 7000
 7003
 7004
 7010
 7013
 7016
 7018
 7036
 7038
 7041
 7109
 7119
 7132
 7141
 7143
 7169
 7408
 7660
 7678
 7730
 7755
 7757
 7771
 7772
 7774
 7784
 7787
 7799
 7802
 7805
 7898
 7931
 7950
 8000
 8007
 8008
 8012
 8016
 8033
 8037
 8050
 8053
 8066
 8068
 8090
 8123
 8128
 8141
 8158
 8160
 8170
 8179
 8193
 8226
 8230
 8244
 8245
 8249
 8258
 8338
 8366
 8388
 8430
 8496
 8545
 8593
 8607
 8818
 8885
 9000
 9005
 9016
 9028
 9033
 9061
 9113
 9131
 9134
 9135
 9136
 9141
 9152
 9153
 9162
 9171
 9181
 9199
 9232
 9274
 9302
 9306
 9431
 9484
 9560
 9566
 9567
 9581
 9592
 9635
 9782
 9807
 9822
 9843
 10000
 10001
 10012
 10015
 10025
 10036
 10038
 10050
 10078
 10114
 10132
 10145
 10171
 10174
 10184
 10191
 10229
 10236
 10252
 10273
 10287
 10301
 10471
 10490
 10742
 10910
 10963
 11000
 11014
 11019
 11021
 11024
 11029
 11031
 11034
 11035
 11041
 11043
 11046
 11053
 11062
 11068
 11083
 11084
 11086
 11101
 11117
 11184
 11275
 11289
 11373
 11392
 11442
 11670
 11954
 12000
 13000
 14000
 15000
 16000
 17000
 18000
 19000
 20000
 21000
 22000
 23000
 24000
 25000
 26000
 27000
 28000
 29000
 30000
 31000
 32000
 33000
 34000
 35000
 36000
 37000
 38000
 39000
 40000
 41000
 42000
 43000
 44000
 45000
 46000
 47000
 48000
 49000
 50000
 51000
 52000
 53000
 54000
 55000
 56000
 57000
 58000
 59000
 60000
 61000
 62000
 63000
 64000
 65000
 66000
 67000
 68000
 69000
 70000
 71000
 72000
 73000
 74000
 75000
 76000
 77000
 78000
 79000
 80000
 81000
 82000
 83000
 84000
 85000
 86000
 87000
 88000
 89000
 90000
 91000
 92000
 93000
 94000
 95000
 96000
 97000
 98000
 99000
 100000
 101000
 102000
 103000
 104000
 105000
 106000
 107000
 108000
 109000
 110000
 111000
 112000
 113000
 114000
 115000
 116000
 117000
 118000
 119000
 120000
 121000
 122000
 123000
 124000
 125000
 126000
 127000
 128000
 129000
 130000
 131000
 132000
 133000
 134000
 135000
 136000
 137000
 138000
 139000
 140000
 141000
 142000
 143000
 144000
 145000
 146000
 147000
 148000
 149000
 150000
 151000
 152000
 153000
 154000
 155000
 156000
 157000
 158000
 159000
 160000
 161000
 162000
 163000
 164000
 165000
 166000
 167000
 168000
 169000
 170000
 171000
 172000
 173000
 174000
 175000
 176000
 177000
 178000
 179000
 180000
 181000
 182000
 183000
 184000
 185000
 186000
 187000
 188000
 189000
 190000
 191000
 192000
 193000
 194000
 195000
 196000
 197000
 198000
 199000
 200000


# name: optim_start
# type: scalar
925


# name: optim_steps
# type: matrix
# rows: 1
# columns: 201
 26 43 90 150 184 231 293 340 373 409 443 470 498 499 500 501 502 503 504 505 506 507 508 509 510 511 512 513 514 515 516 517 518 519 520 521 522 523 524 525 526 527 528 529 530 531 532 533 534 535 536 537 538 539 540 541 542 543 544 545 546 547 548 549 550 551 552 553 554 555 556 557 558 559 560 561 562 563 564 565 566 567 568 569 570 571 572 573 574 575 576 577 578 579 580 581 582 583 584 585 586 587 588 589 590 591 592 593 594 595 596 597 598 599 600 601 602 603 604 605 606 607 608 609 610 611 612 613 614 615 616 617 618 619 620 621 622 623 624 625 626 627 628 629 630 631 632 633 634 635 636 637 638 639 640 641 642 643 644 645 646 647 648 649 650 651 652 653 654 655 656 657 658 659 660 661 662 663 664 665 666 667 668 669 670 671 672 673 674 675 676 677 678 679 680 681 682 683 684 685 686


# name: VPVP_params
# type: scalar struct
# ndims: 2
 1 1
# length: 8
# name: lambda
# type: scalar
300000000


# name: downsample
# type: scalar
10


# name: MaxIter_X
# type: scalar
200


# name: MaxIter
# type: scalar
50


# name: optTol_X
# type: scalar
1e-06


# name: progTol_X
# type: scalar
1e-10


# name: optTol_aW
# type: scalar
0.0001


# name: progTol_aW
# type: scalar
1e-07




