# Created by Octave 3.8.1, Sun Jan 07 19:07:50 2018 ART <gabrevaya@ws16.labo2>
# name: y_start
# type: matrix
# rows: 10
# columns: 1
 -0.07345795992986441
 0.102746096011126
 2.2269830110935
 -0.2765180048331694
 -0.1075106731826915
 1.06370857429308
 -1.767160041244928
 0.4473442785168657
 -0.2911401224267421
 1.216237435446738


# name: alphas
# type: cell
# rows: 1
# columns: 3
# name: <cell-element>
# type: matrix
# rows: 10
# columns: 1
 -0.2654127211107561
 0.6700419325365993
 0.8162908459998464
 0.06718188148543938
 0.1744114109611805
 0.9031055780987894
 0.7281560493533566
 0.8134342227544435
 0.7326460706403191
 1.013579220395115



# name: <cell-element>
# type: matrix
# rows: 10
# columns: 1
 0.5997338935558213
 1.042493760003828
 0.5769768143856699
 0.5679225221842544
 0.8892665102533021
 0.6301400533544711
 0.7733372187075143
 0.4592739957031582
 1.262499463618512
 0.633703921238673



# name: <cell-element>
# type: matrix
# rows: 10
# columns: 1
 11.45252447046927
 10.7182111794265
 11.37492510249896
 11.38643877653953
 11.06027777291108
 11.11243720055601
 11.22777740352808
 11.78544584150556
 10.79402617504004
 11.12930177388342





# name: W
# type: matrix
# rows: 10
# columns: 10
 0.02437579558868522 -0.1603053074316284 -0.01584854322928297 -0.0350803578682923 0.2083632725067989 -0.00238539880791039 0.06475881021758206 -0.4272746555789608 -0.9129956666829382 0.3050999924291942
 0.08221223991608677 0.04335647002713958 -0.06710709172086804 0.03050496941560055 -0.04874548907590825 0.1184353463731345 0.2058234139031998 -0.196629829625921 0.2718357083235493 -0.04137974591758181
 -0.1146829558527558 0.02257744934245884 -0.1086375218482054 0.2337666725966773 0.2652474511956555 -0.1996224565835492 0.03793915490121875 0.5535204509913517 0.2500651455722824 -0.2978328658658766
 -0.3649777868741961 -0.124161863576409 0.4285988352363529 0.256016199391596 0.1415119792753032 -0.07840771933936111 -0.1295495994567697 -0.08014266214482207 -0.04313009112619493 -0.1703424191654034
 0.1401884015256692 -0.2442213071271246 0.1018784326938046 0.1534754947230258 0.3138045255762387 0.201511446909274 0.07297210803628437 -0.3873321666736455 -0.4910790702815414 -0.1531171541541887
 -0.141769787932724 -0.1001984717356027 0.0348158172732549 0.02939534380049455 -0.02748065658291686 -0.2061420849964093 0.006937569104759804 0.09624240019129648 -0.1691607046885618 0.1273836939538013
 -0.09772918192598043 -0.02649680551664102 0.2443918425087692 -0.03199357979671617 -0.01069920312498398 0.07093939252650175 -0.1391786982196676 -0.2325027250280242 -0.1816639261251461 0.1194042692865508
 0.002160860090480323 -0.1868394654733841 -0.2250750123978647 0.1549772510116608 -0.3170462280866337 -0.2515736148686811 0.09680035683053138 -0.3139399135535123 -0.2178748199657974 0.09480403759298445
 0.1003547721116121 -0.03984278930896885 -0.09460357411652197 -0.09362091247218284 -0.05460779562229225 0.008193559780737577 0.3008780295604036 -0.2822328107572631 -0.2463499514641823 0.4376199017737297
 0.163952331204844 -0.07706117427326595 -0.2723912970047695 0.1095779542449336 -0.09758295685786675 0.1361914696178728 0.4450986547173402 0.2595255754057573 0.183627841474386 -0.8416631194848226


# name: iter
# type: scalar
200000


# name: c
# type: matrix
# rows: 1
# columns: 10
 NaN NaN NaN NaN NaN NaN NaN NaN NaN NaN


# name: mean_corr
# type: matrix
# rows: 302
# columns: 1
 -0.0144391487991742
 -0.01397580285137791
 0.002312842521337017
 0.08267605857605884
 0.0493194273155027
 0.07342659903179485
 0.08101797954272126
 0.08957224737808203
 0.1295635241606822
 0.1485663140305766
 0.1723542249857416
 0.2215551203835712
 0.2306141624852089
 0.2339349604378112
 0.2569202214065206
 0.2995432430332844
 0.3112311436385617
 0.3140779661947331
 0.3333603854953684
 0.3467393332386658
 0.347572990158676
 0.347621967931666
 0.4759529129378137
 0.4687600672841262
 0.4670964045624449
 0.4677279840301847
 0.4691560336944652
 0.450942778335892
 0.4525647997266004
 0.4392532854490938
 0.4029508252774349
 0.4042717500941418
 0.4051837056374984
 0.3925509856210915
 0.3868840227078458
 0.3854715430128389
 0.3861767503987887
 0.3805551803694663
 0.3733953841387451
 0.3538797484966361
 0.3513866648686911
 0.352091142517337
 0.4991867246832559
 0.4957482801961925
 0.4871878243355358
 0.4804385868183855
 0.481106481772153
 0.4591976117249662
 0.459743086123497
 0.4471152288109017
 0.438668285073448
 0.4264063255229953
 0.4224219764535757
 0.4249809659986968
 0.4261283494438012
 0.3910101756861165
 0.3957961624229594
 0.3961250591489654
 0.3993693003821354
 0.4010841510230304
 0.4099618770787375
 0.4102460600200932
 0.4061872623962765
 0.405138732513448
 0.3977625699664
 0.4052726829868821
 0.4014376489283455
 0.4000834326251977
 0.3798808917870384
 0.3924956689651312
 0.3945769846876693
 0.4017552031291768
 0.4000054126183124
 0.4049541003899886
 0.4065877949769319
 0.4133711742306884
 0.4102519183153494
 0.4094425726930828
 0.4100960370575796
 0.4155960568351679
 0.4137352592673559
 0.4087349097762153
 0.412567950785191
 0.415089836590753
 0.4221832189900169
 0.4293170964480009
 0.414820267623015
 0.4111473694239354
 0.5092144372787654
 0.5046194695495723
 0.4996445167744841
 0.4767770379175092
 0.4797141056748154
 0.477684285779722
 0.4760663093975479
 0.4792261959984088
 0.4793031013117181
 0.4726001798133292
 0.4608405784652326
 0.4497032555984825
 0.4513485379531444
 0.444672398082976
 0.4397179801811664
 0.4402820948739752
 NaN
 NaN
 NaN
 NaN
 NaN
 NaN
 NaN
 NaN
 NaN
 NaN
 NaN
 NaN
 NaN
 NaN
 NaN
 NaN
 NaN
 NaN
 NaN
 NaN
 NaN
 NaN
 NaN
 NaN
 NaN
 NaN
 NaN
 NaN
 NaN
 NaN
 NaN
 NaN
 NaN
 NaN
 NaN
 NaN
 NaN
 NaN
 NaN
 NaN
 NaN
 NaN
 NaN
 NaN
 NaN
 NaN
 NaN
 NaN
 NaN
 NaN
 NaN
 NaN
 NaN
 NaN
 NaN
 NaN
 NaN
 NaN
 NaN
 NaN
 NaN
 NaN
 NaN
 NaN
 NaN
 NaN
 NaN
 NaN
 NaN
 NaN
 NaN
 NaN
 NaN
 NaN
 NaN
 NaN
 NaN
 NaN
 NaN
 NaN
 NaN
 NaN
 NaN
 NaN
 NaN
 NaN
 NaN
 NaN
 NaN
 NaN
 NaN
 NaN
 NaN
 NaN
 NaN
 NaN
 NaN
 NaN
 NaN
 NaN
 NaN
 NaN
 NaN
 NaN
 NaN
 NaN
 NaN
 NaN
 NaN
 NaN
 NaN
 NaN
 NaN
 NaN
 NaN
 NaN
 NaN
 NaN
 NaN
 NaN
 NaN
 NaN
 NaN
 NaN
 NaN
 NaN
 NaN
 NaN
 NaN
 NaN
 NaN
 NaN
 NaN
 NaN
 NaN
 NaN
 NaN
 NaN
 NaN
 NaN
 NaN
 NaN
 NaN
 NaN
 NaN
 NaN
 NaN
 NaN
 NaN
 NaN
 NaN
 NaN
 NaN
 NaN
 NaN
 NaN
 NaN
 NaN
 NaN
 NaN
 NaN
 NaN
 NaN
 NaN
 NaN
 NaN
 NaN
 NaN
 NaN
 NaN
 NaN
 NaN
 NaN
 NaN
 NaN
 NaN
 NaN
 NaN
 NaN
 NaN
 NaN
 NaN
 NaN
 NaN
 NaN
 NaN
 NaN
 NaN
 NaN
 NaN
 NaN
 NaN
 NaN
 NaN
 NaN
 NaN
 NaN
 NaN


# name: mean_error
# type: matrix
# rows: 302
# columns: 1
 1.493638787169703
 1.493106251389066
 1.48463280217476
 1.411153824494344
 1.41154143315111
 1.39975306456688
 1.396776785935653
 1.39755283034697
 1.36989630743681
 1.360239475996894
 1.353098245244239
 1.329214635768676
 1.322767049472823
 1.323186797625013
 1.316231237930109
 1.30176497167294
 1.283952803598798
 1.276354627769811
 1.269426814149635
 1.265569064783838
 1.263601671044518
 1.26159141930574
 1.230771666984719
 1.22531054293814
 1.224676715105227
 1.224212071294527
 1.225880441748256
 1.228645905763361
 1.226924144748325
 1.242484355434817
 1.24819800124318
 1.243452361878102
 1.245120056115996
 1.249059680603448
 1.246717558888072
 1.246010832497125
 1.2456389309081
 1.250976997484394
 1.266278546962547
 1.254916081291073
 1.254995975966796
 1.257165625014254
 1.210322082915006
 1.207876570584804
 1.215355605761029
 1.213329187312045
 1.216244082344076
 1.218916006835032
 1.219462627305144
 1.232030984192318
 1.22600494440547
 1.231841597060769
 1.233660218921502
 1.225493255330676
 1.232224172915576
 1.237595846958742
 1.236127562188202
 1.241966987031518
 1.241594940924856
 1.242219144478656
 1.236217652867474
 1.247096448201693
 1.250420004764492
 1.244943744904859
 1.237148362046616
 1.236601913271451
 1.239917071009009
 1.241989833870774
 1.247371617565073
 1.241308956775717
 1.242527441189708
 1.239710338904101
 1.242681131057424
 1.247614079030211
 1.24391104085023
 1.241841945951703
 1.242049910299481
 1.24644443304729
 1.246798370996115
 1.245400978493751
 1.24649322544662
 1.235012077054542
 1.236270526973817
 1.239199857550132
 1.237418617819542
 1.238056103302661
 1.233603390988456
 1.233258190458231
 1.200365561926328
 1.214758302534366
 1.212291492354735
 1.220075977493532
 1.219227023757407
 1.220630516561197
 1.229614067745078
 1.228370708600042
 1.228309819251785
 1.228278965563194
 1.231499445054983
 1.236015825697895
 1.232571135490377
 1.233115688842781
 1.233576604581092
 1.233183822314801
 NaN
 NaN
 NaN
 NaN
 NaN
 NaN
 NaN
 NaN
 NaN
 NaN
 NaN
 NaN
 NaN
 NaN
 NaN
 NaN
 NaN
 NaN
 NaN
 NaN
 NaN
 NaN
 NaN
 NaN
 NaN
 NaN
 NaN
 NaN
 NaN
 NaN
 NaN
 NaN
 NaN
 NaN
 NaN
 NaN
 NaN
 NaN
 NaN
 NaN
 NaN
 NaN
 NaN
 NaN
 NaN
 NaN
 NaN
 NaN
 NaN
 NaN
 NaN
 NaN
 NaN
 NaN
 NaN
 NaN
 NaN
 NaN
 NaN
 NaN
 NaN
 NaN
 NaN
 NaN
 NaN
 NaN
 NaN
 NaN
 NaN
 NaN
 NaN
 NaN
 NaN
 NaN
 NaN
 NaN
 NaN
 NaN
 NaN
 NaN
 NaN
 NaN
 NaN
 NaN
 NaN
 NaN
 NaN
 NaN
 NaN
 NaN
 NaN
 NaN
 NaN
 NaN
 NaN
 NaN
 NaN
 NaN
 NaN
 NaN
 NaN
 NaN
 NaN
 NaN
 NaN
 NaN
 NaN
 NaN
 NaN
 NaN
 NaN
 NaN
 NaN
 NaN
 NaN
 NaN
 NaN
 NaN
 NaN
 NaN
 NaN
 NaN
 NaN
 NaN
 NaN
 NaN
 NaN
 NaN
 NaN
 NaN
 NaN
 NaN
 NaN
 NaN
 NaN
 NaN
 NaN
 NaN
 NaN
 NaN
 NaN
 NaN
 NaN
 NaN
 NaN
 NaN
 NaN
 NaN
 NaN
 NaN
 NaN
 NaN
 NaN
 NaN
 NaN
 NaN
 NaN
 NaN
 NaN
 NaN
 NaN
 NaN
 NaN
 NaN
 NaN
 NaN
 NaN
 NaN
 NaN
 NaN
 NaN
 NaN
 NaN
 NaN
 NaN
 NaN
 NaN
 NaN
 NaN
 NaN
 NaN
 NaN
 NaN
 NaN
 NaN
 NaN
 NaN
 NaN
 NaN
 NaN
 NaN
 NaN
 NaN
 NaN
 NaN
 NaN
 NaN
 NaN


# name: iter_improve
# type: matrix
# rows: 302
# columns: 1
 1
 8
 20
 31
 62
 81
 112
 115
 124
 142
 153
 154
 209
 232
 251
 253
 263
 321
 397
 414
 420
 676
 722
 725
 731
 735
 736
 739
 749
 754
 762
 763
 765
 781
 807
 820
 827
 850
 856
 858
 885
 935
 1000
 1001
 1002
 1004
 1016
 1022
 1035
 1044
 1045
 1066
 1073
 1074
 1088
 1093
 1094
 1100
 1105
 1108
 1112
 1113
 1167
 1175
 1202
 1215
 1216
 1311
 1384
 1387
 1404
 1441
 1504
 1511
 1567
 1580
 1605
 1644
 1655
 1656
 1665
 1698
 1797
 1802
 1825
 1855
 1858
 1919
 2000
 2002
 2007
 2010
 2036
 2040
 2042
 2051
 2055
 2061
 2083
 2123
 2155
 2195
 2323
 2473
 3000
 4000
 5000
 6000
 7000
 8000
 9000
 10000
 11000
 12000
 13000
 14000
 15000
 16000
 17000
 18000
 19000
 20000
 21000
 22000
 23000
 24000
 25000
 26000
 27000
 28000
 29000
 30000
 31000
 32000
 33000
 34000
 35000
 36000
 37000
 38000
 39000
 40000
 41000
 42000
 43000
 44000
 45000
 46000
 47000
 48000
 49000
 50000
 51000
 52000
 53000
 54000
 55000
 56000
 57000
 58000
 59000
 60000
 61000
 62000
 63000
 64000
 65000
 66000
 67000
 68000
 69000
 70000
 71000
 72000
 73000
 74000
 75000
 76000
 77000
 78000
 79000
 80000
 81000
 82000
 83000
 84000
 85000
 86000
 87000
 88000
 89000
 90000
 91000
 92000
 93000
 94000
 95000
 96000
 97000
 98000
 99000
 100000
 101000
 102000
 103000
 104000
 105000
 106000
 107000
 108000
 109000
 110000
 111000
 112000
 113000
 114000
 115000
 116000
 117000
 118000
 119000
 120000
 121000
 122000
 123000
 124000
 125000
 126000
 127000
 128000
 129000
 130000
 131000
 132000
 133000
 134000
 135000
 136000
 137000
 138000
 139000
 140000
 141000
 142000
 143000
 144000
 145000
 146000
 147000
 148000
 149000
 150000
 151000
 152000
 153000
 154000
 155000
 156000
 157000
 158000
 159000
 160000
 161000
 162000
 163000
 164000
 165000
 166000
 167000
 168000
 169000
 170000
 171000
 172000
 173000
 174000
 175000
 176000
 177000
 178000
 179000
 180000
 181000
 182000
 183000
 184000
 185000
 186000
 187000
 188000
 189000
 190000
 191000
 192000
 193000
 194000
 195000
 196000
 197000
 198000
 199000
 200000


# name: optim_start
# type: scalar
722


# name: optim_steps
# type: matrix
# rows: 1
# columns: 201
 23 43 89 105 106 107 108 109 110 111 112 113 114 115 116 117 118 119 120 121 122 123 124 125 126 127 128 129 130 131 132 133 134 135 136 137 138 139 140 141 142 143 144 145 146 147 148 149 150 151 152 153 154 155 156 157 158 159 160 161 162 163 164 165 166 167 168 169 170 171 172 173 174 175 176 177 178 179 180 181 182 183 184 185 186 187 188 189 190 191 192 193 194 195 196 197 198 199 200 201 202 203 204 205 206 207 208 209 210 211 212 213 214 215 216 217 218 219 220 221 222 223 224 225 226 227 228 229 230 231 232 233 234 235 236 237 238 239 240 241 242 243 244 245 246 247 248 249 250 251 252 253 254 255 256 257 258 259 260 261 262 263 264 265 266 267 268 269 270 271 272 273 274 275 276 277 278 279 280 281 282 283 284 285 286 287 288 289 290 291 292 293 294 295 296 297 298 299 300 301 302


# name: VPVP_params
# type: scalar struct
# ndims: 2
 1 1
# length: 8
# name: lambda
# type: scalar
300000000


# name: downsample
# type: scalar
10


# name: MaxIter_X
# type: scalar
200


# name: MaxIter
# type: scalar
50


# name: optTol_X
# type: scalar
1e-06


# name: progTol_X
# type: scalar
1e-10


# name: optTol_aW
# type: scalar
0.0001


# name: progTol_aW
# type: scalar
1e-07




