# Created by Octave 3.8.1, Mon Jan 08 10:17:47 2018 ART <gabrevaya@ws9.labo2>
# name: y_start
# type: matrix
# rows: 10
# columns: 1
 -2.790951552451991e-06
 1.884487667338481e-05
 -4.538282619801443e-07
 -9.131455735420886e-07
 -4.168237383238876e-06
 6.156256115274898e-06
 -4.624140031056343e-06
 -3.199115833706825e-06
 4.127259658992311e-06
 -9.297564886771921e-07


# name: alphas
# type: cell
# rows: 1
# columns: 3
# name: <cell-element>
# type: matrix
# rows: 10
# columns: 1
 -0.1632457201252272
 1.212297983435772
 0.3569490712476667
 0.6319627137293813
 0.3278166636535799
 1.059338591492822
 0.4981393105421402
 0.63812401421849
 0.02441053977919369
 0.8330868045895811



# name: <cell-element>
# type: matrix
# rows: 10
# columns: 1
 1.006990472915913
 0.9801119567133318
 0.6375067059460265
 0.3195154193019158
 1.157850549357876
 0.5611256312168826
 0.9503539192921021
 0.4207679435652738
 1.024444069703809
 0.3080545941008497



# name: <cell-element>
# type: matrix
# rows: 10
# columns: 1
 10.90132684297888
 12.34241966836225
 10.83868971053256
 11.20436001495374
 11.92311645194778
 12.33374208784624
 11.33794379386716
 11.43573356149808
 10.90604120994836
 10.12097066269173





# name: W
# type: matrix
# rows: 10
# columns: 10
 0.3527509679110272 -1.043240572692365 0.008866393433311512 -0.1400214121672998 -0.000755233829980125 0.6258781087720016 -0.9366477344245695 -1.125778362160897 -1.941244596034492 0.9160307172463569
 0.1008334996676627 -0.2619396596114105 -0.596802393204299 0.5931999780997292 -0.5322434726656662 0.6271964290388744 0.07643002096658839 -0.3660975864730548 0.3148217971638204 -0.5713816667874021
 -0.8053218649383864 -0.2816083836155634 -0.4972628902976428 0.1102929709970522 -0.1578237407268441 -0.3619857953434465 0.1756199149396096 0.1983020339339008 0.6744586319180247 -0.961167451888833
 -1.107847020543383 -0.7895128699816115 0.6077853482066365 0.07950684656932772 0.1034098409244935 0.2499219733754592 -0.711114723977545 -0.5118480442101727 -0.1298673270314103 -1.027348217048219
 0.1072987699807022 -0.5429477181300401 -0.594364619411368 0.2509971416959918 0.2840517682071402 0.6490637000069863 0.3658394085059094 -0.5196976582698284 -0.422727612267336 -0.3552059165450776
 -0.2705409543993661 -0.5481025083332124 0.2953687649101065 -0.3609718116369482 0.378253290350099 -0.2868187001544328 -0.3570240485568431 -0.1523212993089408 -0.1903307657013877 0.1184595500884845
 0.348936607633592 -0.4797642579879515 -0.19467303801374 -0.1554720606736572 -0.1678989008977495 -0.06482073802316626 -0.20621340080875 0.1559134755570984 -0.6933716776643662 0.7983901675370013
 -0.2889524835401352 -0.816740863365782 -0.2419689620253463 0.05137174010883597 0.0004120917022097296 -0.1869867935018675 -0.4800452277351598 -0.5545506530294713 -0.4626801721264808 -0.04546467077023286
 0.2869649252076665 -0.6779401474158732 -0.2090173050928252 -0.03094177180437073 0.2010606205556093 0.06441512608443317 -0.2455963706423825 -0.5311242229265406 -0.3522048081008964 0.295261539969102
 -0.01659884947046733 -0.134103688954572 -0.882046699505837 0.5239586900400441 -0.3388798419078227 -0.0053943023250233 0.6235697936796334 0.8043467982143184 0.8464981426333642 -0.5886793342985964


# name: iter
# type: scalar
200000


# name: c
# type: matrix
# rows: 1
# columns: 10
 0.612625827136509 0.485680288951082 0.2448269645164694 0.5570453962513541 0.7517719755246045 0.4848659802516316 0.3736385982165318 0.6221623617387481 0.3776982687508335 0.4327653373781877


# name: mean_corr
# type: matrix
# rows: 698
# columns: 1
 -0.1398566327125591
 -0.1072554125639902
 -0.06332089310438234
 -0.0587488667501123
 -0.05615654024564894
 -0.0312409733417176
 -0.002459343666467187
 0.002502046249922174
 0.02030655793418278
 0.03902026959897008
 0.04333418421368712
 0.05655903148258591
 0.05671033766315159
 0.0571578242853783
 0.05784705812117055
 0.05747904545782808
 0.05799645063315841
 0.05870907250027604
 0.4583571969757842
 0.4577288347760626
 0.4427105286766986
 0.4485933178152121
 0.4193198572997468
 0.4018238070993306
 0.3965776251975628
 0.4058154597320086
 0.400920608562257
 0.4012213028163128
 0.4004570246375366
 0.4009121772160585
 0.4147603279004272
 0.4003795963730946
 0.4050406602155051
 0.4144777407077228
 0.4090058673371397
 0.476227282845804
 0.4293697674371025
 0.4366953033384827
 0.4488187656525474
 0.4489549330104185
 0.456323346028523
 0.4554814288869573
 0.4625645736988567
 0.4613754486614886
 0.4653489714728041
 0.4665846756167811
 0.4706670754019719
 0.4549589869654403
 0.451804433547991
 0.4348633906876588
 0.4224711256351624
 0.4141427576362653
 0.4173411889639242
 0.4219592858893087
 0.4225160247505119
 0.416734210596431
 0.4142228543165714
 0.4156140943241283
 0.4179152710888611
 0.4304436677192015
 0.4320412418708541
 0.4410018680469386
 0.440990850888471
 0.4395758369597236
 0.4374633851299539
 0.4341645926499774
 0.434753038952714
 0.4410507561235406
 0.4203622776768293
 0.4204024803602661
 0.4256992231049179
 0.4259637828230344
 0.4285504007228004
 0.4160341924474743
 0.4168370727597508
 0.4262685833492929
 0.4211482004573431
 0.4227510220858556
 0.4164009982685636
 0.4184848678726084
 0.4886673853163154
 0.4797845238694
 0.4811383767078413
 0.4750000593911125
 0.4758853076531051
 0.4398791369252265
 0.4379456945228685
 0.4482194642830531
 0.445558850932885
 0.4510123461031753
 0.4485877430867915
 0.4484944460844263
 0.4489180390447386
 0.4519870524955557
 0.4554735888606753
 0.4606407971448305
 0.4599197598865118
 0.466467084947484
 0.4671506490309844
 0.4660172008926735
 0.4403646323758349
 0.4520974261651533
 0.4449633766828552
 0.4380882164072079
 0.4437186178181085
 0.457647859952397
 0.4477653827121041
 0.4487342822467205
 0.4965142742076266
 0.4954711197823943
 0.493170637519461
 0.4939250242554915
 0.4938449001968426
 0.4925660813736339
 0.491196045313359
 0.4935076515866885
 0.4928977296942009
 0.4939562156770522
 0.4949834362568605
 0.4960825185939416
 0.4948678556956809
 0.4956854746235184
 0.4956492845444259
 0.4928383206325729
 0.4902012481549453
 0.4883738365947516
 0.488874520336357
 0.487549508273788
 0.4875109109628162
 0.4882616832619089
 0.488630099902589
 0.489501769020224
 0.487114138855381
 0.4857933385683825
 0.4843511361743307
 0.4857290338902529
 0.5046031039407244
 0.504774211328161
 0.497916039781177
 0.4704776052727817
 0.4721788425040812
 0.4752434169138339
 0.4749426484066639
 0.485411024341852
 0.4977180201885826
 0.4993807159230739
 0.5002527548534417
 0.499250368082845
 0.495333016245468
 0.4957540134202105
 0.4954850389872442
 0.4923478869400909
 0.4896153292108246
 0.4909043643556845
 0.4856393505369582
 0.4862175898204329
 0.486345854741955
 0.4874616446296528
 0.4874506796084297
 0.4835076221483442
 0.4844986250059159
 0.4813530560014076
 0.4800503818984582
 0.4788866046188008
 0.4806469941160778
 0.4806871815277701
 0.4819715856357959
 0.47981028072535
 0.4818539034537124
 0.4821936890305903
 0.4804621723444368
 0.4813088757180417
 0.4803625547894202
 0.4749226279407432
 0.4736867048879577
 0.5089371611368965
 0.5089764770423273
 0.5037278225841877
 0.4849454770174751
 0.4986478660295259
 0.4939950009363961
 0.4914650696120469
 0.4937383732899979
 0.4935173655963374
 0.4933343731589789
 0.4916263927338349
 0.4916463935737133
 0.491298662869788
 0.4944661717265597
 0.4943496112212252
 0.4923246260863209
 0.4927566093317651
 0.4863819872976046
 0.4842687022444855
 0.4886444417365695
 0.4881437902669462
 0.4895792312063892
 0.4867370786583748
 0.4874350423811086
 0.4885867476921565
 0.5099275214478161
 0.5039728218773032
 0.4971983984770068
 0.5034289318133456
 0.5017766740369795
 0.5022049612436887
 0.5021145510580436
 0.4923288747719329
 0.4938105476011786
 0.4978959642215761
 0.4791349483579208
 0.4946202681688896
 0.492986080707636
 0.4941169738842669
 0.4956524227671298
 0.4945002012984236
 0.4961387996044312
 0.4959457465284435
 0.497095022292733
 0.497168454573239
 0.4964211978216986
 0.4901148228260908
 0.4929545791145965
 0.4969442092365194
 0.4988529404867612
 0.5012976792414192
 0.4958940760493896
 0.4960140914773515
 0.4961145702529605
 0.5184065987073948
 0.5127547320992829
 0.5107531057225112
 0.5113548314945505
 0.499157488057883
 0.4991624180567039
 0.4982168575135491
 0.5046780085840382
 0.5043556317690866
 0.5056019676221702
 0.5053567134737343
 0.5049689611767655
 0.5082253111147754
 0.5080259465079041
 0.5102140614116826
 0.5106975660510596
 0.5065905182471724
 0.5094348117673422
 0.5092335735036956
 0.5087371046237107
 0.5085255836859919
 0.5102912351768829
 0.5053219433415028
 0.5076871213162277
 0.5081499838329648
 0.5058559519279096
 0.5046441727781806
 0.5042611502196446
 0.5038605985705458
 0.5229260255750121
 0.5074329213494588
 0.5174375311509837
 0.5141724451633914
 0.5149340570871798
 0.5111498531552845
 0.5090204588425837
 0.5065289119549699
 0.5070389273079549
 0.508773394771427
 0.5113142596011359
 0.5112313742883682
 0.512729546138203
 0.509790281389626
 0.5101689555243659
 0.5095381473988903
 0.5148347425344049
 0.5149859080944464
 0.5179337480528954
 0.5157874323715154
 0.5193199403495774
 0.5184315912458224
 0.5156999826665645
 0.5140500963727189
 0.5153223071909835
 0.5171126318195304
 0.5110207703661878
 0.5105581583454817
 0.5112345302491309
 0.5151690284291593
 0.5150527337671418
 0.5136908445286472
 0.5120989239134234
 0.531470731375604
 0.5076923331191299
 0.5198889695472231
 0.5170379597794981
 0.5143891569499461
 0.5133181268688529
 0.5174974373963594
 0.5190095843881035
 0.5191517480375365
 0.5190641977542547
 0.5173178691492469
 0.5162747253591391
 0.5165935134498825
 0.5183909308075328
 0.5182475941512188
 0.5158952608529301
 0.513336168185022
 0.5133291726043696
 0.5160872512705688
 0.5168892064530848
 0.514988502340524
 0.514277989492149
 0.5153315115819016
 0.515515887997762
 0.51601034010748
 0.5161032953236422
 0.5152882932574591
 0.5148172137257276
 0.5328532235947192
 0.5210571734466304
 0.4864896210750764
 0.4818547097515817
 0.4820409051328449
 0.4818030910767037
 0.4886379393411546
 0.4533319737857287
 0.4542057723453001
 0.4535872383008407
 0.4486645273095193
 0.4558846335297452
 0.4556812265950887
 0.4557979823817502
 0.4559612542766368
 0.4560083752688097
 0.4516662091352795
 0.4627421798257957
 0.4672483443846261
 0.4672472449261423
 0.4694864433845926
 0.4674005569885923
 0.466541480526795
 0.4657027495116049
 0.4660220356808251
 0.4683646655574957
 0.4686658367689708
 0.4697485708487417
 0.469242564789274
 0.469474341912441
 0.4698877303411034
 0.4702608321959335
 0.4710118782848105
 0.4776907697021799
 0.4772296828664751
 0.4778945895035799
 0.48202246874188
 0.4831953777673758
 0.4832277749969777
 0.4865405531390518
 0.4853915199825208
 0.4870922674817514
 0.4911717937819309
 0.4939228209413814
 0.494930501787793
 0.4963875993059998
 0.4955116678908894
 0.5395016177373863
 0.5245083737320597
 0.5281387544695215
 0.5285779778654557
 0.5288908056801944
 0.5289859339643253
 0.5273262963799766
 0.528275178464223
 0.5294484454249494
 0.5208372681238493
 0.5277637241002152
 0.532771480970066
 0.5330063024349962
 0.5332985118232789
 0.5333528892689161
 0.5329112137351614
 0.5368638003399409
 0.5364362391968676
 0.53685602271344
 0.5371944876544175
 0.537406845511055
 0.537430876871726
 0.5375235784986467
 0.5378152872822988
 0.5382267415241994
 0.5372197372160936
 0.5494470000271792
 0.5488254924746265
 0.54700323749848
 0.5462372100873673
 0.536570982319024
 0.5365695000902538
 0.5394020188277031
 0.5378105544795193
 0.5339503702179393
 0.5331168929683766
 0.5312679869281544
 0.5319467373247942
 0.5291759000407097
 0.5402714407971253
 0.5396008604865898
 0.5398981539978946
 0.5404021057956181
 0.5407573804908801
 0.5410856836675209
 0.5417949638629965
 0.5411460453826403
 0.5414111105913395
 0.5521851835517859
 0.549387431207927
 0.535042551870068
 0.5355161990913462
 0.5357943423542839
 0.5349610566414721
 0.5416402583850377
 0.5412700745161185
 0.5407640278185617
 0.5396016695036611
 0.5403936209761701
 0.5397665414301283
 0.5401240358630396
 0.539474448567673
 0.5410355652868217
 0.5402800033083495
 0.5408366368790867
 0.5421375912409588
 0.5405304808846461
 0.5414862703050154
 0.5380100824406533
 0.5344988786877131
 0.5337164630000948
 0.5334156992342243
 0.5330330128349015
 0.5321705008550646
 0.5559279842310116
 0.5549744753103323
 0.5545127378616211
 0.5544608654832199
 0.5514227508208882
 0.546099356557972
 0.547943661694428
 0.5490083420754786
 0.5455658325299738
 0.5477331692333679
 0.5462257296071766
 0.546343087821983
 0.545257320608892
 0.5442122134938463
 0.5427970179699779
 0.542944556947441
 0.5423712722459417
 0.5388078921807925
 0.5384705740688535
 0.5395180096799967
 0.5425977436628193
 0.5418530894880801
 0.5336789497447982
 0.5340322873291398
 0.540982298667274
 0.5307749265389025
 0.5357546389014727
 0.5564089082717084
 0.557022123281437
 0.5226404921216524
 0.548287305432157
 0.5459136929348525
 0.5467039360354842
 0.5415003059857801
 0.545074252806374
 0.538656223559022
 0.5394805922024892
 0.538420796205715
 0.539083799443833
 0.5412672523989946
 0.5420549172605208
 0.5407289505731933
 0.5395043507976672
 NaN
 NaN
 NaN
 NaN
 NaN
 NaN
 NaN
 NaN
 NaN
 NaN
 NaN
 NaN
 NaN
 NaN
 NaN
 NaN
 NaN
 NaN
 NaN
 NaN
 NaN
 NaN
 NaN
 NaN
 NaN
 NaN
 NaN
 NaN
 NaN
 NaN
 NaN
 NaN
 NaN
 NaN
 NaN
 NaN
 NaN
 0.4312864025934771
 0.4401169035537847
 0.3994382034326036
 0.4596161982586383
 0.4896350277875299
 0.5077361329415928
 0.5225754054920577
 0.5060540801529322
 0.5297510146158955
 0.5316187125396916
 0.5294482849319559
 0.5355066335410571
 0.5287334323599963
 0.5287479492808919
 0.5445985693718589
 0.5567487208156889
 0.5580484648533697
 0.5639688423861969
 0.583472194947797
 0.5813610920871355
 0.579740656543381
 0.5846557108293564
 0.5900872865168978
 0.5821539897487733
 0.5898508262326188
 0.5779298253325542
 0.5798895267697443
 0.5735308106377625
 0.562337759766711
 0.588552120559807
 0.5816503263738487
 0.5618698480076442
 0.5682090674134159
 0.5726884699945424
 NaN
 NaN
 NaN
 NaN
 NaN
 NaN
 NaN
 NaN
 NaN
 NaN
 NaN
 NaN
 NaN
 NaN
 NaN
 NaN
 NaN
 NaN
 NaN
 NaN
 NaN
 NaN
 NaN
 NaN
 NaN
 NaN
 NaN
 NaN
 NaN
 NaN
 NaN
 NaN
 NaN
 NaN
 NaN
 NaN
 NaN
 NaN
 NaN
 NaN
 NaN
 NaN
 NaN
 NaN
 NaN
 NaN
 NaN
 NaN
 NaN
 NaN
 NaN
 NaN
 NaN
 NaN
 NaN
 NaN
 NaN
 NaN
 NaN
 NaN
 NaN
 NaN
 NaN
 NaN
 NaN
 NaN
 NaN
 NaN
 NaN
 NaN
 NaN
 NaN
 NaN
 NaN
 NaN
 NaN
 NaN
 NaN
 NaN
 NaN
 NaN
 NaN
 NaN
 NaN
 NaN
 NaN
 NaN
 NaN
 NaN
 NaN
 NaN
 NaN
 NaN
 NaN
 NaN
 NaN
 NaN
 NaN
 NaN
 NaN
 NaN
 NaN
 NaN
 NaN
 NaN
 NaN
 NaN
 NaN
 NaN
 NaN
 NaN
 NaN
 NaN
 NaN
 NaN
 NaN
 NaN
 NaN
 NaN
 NaN
 NaN
 NaN
 NaN
 NaN
 NaN
 NaN
 NaN
 NaN
 NaN
 NaN
 NaN
 NaN
 NaN
 NaN
 NaN
 NaN
 NaN
 NaN
 NaN
 NaN
 NaN
 NaN
 NaN
 NaN


# name: mean_error
# type: matrix
# rows: 698
# columns: 1
 1.48713111505161
 1.473573090126654
 1.464584567724703
 1.460469423569208
 1.46072086723178
 1.450508816799664
 1.424971931034565
 1.421832914178948
 1.387737393100896
 1.385952238647377
 1.380900574315324
 1.377240240981158
 1.365084845310114
 1.365857644130682
 1.372163023824602
 1.367417738502924
 1.367988986019947
 1.369203777064766
 1.226971966704174
 1.228159370752626
 1.206325341363203
 1.208691870312881
 1.210273033780763
 1.219227967843846
 1.22127599141299
 1.21668992069983
 1.228749788177311
 1.228947688818875
 1.230164078710245
 1.22768760233274
 1.222669908780304
 1.251411064427442
 1.247439749675176
 1.222854365884862
 1.223212614112116
 1.215161703006916
 1.203541307534753
 1.196742411597427
 1.190773307836435
 1.191093307391229
 1.19256572390273
 1.186125851968999
 1.182254715676618
 1.186751826188997
 1.19063012094597
 1.191136554604075
 1.188225057745668
 1.203509998579674
 1.20396013943264
 1.205203649838169
 1.211232423556312
 1.21974807808938
 1.217202008556948
 1.214224498283005
 1.21317377342763
 1.215735171346745
 1.217408238750741
 1.216206153937273
 1.216322125039464
 1.216818738929788
 1.214645792260578
 1.205777469939796
 1.206187469140964
 1.20665628354113
 1.200506230002053
 1.2000151466324
 1.200413605626455
 1.190277833176869
 1.208327085512614
 1.209154399554861
 1.204630834706477
 1.204022299252183
 1.196590137398178
 1.197505343176708
 1.196896663852038
 1.192930286547141
 1.196516163582824
 1.19392649202016
 1.202420876625168
 1.199880872704993
 1.194898898144177
 1.193183513414388
 1.189446436083878
 1.174469717272776
 1.174045655203511
 1.196237693717691
 1.190883747030186
 1.187128940456887
 1.188603211871207
 1.188383400501446
 1.187556533510418
 1.191348561185839
 1.190979363030523
 1.190214532939122
 1.193474796066708
 1.193287247279977
 1.196008551244921
 1.205771994048644
 1.205096706787371
 1.204028707844533
 1.217888215386182
 1.211842451342147
 1.207071997595743
 1.210596388639316
 1.213757498968478
 1.211983904763638
 1.21676087261951
 1.215020752395625
 1.199220447104728
 1.201178803337614
 1.200377472391591
 1.196381692041578
 1.201737143001955
 1.210169083779767
 1.196807632415113
 1.199329640952118
 1.202245046247526
 1.201516277556893
 1.197844298317835
 1.199394296431895
 1.196690413724966
 1.194629829007017
 1.198371081071758
 1.199068821228495
 1.203991321111732
 1.201223670198604
 1.202222066160188
 1.206056088033219
 1.200244448847422
 1.199558234072545
 1.196628910312314
 1.194304010594987
 1.19267127395397
 1.195186879265151
 1.192025779158857
 1.193706323770414
 1.183432534949235
 1.183506613580664
 1.190002005803311
 1.199472516667268
 1.197857607426081
 1.197310027194154
 1.188712211141394
 1.186809061678999
 1.177666410989042
 1.160627701800877
 1.160271519901365
 1.16703158188252
 1.174134432354756
 1.173781686053238
 1.173752880278709
 1.168809528930183
 1.165281388796988
 1.166848683079509
 1.173327785860703
 1.169519243757887
 1.169097893095948
 1.164545911051299
 1.164676382094082
 1.166906444333143
 1.165720968533515
 1.164810258754743
 1.162201654585244
 1.160711609597369
 1.161834667150549
 1.161198296748464
 1.161782562238118
 1.159068622194882
 1.160527090591756
 1.159913386155126
 1.161677856126978
 1.161366311841628
 1.160395380305033
 1.165415021584936
 1.166033996884468
 1.174368964248798
 1.172413833817179
 1.17243383390522
 1.19389206884569
 1.183938091063552
 1.186933996440416
 1.179655431216126
 1.175525825021386
 1.177879163382402
 1.179723019367394
 1.17930757773374
 1.177088319208491
 1.169315881516838
 1.165809250777758
 1.164710548377634
 1.166552123842137
 1.16421250971333
 1.176156849335886
 1.178829348659598
 1.175579789372341
 1.175017436604047
 1.169280509747125
 1.169352993070962
 1.167200929395351
 1.168263487675035
 1.172624741812566
 1.172242272971823
 1.172493463526073
 1.175489487381668
 1.168326095065478
 1.17052147015102
 1.168633534566299
 1.173139877153779
 1.173635866952903
 1.171512840577261
 1.170456129468991
 1.168102153867951
 1.173311589355811
 1.171833001606304
 1.169271119490283
 1.162894215057508
 1.165161328823719
 1.16507162840958
 1.166960626171879
 1.165810408934643
 1.165667335339549
 1.162987658118746
 1.162886569009123
 1.165171119437769
 1.162408773942388
 1.162152718372007
 1.166742980662433
 1.169932770940694
 1.170648698703765
 1.170702608054799
 1.169595001495976
 1.163899269392463
 1.171613908056421
 1.17694047343424
 1.173544774137207
 1.17434416416146
 1.169621514345821
 1.168797551107753
 1.163415587203831
 1.164652613607111
 1.168177169923934
 1.166118931020296
 1.169612556046679
 1.175648776996408
 1.173180550503695
 1.167272518024763
 1.166336486297288
 1.17014299775115
 1.17142968197008
 1.17291667912713
 1.173710833295013
 1.180334968221668
 1.177609997117165
 1.176170602100188
 1.179899297121791
 1.178529033150659
 1.175986477443738
 1.174797939847672
 1.174413085694005
 1.182018017154644
 1.181049570700546
 1.178150779087273
 1.176876614853024
 1.16831739703112
 1.170305653409843
 1.167644386523154
 1.168508267236595
 1.164882815230798
 1.159526353789435
 1.159375509042078
 1.158057001274766
 1.162826513748537
 1.153536316884312
 1.153841207378451
 1.150825124684453
 1.151277344064961
 1.148430683793261
 1.145003977803415
 1.145820500666354
 1.147372352348752
 1.140920954694644
 1.135133730033775
 1.137105054379764
 1.141820584519499
 1.15093119844882
 1.151082141786421
 1.14486023630614
 1.151168464993818
 1.151132821962183
 1.150566152023662
 1.156218159652008
 1.167142045942911
 1.161433013186098
 1.160573019402609
 1.157937992673356
 1.164745671644675
 1.161644530386437
 1.154680190365899
 1.159927463816956
 1.162799278466107
 1.155364534983453
 1.158541524434088
 1.160527906550263
 1.163751326373634
 1.160697003231573
 1.157178408963608
 1.158465985193624
 1.160275854885956
 1.161469094647044
 1.158791343470816
 1.15272505774161
 1.15510456032303
 1.156139634160426
 1.160249457445706
 1.158349662487532
 1.153445379965253
 1.155221577643155
 1.154829302025533
 1.158639596587666
 1.164289980372782
 1.158484984231356
 1.17347095147202
 1.17343998078996
 1.173356148996024
 1.174146365273363
 1.170526706593902
 1.198335261486951
 1.200455742809216
 1.202425621497709
 1.207002212216966
 1.20158601940832
 1.201006858770316
 1.201626238380237
 1.19406473869742
 1.19031799388574
 1.193379610162762
 1.186323160640536
 1.186366415910197
 1.182669683426839
 1.183847536874274
 1.180148676387185
 1.178070730492502
 1.173826712746388
 1.179537824099435
 1.176118016797843
 1.173987497325593
 1.176563328117057
 1.181100299264174
 1.184212184755427
 1.179165903962001
 1.179465425459492
 1.182492610690852
 1.1881179210832
 1.188819299760527
 1.184723570352689
 1.188795004771119
 1.188724289839476
 1.187925499937269
 1.186430268997981
 1.182934080586117
 1.181318002994977
 1.188393857759592
 1.191329599419281
 1.194978926154274
 1.194443376749828
 1.194510683112987
 1.17849788372058
 1.186142378857685
 1.184517944661573
 1.184213924643896
 1.181976100804971
 1.182293706877606
 1.184483820610133
 1.179454363604884
 1.180029027590121
 1.186276265920435
 1.177835386218293
 1.174535425317862
 1.17504735362675
 1.175316915538185
 1.174951035373353
 1.176985808240609
 1.172313363906707
 1.172571634815087
 1.175817991367974
 1.173712997078483
 1.177137066840795
 1.177242813569551
 1.179386727413294
 1.178305429779121
 1.179701247081892
 1.185378675593836
 1.163856839662145
 1.161682338897221
 1.16776586536246
 1.166115046177157
 1.170552894642127
 1.17100006414507
 1.169242300625628
 1.163425793132091
 1.161284826531933
 1.157581645469653
 1.158283713053051
 1.158616876966302
 1.161437444340889
 1.160650655131814
 1.160638109768018
 1.160501220146673
 1.159284546642448
 1.159284391051563
 1.178155553022136
 1.175924815060788
 1.177037555185903
 1.177140942289835
 1.165353930006395
 1.167067551332558
 1.176793064536767
 1.175932040740396
 1.175951387247783
 1.173968944520452
 1.168222786284123
 1.165082040631212
 1.156829824533239
 1.15531378465108
 1.159340433456364
 1.167651537236182
 1.163487910145399
 1.159296855740036
 1.168214564636977
 1.164852190487444
 1.164018014409554
 1.162517590258976
 1.159283158921086
 1.161488119202297
 1.16158239982157
 1.165382383349451
 1.173036073246738
 1.17407187546303
 1.174713993639788
 1.172593866946329
 1.161800709931745
 1.162039157977764
 1.159557484603087
 1.159472005603363
 1.159975891398673
 1.161664753222468
 1.164966846905561
 1.159706966346744
 1.161766334681485
 1.159623603054745
 1.155912642376557
 1.156279194388495
 1.156933970536291
 1.157830142646757
 1.157244581561335
 1.158070334655918
 1.156821547576744
 1.156193491649926
 1.157767522388025
 1.161132370929129
 1.158137778806122
 1.161669798369097
 1.168058653184143
 1.170207646566171
 1.162424084361113
 1.168106338857273
 1.16695982960336
 1.155227872801359
 1.155157575284219
 1.15004097195453
 1.136868152977042
 1.137611663340479
 1.135666530654265
 1.153981439801593
 1.145612574056879
 1.147637174532302
 1.15410169779232
 1.157023351647831
 1.15719781448213
 1.165040741045848
 1.151743356707849
 1.150402468259984
 1.1569810531292
 NaN
 NaN
 NaN
 NaN
 NaN
 NaN
 NaN
 NaN
 NaN
 NaN
 NaN
 NaN
 NaN
 NaN
 NaN
 NaN
 NaN
 NaN
 NaN
 NaN
 NaN
 NaN
 NaN
 NaN
 NaN
 NaN
 NaN
 NaN
 NaN
 NaN
 NaN
 NaN
 NaN
 NaN
 NaN
 NaN
 NaN
 1.142236060797564
 1.153372727592726
 1.216949392254128
 1.174036600544399
 1.167544634916273
 1.155022430828919
 1.153752442453429
 1.167841148744127
 1.147659989424383
 1.152682656030155
 1.148034014888623
 1.14825384611205
 1.145717748451469
 1.14571204305515
 1.136524425815395
 1.141348244746776
 1.145120002552739
 1.13470909455491
 1.123461379320211
 1.135169492901151
 1.132179646175216
 1.117440943709224
 1.107861129751731
 1.119878769433939
 1.119253656089006
 1.129597414980524
 1.129525530689147
 1.139838480639015
 1.141688643659222
 1.122093764015175
 1.128195576065255
 1.144585817804222
 1.137527248823217
 1.130374230531086
 NaN
 NaN
 NaN
 NaN
 NaN
 NaN
 NaN
 NaN
 NaN
 NaN
 NaN
 NaN
 NaN
 NaN
 NaN
 NaN
 NaN
 NaN
 NaN
 NaN
 NaN
 NaN
 NaN
 NaN
 NaN
 NaN
 NaN
 NaN
 NaN
 NaN
 NaN
 NaN
 NaN
 NaN
 NaN
 NaN
 NaN
 NaN
 NaN
 NaN
 NaN
 NaN
 NaN
 NaN
 NaN
 NaN
 NaN
 NaN
 NaN
 NaN
 NaN
 NaN
 NaN
 NaN
 NaN
 NaN
 NaN
 NaN
 NaN
 NaN
 NaN
 NaN
 NaN
 NaN
 NaN
 NaN
 NaN
 NaN
 NaN
 NaN
 NaN
 NaN
 NaN
 NaN
 NaN
 NaN
 NaN
 NaN
 NaN
 NaN
 NaN
 NaN
 NaN
 NaN
 NaN
 NaN
 NaN
 NaN
 NaN
 NaN
 NaN
 NaN
 NaN
 NaN
 NaN
 NaN
 NaN
 NaN
 NaN
 NaN
 NaN
 NaN
 NaN
 NaN
 NaN
 NaN
 NaN
 NaN
 NaN
 NaN
 NaN
 NaN
 NaN
 NaN
 NaN
 NaN
 NaN
 NaN
 NaN
 NaN
 NaN
 NaN
 NaN
 NaN
 NaN
 NaN
 NaN
 NaN
 NaN
 NaN
 NaN
 NaN
 NaN
 NaN
 NaN
 NaN
 NaN
 NaN
 NaN
 NaN
 NaN
 NaN
 NaN
 NaN


# name: iter_improve
# type: matrix
# rows: 698
# columns: 1
 1
 12
 31
 39
 57
 58
 65
 80
 93
 96
 98
 99
 152
 274
 412
 416
 452
 469
 519
 539
 543
 549
 551
 560
 561
 586
 588
 592
 663
 665
 679
 683
 693
 768
 968
 1000
 1001
 1008
 1015
 1026
 1028
 1039
 1043
 1047
 1056
 1057
 1083
 1084
 1093
 1108
 1114
 1140
 1148
 1154
 1166
 1170
 1188
 1196
 1305
 1314
 1315
 1318
 1326
 1340
 1346
 1363
 1367
 1379
 1439
 1533
 1641
 1676
 1759
 1780
 1816
 1818
 1853
 1868
 1939
 1955
 2000
 2008
 2025
 2038
 2045
 2061
 2066
 2076
 2081
 2085
 2100
 2107
 2110
 2142
 2225
 2252
 2270
 2407
 2468
 2488
 2508
 2515
 2594
 2676
 2764
 2788
 2804
 2805
 3000
 3002
 3009
 3010
 3012
 3018
 3022
 3024
 3040
 3043
 3048
 3057
 3151
 3235
 3256
 3268
 3283
 3305
 3324
 3328
 3392
 3474
 3717
 3804
 3805
 3824
 3920
 3996
 4000
 4001
 4008
 4009
 4013
 4017
 4019
 4026
 4033
 4038
 4039
 4044
 4055
 4071
 4080
 4087
 4106
 4151
 4166
 4201
 4212
 4229
 4271
 4273
 4425
 4499
 4501
 4529
 4546
 4599
 4702
 4706
 4753
 4814
 4835
 4925
 4936
 4961
 4965
 5000
 5003
 5007
 5010
 5011
 5023
 5031
 5047
 5051
 5054
 5077
 5078
 5088
 5093
 5130
 5134
 5244
 5253
 5292
 5431
 5554
 5723
 5734
 5789
 5839
 6000
 6004
 6008
 6030
 6054
 6071
 6072
 6075
 6104
 6112
 6117
 6124
 6129
 6147
 6168
 6257
 6310
 6317
 6334
 6478
 6508
 6558
 6617
 6648
 6654
 6678
 6717
 6718
 6734
 7000
 7004
 7005
 7052
 7057
 7061
 7069
 7071
 7076
 7078
 7091
 7095
 7148
 7153
 7157
 7171
 7173
 7195
 7225
 7264
 7282
 7398
 7400
 7403
 7443
 7644
 7941
 7957
 7969
 8000
 8001
 8023
 8026
 8033
 8042
 8062
 8064
 8078
 8079
 8087
 8114
 8148
 8179
 8248
 8250
 8264
 8287
 8301
 8347
 8349
 8351
 8424
 8476
 8516
 8535
 8568
 8595
 8636
 8682
 8788
 8797
 8798
 9000
 9001
 9006
 9010
 9011
 9092
 9119
 9120
 9131
 9183
 9187
 9248
 9250
 9275
 9283
 9317
 9320
 9383
 9559
 9666
 9731
 9738
 9741
 9822
 9838
 9847
 9860
 9922
 10000
 10002
 10008
 10010
 10025
 10061
 10062
 10067
 10073
 10088
 10091
 10097
 10130
 10140
 10175
 10181
 10240
 10296
 10300
 10304
 10329
 10369
 10383
 10407
 10417
 10493
 10510
 10514
 10516
 10517
 10520
 10563
 10645
 10693
 10718
 10719
 10736
 10756
 10760
 10784
 10790
 10833
 10868
 10876
 10899
 10975
 10996
 11000
 11003
 11011
 11016
 11028
 11030
 11031
 11041
 11082
 11106
 11175
 11183
 11188
 11211
 11220
 11226
 11491
 11502
 11518
 11528
 11569
 11669
 11707
 11827
 11843
 11846
 12000
 12004
 12005
 12009
 12014
 12034
 12045
 12057
 12065
 12070
 12102
 12120
 12125
 12226
 12233
 12266
 12500
 12527
 12547
 12559
 12591
 12869
 13000
 13004
 13005
 13018
 13025
 13034
 13052
 13104
 13111
 13120
 13132
 13135
 13202
 13301
 13381
 13460
 13558
 13595
 13629
 13691
 13846
 13872
 13874
 13943
 13971
 13999
 14000
 14001
 14009
 14027
 14037
 14046
 14086
 14087
 14095
 14104
 14145
 14149
 14177
 14203
 14218
 14228
 14239
 14307
 14308
 14333
 14427
 14499
 14743
 14794
 14953
 14968
 14988
 15000
 15028
 15033
 15049
 15050
 15077
 15124
 15174
 15216
 15225
 15226
 15268
 15522
 15556
 15894
 15896
 16000
 17000
 18000
 19000
 20000
 21000
 22000
 23000
 24000
 25000
 26000
 27000
 28000
 29000
 30000
 31000
 32000
 33000
 34000
 35000
 36000
 37000
 38000
 39000
 40000
 41000
 42000
 43000
 44000
 45000
 46000
 47000
 48000
 49000
 50000
 51000
 52000
 53000
 53005
 53012
 53013
 53017
 53019
 53027
 53113
 53136
 53251
 53343
 53381
 53441
 54000
 54364
 54385
 54596
 55000
 55081
 55098
 55122
 55162
 55164
 55241
 55268
 55270
 55359
 55364
 55451
 55682
 55885
 55951
 55952
 55969
 56000
 57000
 58000
 59000
 60000
 61000
 62000
 63000
 64000
 65000
 66000
 67000
 68000
 69000
 70000
 71000
 72000
 73000
 74000
 75000
 76000
 77000
 78000
 79000
 80000
 81000
 82000
 83000
 84000
 85000
 86000
 87000
 88000
 89000
 90000
 91000
 92000
 93000
 94000
 95000
 96000
 97000
 98000
 99000
 100000
 101000
 102000
 103000
 104000
 105000
 106000
 107000
 108000
 109000
 110000
 111000
 112000
 113000
 114000
 115000
 116000
 117000
 118000
 119000
 120000
 121000
 122000
 123000
 124000
 125000
 126000
 127000
 128000
 129000
 130000
 131000
 132000
 133000
 134000
 135000
 136000
 137000
 138000
 139000
 140000
 141000
 142000
 143000
 144000
 145000
 146000
 147000
 148000
 149000
 150000
 151000
 152000
 153000
 154000
 155000
 156000
 157000
 158000
 159000
 160000
 161000
 162000
 163000
 164000
 165000
 166000
 167000
 168000
 169000
 170000
 171000
 172000
 173000
 174000
 175000
 176000
 177000
 178000
 179000
 180000
 181000
 182000
 183000
 184000
 185000
 186000
 187000
 188000
 189000
 190000
 191000
 192000
 193000
 194000
 195000
 196000
 197000
 198000
 199000


# name: optim_start
# type: scalar
519


# name: optim_steps
# type: matrix
# rows: 1
# columns: 200
 19 36 81 109 137 176 201 230 259 292 320 367 393 415 441 468 484 485 486 487 488 489 490 491 492 493 494 495 496 497 498 499 500 501 502 503 504 505 506 507 508 509 510 511 512 513 514 515 516 517 518 519 520 521 534 538 555 556 557 558 559 560 561 562 563 564 565 566 567 568 569 570 571 572 573 574 575 576 577 578 579 580 581 582 583 584 585 586 587 588 589 590 591 592 593 594 595 596 597 598 599 600 601 602 603 604 605 606 607 608 609 610 611 612 613 614 615 616 617 618 619 620 621 622 623 624 625 626 627 628 629 630 631 632 633 634 635 636 637 638 639 640 641 642 643 644 645 646 647 648 649 650 651 652 653 654 655 656 657 658 659 660 661 662 663 664 665 666 667 668 669 670 671 672 673 674 675 676 677 678 679 680 681 682 683 684 685 686 687 688 689 690 691 692 693 694 695 696 697 698


# name: VPVP_params
# type: scalar struct
# ndims: 2
 1 1
# length: 8
# name: lambda
# type: scalar
300000000


# name: downsample
# type: scalar
10


# name: MaxIter_X
# type: scalar
200


# name: MaxIter
# type: scalar
50


# name: optTol_X
# type: scalar
1e-06


# name: progTol_X
# type: scalar
1e-10


# name: optTol_aW
# type: scalar
0.0001


# name: progTol_aW
# type: scalar
1e-07




