# Created by Octave 3.8.1, Sun Jan 07 20:02:33 2018 ART <gabrevaya@ws16.labo2>
# name: y_start
# type: matrix
# rows: 10
# columns: 1
 6.51158969307011e-05
 2.225879076891491e-06
 -7.017521417598841e-05
 -2.72511337177114e-05
 -1.665312946924984e-06
 -0.0006783564814434343
 -5.116022968170296e-05
 -6.818128230239502e-05
 4.013613351389099e-06
 -7.519643934864766e-06


# name: alphas
# type: cell
# rows: 1
# columns: 3
# name: <cell-element>
# type: matrix
# rows: 10
# columns: 1
 2.983809128394393
 0.2691587675127559
 -0.1777536870460162
 1.572668977087078
 0.8924635231845516
 3.196507176254881
 2.147908913178553
 0.6240288782582269
 1.27751426961496
 0.4630670622013524



# name: <cell-element>
# type: matrix
# rows: 10
# columns: 1
 1.121920933362462
 1.244501506473334
 0.781941350986494
 1.481845288822989
 1.065903221722234
 0.6206450415700765
 0.7760096670127271
 0.4581351908031361
 0.4226128838467342
 0.5607899924672142



# name: <cell-element>
# type: matrix
# rows: 10
# columns: 1
 12.6582801649922
 11.8642391760577
 12.12013953742767
 11.46724614670534
 10.42863093772442
 11.31765290320502
 11.49503281616121
 12.73100443303631
 12.14054022500433
 12.09039372709968





# name: W
# type: matrix
# rows: 10
# columns: 10
 -0.4388692361835188 0.3776411257601657 0.21696909106779 -0.5542177847629116 -0.9358147864920491 0.09144588199847072 -0.5070835439624517 -1.033989771781679 -0.5745935937974008 0.8439692817512608
 -0.1319591779342393 -0.114193490351539 -0.3537890002723952 0.1367041531792482 -0.125144274020959 0.3133831981326808 0.05443016870367457 -0.1008394978052567 -0.01928683149366501 0.03999302821046827
 -0.6479369330982875 -0.04284982054675779 -0.3196037245404854 0.5015774377814803 0.6438718604190194 0.08238912351848636 0.1443235296684741 0.4716911752717158 0.076886381241781 -0.5187968386977492
 0.08784699179289847 -0.2189072232855666 0.8036381092538486 -0.3148922140530176 0.812440587107763 0.4199264633679621 -0.01445279081615831 -0.1999429651560442 0.2516971943280298 0.7640469357143893
 0.2445107100886327 -0.3301641807095452 0.5815886026927846 -0.356181766533402 0.1300719994560525 0.4421750402224214 0.2073567259316114 -0.0540976953122597 0.2473850218122032 -0.5025161508516485
 -0.3337864448924214 -0.1413472321429232 0.2313160471001247 0.04807437176233356 0.1678109497654938 -0.5116281332268053 0.09237498895849645 0.2692965678852784 -0.3079923677020289 0.2337525701738697
 0.3381006349855041 -0.09532052942756047 0.2633104373269562 -0.0331089363020345 0.05400271232632978 0.2304417187801908 -0.5053828718980387 -0.1361431291251255 -0.3698269962460982 0.1728253247346903
 0.05841947402652981 -0.1235799191570333 -0.04886605181756061 -0.193911246628901 -0.1310606040364568 -0.3236566785303416 -0.1916561478262565 -0.4224430755766526 -0.04730317549374404 0.2106217989770397
 0.219936493908608 -0.321621413366522 0.748004837391479 -0.03270405735697401 0.2973173128367559 0.1862716232122283 -0.3659597346958823 -0.1489337034093458 -0.4780518767401888 0.3331127980290813
 -0.0199734792476645 -0.02935059426206029 -0.7405779382722906 -0.02261071487426587 0.2359915253543059 -0.1597524866753043 0.6311756970624838 0.4699767030448948 0.1695369340174419 -0.9205868103875988


# name: iter
# type: scalar
200000


# name: c
# type: matrix
# rows: 1
# columns: 10
 NaN NaN NaN NaN NaN NaN NaN NaN NaN NaN


# name: mean_corr
# type: matrix
# rows: 941
# columns: 1
 -0.04051535350396376
 0.01598677371380594
 -0.12865229678411
 -0.1218019415613055
 -0.1078087522617239
 -0.09898316682174256
 -0.07884525279232943
 -0.05543194369494057
 -0.04598563026228526
 -0.03077225192855799
 0.004802446156558918
 0.042663817457283
 0.06083745605687827
 0.4291290841994867
 0.4285831860735404
 0.4149113147932407
 0.4107486342412386
 0.4114906204362393
 0.3695826659953627
 0.3694519488197575
 0.3720625202547387
 0.356571534157098
 0.3562547570397163
 0.3549504484314689
 0.3483497594345369
 0.339275200840659
 0.3394385444252795
 0.3305931599319064
 0.3270840162326089
 0.327126324003798
 0.3066969228191663
 0.3068014327966209
 0.301778753969388
 0.3172844271505451
 0.3284218964799827
 0.3401350760833931
 0.3462589955741807
 0.3426907918163453
 0.3133747367801462
 0.3131026295809278
 0.3137644357971733
 0.3200542059598906
 0.3078507164972634
 0.3003675802583042
 0.3174904772658527
 0.3148539993454125
 0.3081162750709274
 0.3050988392961736
 0.3100005771247451
 0.3074461331589156
 0.3172058551057553
 0.3164269577203987
 0.3277317860539413
 0.3424266402477204
 0.3332547780281578
 0.329227035214178
 0.3309566072284712
 0.3287661576416347
 0.3222372464682198
 0.314547449288482
 0.3025445746593026
 0.3128313705079632
 0.3117763081170726
 0.3095233852385934
 0.3081656828476123
 0.3101128105736823
 0.3104334235236653
 0.3107004119753514
 0.3162240915659704
 0.3071040113813256
 0.3057097993052569
 0.4861962165999664
 0.4861303130014796
 0.4845293236293833
 0.4890823957453992
 0.4883090719053129
 0.4804116851092229
 0.4769864597223832
 0.4756941019758908
 0.4656403974928157
 0.4680659055190902
 0.4698384906682751
 0.471325264646621
 0.4691949808073773
 0.4649797056278236
 0.4220559378496813
 0.4228418268505312
 0.4193220473129634
 0.4206512124227315
 0.4194237277744784
 0.4207850947918718
 0.4189595153447729
 0.4195049838578732
 0.4275835453090463
 0.4273187381381975
 0.4112809046190321
 0.418957037046492
 0.4338453422892337
 0.4329115495684974
 0.4245853488345278
 0.4163003952037833
 0.4126350306720138
 0.4179913334707212
 0.4196617442199221
 0.4188365912953049
 0.4188077658083678
 0.4168107902334832
 0.4166668958555786
 0.4166946386857338
 0.4141982481740863
 0.4113832209522584
 0.3865453929455949
 0.3856835456403089
 0.3788166274042443
 0.3767600059784863
 0.3704878207192145
 0.3630935158893679
 0.3637648024087306
 0.3618883352618201
 0.3639508150858802
 0.3552176160715617
 0.3555009172019414
 0.359555280749602
 0.3598027424029319
 0.3612603600199135
 0.3636068554158011
 0.3620356823879171
 0.3615507686082426
 0.3572752711738235
 0.3576973405124035
 0.3645126826147834
 0.3687437878401693
 0.3662014305434914
 0.3662086093607695
 0.3714869609892191
 0.3704114816776901
 0.3769823986725181
 0.3702585762164981
 0.361885936794656
 0.3601625991121076
 0.3608487830252342
 0.362764962940931
 0.3585436204418587
 0.3659983992097323
 0.3677403704866861
 0.3650476305369106
 0.3656878078535886
 0.3530829874364096
 0.3537214871403371
 0.3570141505643179
 0.3580013618073836
 0.4886390091380736
 0.4473794455772283
 0.4500606944238631
 0.4505773734296851
 0.4361593148649391
 0.4348216888487355
 0.4360661774394591
 0.4384881835145289
 0.4652094628102601
 0.4614242390452293
 0.4640399275761575
 0.4639374248384328
 0.4557198250725815
 0.4629583948441693
 0.4564841483766258
 0.4702247266547303
 0.4687743706264409
 0.4691769141366451
 0.4633138753384879
 0.4628075978875564
 0.4603836217703614
 0.4492083300875609
 0.4392503206855274
 0.4252267509246262
 0.4313298101869436
 0.4320762824519772
 0.4167782161548982
 0.4181728151055183
 0.4239720706897014
 0.4170599231812184
 0.4176077130287629
 0.4167002020597109
 0.4263779558357081
 0.4047947908727508
 0.4231391358809432
 0.4192168652663109
 0.4243003048519476
 0.4230959761072275
 0.4213351781306815
 0.4248324704324234
 0.4194450177095511
 0.4193302261172003
 0.4105422909868744
 0.408791165743704
 0.4048300269703147
 0.4081977347489835
 0.41849380572002
 0.4152884468463946
 0.4160217910982711
 0.4131611162138333
 0.4314812995817803
 0.4392895790124537
 0.4316191144966925
 0.4311662951773615
 0.4281330853927613
 0.415184824535508
 0.4229510101058218
 0.4194719051741996
 0.4251540216595706
 0.4221508691646559
 0.4078517398594211
 0.4055214146319561
 0.4685919352753102
 0.478623351149521
 0.4676642108640747
 0.4695153826980863
 0.4654053231128545
 0.4678143158737844
 0.479373941033808
 0.4746372994819504
 0.4782669001264296
 0.4670962653645246
 0.4603830924136888
 0.4668636328617063
 0.469743845568155
 0.4611872819586903
 0.4681117978000006
 0.4740103354977095
 0.466738697674507
 0.466650749623531
 0.4482665448003342
 0.4507193795616967
 0.4497769030246141
 0.4472517149452713
 0.4464390309677803
 0.4935579563961974
 0.4953849195763806
 0.4939044511419257
 0.4963104694616124
 0.4963574804397395
 0.4957755336888719
 0.4901828509367477
 0.4839472307107132
 0.4808295642781277
 0.4681853691465688
 0.4668077750845444
 0.4632710159530194
 0.4597153178596
 0.4496445573809781
 0.4525399087183523
 0.4479191275014633
 0.4372351134483792
 0.4373782304520136
 0.4201605923186856
 0.4345149440429151
 0.4444614863104688
 0.4399971901208378
 0.4408038626798507
 0.4331580777995702
 0.4378342044523366
 0.4347417912119006
 0.4298383325893634
 0.4186539947334489
 0.4184777632664183
 0.4099870894258235
 0.4059683438307899
 0.4046798023222579
 0.4072599366381096
 0.4085290969193351
 0.4050718916303529
 0.4005592983620248
 0.4059871432141863
 0.3917195054683121
 0.3918774856090058
 0.3852749513043207
 0.3844558362516273
 0.496575533311214
 0.5045282015867373
 0.4985904388668912
 0.4929246710794803
 0.4879318682935149
 0.4881089621464992
 0.4460384262179647
 0.4456047187147379
 0.4384499986366852
 0.4280294302920443
 0.4278856696288699
 0.4312435794334134
 0.4388847452176178
 0.4494100684993344
 0.4423807448595509
 0.4479626715705644
 0.4430907733615957
 0.439487293114529
 0.4399548006416441
 0.4427342181046777
 0.4235222821694403
 0.4234810007601078
 0.4242584033694005
 0.4285937282783802
 0.431865924691276
 0.4292641723013874
 0.4209000914895661
 0.4225815091368522
 0.416696547849922
 0.413948502343093
 0.420561046988286
 0.4196070685782639
 0.4279811825098164
 0.4228669434871238
 0.4241786893168921
 0.4215193157939592
 0.4221455921752256
 0.4162907144361973
 0.4264804087709876
 0.4122736746977989
 0.5057142277769227
 0.5027580706524242
 0.5022569216214396
 0.500730049528584
 0.5017984183755971
 0.4973892708029894
 0.4913498386284908
 0.487383763103212
 0.4874154824324471
 0.4866863841619274
 0.4857851912669803
 0.4782717757707545
 0.4695051283051682
 0.4754678746821878
 0.4747392264792857
 0.4789895752358712
 0.4709003354256301
 0.4713001949888572
 0.4645697710867133
 0.4398009698759203
 0.4382047444825399
 0.4449048932296844
 0.430625149778054
 0.432898882792527
 0.4332270403200046
 0.4383102921244358
 0.4372868582908305
 0.4372493070367825
 0.4350875446825598
 0.4354150926363894
 0.4340814079797065
 0.4333944431366085
 0.4376280829046609
 0.4334873154876896
 0.4264509952614934
 0.4265345061986518
 0.4244801029818023
 0.4267094257167317
 0.4284035384086603
 0.4286597963419768
 0.4314883285495095
 0.4383696121363014
 0.4447685727572145
 0.4495142017720989
 0.445264269612894
 0.4430924773489454
 0.4444070727615381
 0.4334156060344405
 0.4356603842507308
 0.4367125313279794
 0.436822227107483
 0.4345657023046278
 0.4381026338857897
 0.43641206109577
 0.4349946422425959
 0.4350468498574398
 0.4372025903634154
 0.4345869569010911
 0.4367507020477244
 0.4330700608385761
 0.4352586958659072
 0.4316045315122327
 0.4897575213502847
 0.4848302806313941
 0.4828997551129543
 0.4568853334136443
 0.4787141309028056
 0.4770651472688163
 0.4702157078985891
 0.4675917850530534
 0.4605482739760939
 0.4591603896115392
 0.4449628449046785
 0.4373883244144625
 0.4322584577226836
 0.2275214349243082
 0.2420222266441567
 0.2799293276928546
 0.2770378124613594
 0.3248818906813428
 0.07597826962183558
 0.07597826960516876
 NaN
 0.396444248856221
 0.3969375291878726
 0.4130045262601817
 0.4207365413957563
 0.4209875715248897
 0.426144218975384
 0.4231371472784423
 0.4306802629907752
 0.4341493025990202
 0.4330476279040358
 0.4363369236186405
 0.4379756727362287
 0.436407369998942
 0.4457656114303056
 0.441694641816242
 0.4361986544389413
 0.4471199861282241
 0.4475183040266248
 0.4441596221569165
 0.4446156003281638
 0.4470093821299856
 0.4476900395599193
 0.4390380380557667
 0.4439005968855412
 0.4435267548364524
 0.4426650520649517
 0.4422512247833716
 0.4471042316854786
 0.448485337313239
 0.4292660324305699
 0.4303668582010223
 0.4324185317361569
 0.4342352549108838
 0.4346964750026444
 0.4362023561584712
 0.4372454496260156
 0.4376900341897222
 0.436250581518382
 0.4368855472229295
 0.4447983238512686
 0.4404977407008593
 0.4415609049806876
 0.4414201739683318
 0.4392573142154895
 0.441319166850123
 0.448574813166382
 0.4484326930590463
 0.4422057964799966
 0.4484458290847353
 0.4477495079253962
 0.4380470496802392
 0.4309253043601394
 0.4318465402790855
 0.4334095926519924
 0.4319354064508328
 0.4231864347276722
 0.4410193201080527
 0.4411652654929933
 0.4383344423851476
 0.4429726720944904
 0.442977954790584
 0.5344138277202272
 0.5316570053656653
 0.5309251316606378
 0.5226991520784746
 0.5107764987066593
 0.5023671297580758
 0.4971950286084282
 0.4965638742984148
 0.4874613334061767
 0.4907723594610776
 0.4919261633850529
 0.4960679687087361
 0.4788702024940462
 0.4753081308573162
 0.4813173137951929
 0.4766511588473403
 0.4629431970961163
 0.4686256242858117
 0.4700630765082944
 0.4720389649325631
 0.4626798580255798
 0.4660124122765097
 0.4601511440767127
 0.5413820840831329
 0.5253947372236036
 0.5260829985438711
 0.5297941346267304
 0.5265476463815754
 0.5191889447918014
 0.517574910842524
 0.5047427294771858
 0.505883005478917
 0.5014605127827638
 0.4928609959582422
 0.4873530014959111
 0.4851967681797563
 0.4815108299968058
 0.4743865185488773
 0.4682451727943548
 0.4488667630674886
 0.4469650778573214
 0.4619129542485451
 0.4558118928607859
 0.4544589388205574
 0.4524187048777072
 0.4596912981921479
 0.4625311098428944
 0.5347657238278549
 0.5169632798255588
 0.5166311752973097
 0.5097559722781969
 0.5090149708248876
 0.5025562219189723
 0.4898622595249106
 0.4831026127317957
 0.481980005643427
 0.4641116164054236
 0.4847757681029633
 0.4810428585591883
 0.4807731402828111
 0.472664281497355
 0.4693087893735443
 0.4654477669195553
 0.482706911506547
 0.4983417902304524
 0.4875900505014792
 0.4810630273944619
 0.4739205032930435
 0.4631433985434679
 0.4580572838020727
 0.4566615728346076
 0.4657415782651796
 0.453922936832713
 0.4585551548291942
 0.4585077833692091
 0.4647686363892286
 0.4580028405005736
 0.457948460758293
 0.4659145179942824
 0.4654950217543199
 0.460858067612636
 0.4653766381855832
 0.4659487648605377
 0.4642050778314614
 0.4591985744126285
 0.5362456653789167
 0.5406668513596964
 0.5318657906923167
 0.5174174806581437
 0.5165185083143794
 0.5161149959907021
 0.5153345582203775
 0.4949263383728503
 0.4953476777162372
 0.4971154905787865
 0.4967621304227163
 0.4967709869389486
 0.494326919540902
 0.4879825594894182
 0.4987590961481792
 0.4842818718488531
 0.4795356983756315
 0.478024722739199
 0.4741823396048382
 0.4770185003437216
 0.4804182385323765
 0.4745978522637035
 0.4723792904503817
 0.4736185579092704
 0.4746434533496202
 0.4746975376078241
 0.4798142388190299
 0.4777729334493531
 0.479166540467884
 0.4782048839460561
 0.4725384538361547
 0.4768285099387246
 0.4670082479076542
 0.4676400278063051
 0.4655333940063085
 0.4642893931292179
 0.4642408369382193
 0.4622484224806083
 0.4628556293948973
 0.4789814153541451
 0.473946877979361
 0.4734033718368925
 0.4733062816809189
 0.476168073841964
 0.4744835151130985
 0.4684172937896075
 0.5556175978330794
 0.5413285278706828
 0.5360630671488162
 0.5171311757809882
 0.5023589536026963
 0.4716871176912572
 0.4901070602820476
 0.5212120655579087
 0.5228156664220719
 0.5126434590915084
 0.5048407384182899
 0.4912936805185974
 0.5048441737038585
 0.4908171636842312
 0.4918470293385827
 0.4954838938197511
 0.500603757456895
 0.504208039710317
 0.5015068594811848
 0.4886807088311756
 0.4928815827062342
 0.4968168495874845
 0.4982829606996898
 0.5566361527436808
 0.5431143525428352
 0.5240852248433946
 0.5018075569193097
 0.5314211130762589
 0.5124057042376968
 0.4993166688720498
 0.5150357206906938
 0.5189952394475574
 0.5130486703314713
 0.5203111743189672
 0.5195186261819357
 0.5131649367978559
 0.4927982373030469
 0.5094439910966035
 0.5003058731800731
 0.4861916733260686
 0.4952297496297322
 0.483157034925307
 0.5079271382246875
 0.5172316508626873
 0.5241661009842014
 0.4951589643277344
 0.5261498986150295
 0.5297145462788033
 0.4951137153006178
 0.555741225086731
 0.5389221484476941
 0.5165466490256764
 0.4949669928011696
 0.5035128727222358
 0.5216648046433686
 0.5278145304976577
 0.5246560060741111
 0.5047163902205525
 0.5086575402662683
 0.5150703292745109
 0.5084317852984237
 0.4993772493239858
 0.5130539268459777
 0.5070025231169646
 0.508253279573174
 0.557962990322671
 0.5620694788849878
 0.5543271267000162
 0.5490284838072104
 0.5338560631971568
 0.5319893085239009
 0.5272063585419218
 0.5217926630134851
 0.5321208119253197
 0.5237171451217503
 0.5314472016080083
 0.516754565205075
 0.5599647906235095
 0.53392893821041
 0.5670529206901935
 0.564765752751762
 0.5535840575726766
 0.5451986889228383
 0.5382443183567257
 0.5216249477859967
 0.5311649106135138
 0.5217756600302715
 0.5381157650868481
 0.531721244444546
 0.5325834078655136
 0.5445503208188939
 0.5330922609796861
 0.5406186776533465
 0.5623431569294504
 0.541385681556107
 0.5392346330217508
 0.5410975996434539
 0.5412107452523591
 0.545995661287633
 0.5512994938277938
 0.5499308118843917
 0.5226916046239383
 0.5257934506356856
 0.5269582961988216
 0.5301702345075153
 0.5254792784366322
 0.5198574595136376
 0.555289039403831
 0.5533461110950612
 0.5480191212166001
 0.5539218925968024
 0.560407103827869
 0.5433339879483392
 0.5570789602807242
 0.5516450533874759
 0.5469851125003912
 0.5449257153339874
 0.5431134469021657
 0.5459905845426767
 0.5440759321149661
 0.5543445168491707
 0.5493490746028195
 0.5338783965108834
 0.5305366593138944
 0.5469485655163222
 0.5520672423468251
 0.5513779220975528
 0.5507171447551535
 0.5503155157592844
 0.5529990847948192
 0.547755818908795
 0.53456214492998
 0.5435334884123776
 0.5328706456178744
 0.5314511096150871
 0.5372105894644273
 0.5394816874216027
 0.5378998163351015
 0.5448238743252032
 0.5427268318672012
 0.5423269838652053
 0.5367663172734283
 0.5341374879825211
 0.5326021353953895
 0.5301642238533498
 0.5252684377916667
 0.5242690095910764
 0.5227017924381934
 0.5377283162294042
 0.5376202271993448
 0.5309052094519151
 0.5410920884938605
 0.5320799645594304
 0.5471044960217644
 0.5344023970661226
 0.5504915742283981
 0.5429995843267186
 0.5413136858942443
 0.545562595266415
 0.5504708902598947
 0.5537178513135356
 0.05317329280349881
 0.5407522651267991
 0.5439492606251857
 0.5401087569696659
 0.5544455379753146
 0.5574438907477696
 0.5555051074241113
 0.1131349972551255
 0.4699192621141016
 0.4771127317521275
 0.5136560837387725
 0.5134781100835567
 0.5225398235845323
 0.5381499451367531
 0.5385180290855158
 0.5420845995945655
 0.5450619038016021
 0.5476871684138425
 0.5392369298690005
 0.545674364460192
 NaN
 NaN
 NaN
 NaN
 NaN
 NaN
 NaN
 NaN
 NaN
 NaN
 NaN
 NaN
 NaN
 NaN
 NaN
 NaN
 NaN
 NaN
 NaN
 NaN
 NaN
 NaN
 NaN
 NaN
 NaN
 NaN
 NaN
 NaN
 NaN
 NaN
 NaN
 NaN
 NaN
 NaN
 NaN
 NaN
 NaN
 NaN
 NaN
 NaN
 NaN
 NaN
 NaN
 NaN
 NaN
 NaN
 NaN
 NaN
 NaN
 NaN
 NaN
 NaN
 NaN
 NaN
 NaN
 NaN
 NaN
 NaN
 NaN
 NaN
 NaN
 NaN
 NaN
 NaN
 NaN
 NaN
 NaN
 NaN
 NaN
 NaN
 NaN
 NaN
 NaN
 NaN
 NaN
 NaN
 NaN
 NaN
 NaN
 NaN
 NaN
 NaN
 NaN
 NaN
 NaN
 NaN
 NaN
 NaN
 NaN
 NaN
 NaN
 NaN
 NaN
 NaN
 NaN
 NaN
 NaN
 NaN
 NaN
 NaN
 NaN
 NaN
 NaN
 NaN
 NaN
 NaN
 NaN
 NaN
 NaN
 NaN
 NaN
 NaN
 NaN
 NaN
 NaN
 NaN
 NaN
 NaN
 NaN
 NaN
 NaN
 NaN
 NaN
 NaN
 NaN
 NaN
 NaN
 NaN
 NaN
 NaN
 NaN
 NaN
 NaN
 NaN
 NaN
 NaN
 NaN
 NaN
 NaN
 NaN
 NaN
 NaN
 NaN
 NaN
 NaN
 NaN
 NaN
 NaN
 NaN
 NaN
 NaN
 NaN
 NaN
 NaN
 NaN
 NaN
 NaN
 NaN
 NaN
 NaN
 NaN
 NaN
 NaN
 NaN
 NaN
 NaN
 NaN
 NaN


# name: mean_error
# type: matrix
# rows: 941
# columns: 1
 1.469182851667157
 1.435763467002551
 1.490654396097512
 1.484717832027114
 1.471720226927
 1.467731011251729
 1.463782525606069
 1.456789679361118
 1.451960288448293
 1.421330205482384
 1.406842373608337
 1.387134144411738
 1.369155279049838
 1.248626716973834
 1.251125666370373
 1.275496883451609
 1.276732921916947
 1.276564565645564
 1.284056088800117
 1.283446096486142
 1.287158213966028
 1.288525427842937
 1.272044163014471
 1.272169424389272
 1.272247014666771
 1.272409764629147
 1.279202466992944
 1.275702925316454
 1.277373521869287
 1.276738510165575
 1.284939471307289
 1.284004468540836
 1.2849005651483
 1.286214059887964
 1.280719042749453
 1.277344415950359
 1.2723166714923
 1.269340010842101
 1.279642665578296
 1.273314261046568
 1.27024510380198
 1.27084048270902
 1.258343116847666
 1.262625879526226
 1.255725896971605
 1.256212600703898
 1.258979213318046
 1.259635586944783
 1.259059378970713
 1.260428123174035
 1.255676168931665
 1.252061948222583
 1.254264402862745
 1.25050598618617
 1.258059024483864
 1.256823765380777
 1.254117122702459
 1.267290003187639
 1.276614965017062
 1.286135465779809
 1.295903403675307
 1.290687245648509
 1.291703657075789
 1.290177474040678
 1.29219599584076
 1.299195678213338
 1.293314147014717
 1.289728036925772
 1.286921403582257
 1.29013054889055
 1.288941073305242
 1.199033109152081
 1.199276893098992
 1.196826441401927
 1.206778784130393
 1.20834637519297
 1.209211055555698
 1.212474694025607
 1.211479320922098
 1.225992651295434
 1.23233077002919
 1.229924908654258
 1.234383564053815
 1.233494389804207
 1.228723576768238
 1.219118129793494
 1.217999959573298
 1.219977623400088
 1.218925803724897
 1.214697881320076
 1.214817404760977
 1.212482323067631
 1.215022585102391
 1.208627991191641
 1.209629032061944
 1.22414510492947
 1.217214002044143
 1.213662993721707
 1.210292637640646
 1.209774155859523
 1.210917338623088
 1.211637409323916
 1.208656929358145
 1.205732834415586
 1.20493983838546
 1.205333712075889
 1.204523898171932
 1.204006866483317
 1.203881894613062
 1.207088574784857
 1.209818671424213
 1.241707282515261
 1.246492771305024
 1.248345529707333
 1.246323814999548
 1.248161913816611
 1.249057280646019
 1.246619509120721
 1.248256960684264
 1.247458766892473
 1.25314976833259
 1.252617877210062
 1.251662302015184
 1.252483623936536
 1.249703419995754
 1.248725509864078
 1.251940532164924
 1.250637137495869
 1.254191790836271
 1.253437349178527
 1.249681890594876
 1.248474743657303
 1.24684520722704
 1.246764985620741
 1.24431292118893
 1.244451621180927
 1.240737377340938
 1.244160722183947
 1.249420630223617
 1.251911954347114
 1.252486111588291
 1.248362118077054
 1.250591424758393
 1.248399604009012
 1.2458364680793
 1.248607356298316
 1.246486329365533
 1.252298496538794
 1.254463719033288
 1.251867463085354
 1.250851002193345
 1.182863449377657
 1.213497433275645
 1.208359867840945
 1.205904420510596
 1.218120935486554
 1.21863454990279
 1.216913891782346
 1.218072388023423
 1.198688385106877
 1.202558814051452
 1.197000101825905
 1.197727299240817
 1.209642237804011
 1.197803483927639
 1.197846403188698
 1.187566026411734
 1.187252097780421
 1.187425012274445
 1.197428057969452
 1.200129995094167
 1.201769463181129
 1.207216662409359
 1.215745434644346
 1.211610526988112
 1.208879131126739
 1.203095260533238
 1.216924907339157
 1.216634652800324
 1.21089059044156
 1.212446685990242
 1.213755035553935
 1.21573412237277
 1.217330011717466
 1.215982549438091
 1.220206038592165
 1.221650888174667
 1.22236879835324
 1.223937846632857
 1.222085870156914
 1.221865416574415
 1.222943194894567
 1.222751436142983
 1.229205430655074
 1.226824524556184
 1.228175519827416
 1.227258880738798
 1.231919921453376
 1.218577901793766
 1.215080117945724
 1.210989702476912
 1.206948874955833
 1.20639817062925
 1.203298428059459
 1.204423749708552
 1.206054928816402
 1.209912684013349
 1.202842332108221
 1.209054342902394
 1.209536991413698
 1.213356538560682
 1.216909444506792
 1.217427181028348
 1.208372427395912
 1.207894355843907
 1.200407106274214
 1.205019744726773
 1.207412104325528
 1.204202497618935
 1.208832560314568
 1.20418089155924
 1.210066667714185
 1.215763938236362
 1.216643342701166
 1.211059423469411
 1.210481165935506
 1.204630429545936
 1.202315261430828
 1.201171286237993
 1.205617558220838
 1.206423442109805
 1.201585667174059
 1.199219365372946
 1.194623725188906
 1.198220025812596
 1.205783370460065
 1.182656626546574
 1.183412528219211
 1.183147541982057
 1.180894327896576
 1.178069050361788
 1.174677735968351
 1.169766174787526
 1.180643995613443
 1.175562472043538
 1.192808827743495
 1.191736498478991
 1.191667196054887
 1.192530656593567
 1.19446434616557
 1.193621558877455
 1.188826955751237
 1.196541735461249
 1.196608794707482
 1.198329934245943
 1.201578760093999
 1.186014784203722
 1.194947301679205
 1.193715209409517
 1.194929014078298
 1.194017151448812
 1.191883660110061
 1.18231024798849
 1.189529620931059
 1.190822024522868
 1.193680133167298
 1.192330907129047
 1.19260911341962
 1.19075150615805
 1.190716409155745
 1.191389349033506
 1.19414794142344
 1.191189008192754
 1.200206077142698
 1.199389407907479
 1.203170806534122
 1.203696701775676
 1.169833468827868
 1.169918529113892
 1.162920286448594
 1.162324712500761
 1.168446211968179
 1.171564842711639
 1.190581305954758
 1.198179943475751
 1.197621458536009
 1.20241412809988
 1.208177953023569
 1.204192650364522
 1.198897058411895
 1.194647050678181
 1.197447680227271
 1.196023217548755
 1.198612952763999
 1.20007570461937
 1.20623886022946
 1.204830022305689
 1.198700239126815
 1.198722861284918
 1.197325883979275
 1.193573728597353
 1.19286742103548
 1.193612611481929
 1.197339431694645
 1.195605371854127
 1.200610772865194
 1.202181534258427
 1.194632280295238
 1.194809077105059
 1.190498060459173
 1.191879559421567
 1.191976610632191
 1.192626249474591
 1.189894957638048
 1.187538549540356
 1.178345115214815
 1.185286315549178
 1.155462269689716
 1.157824644875028
 1.157237546197049
 1.167808935797662
 1.170077975351697
 1.172307376078227
 1.175002280613991
 1.172804956929436
 1.172351706659757
 1.171209525407804
 1.163016197010277
 1.17448795840845
 1.180922308727455
 1.184454036052567
 1.186236471290347
 1.183764563805644
 1.195905937316339
 1.194728289196132
 1.19490655169066
 1.20256488972399
 1.19930962089742
 1.190119421919658
 1.193901196089948
 1.187730932928912
 1.191588276252373
 1.193339371388421
 1.198695870961278
 1.198858118621076
 1.200252645431617
 1.197379530612806
 1.201742805628917
 1.203244247140975
 1.200165697442103
 1.199656295431955
 1.206217980942891
 1.206988691902921
 1.206888586846539
 1.203303718297119
 1.201663006761247
 1.201354969455766
 1.1998520384227
 1.197076628673496
 1.197417538217723
 1.192317047993565
 1.196858959033356
 1.197946604650632
 1.197558969123193
 1.210221062088254
 1.206749426428154
 1.204302032256416
 1.204172524317705
 1.205882406036702
 1.200596759932056
 1.201104953002826
 1.199361566736454
 1.198557665202278
 1.19571716454714
 1.198571876200798
 1.192704131920315
 1.193441045734269
 1.192657536974725
 1.198091342552921
 1.16201882537096
 1.162039989008712
 1.163041980288817
 1.189011110281595
 1.16896274740915
 1.169503603008394
 1.172104507089032
 1.169478702924778
 1.168200038307284
 1.176787276406824
 1.176556108935588
 1.178150307726328
 1.183256410738172
 1.253816007486197
 1.251290913339707
 1.249539724441049
 1.248643544888614
 1.224578832317579
 1.245145549452103
 1.244417227426358
 NaN
 1.214126363025178
 1.214175322092576
 1.202690730846369
 1.20702189250896
 1.207458949608098
 1.201784977400989
 1.205679935493109
 1.196770028490126
 1.197575116020747
 1.197628513846432
 1.206061390818005
 1.203409188672865
 1.195734333521182
 1.183512495036905
 1.183396338138567
 1.184446219509866
 1.1795278189801
 1.179100893706103
 1.180028444431654
 1.179609367747466
 1.175992356072415
 1.175394819077114
 1.178061367410862
 1.177831163745328
 1.175001653631006
 1.175286397642137
 1.174854569028166
 1.17634006777437
 1.174429787414808
 1.183311819941207
 1.180195332160502
 1.179133758806077
 1.179470580730644
 1.178945132931514
 1.17715260884254
 1.177203015855211
 1.176786243962344
 1.178042101130426
 1.175582356321913
 1.171230776997426
 1.183654619048486
 1.177483695164743
 1.17752691867262
 1.181140991589512
 1.178813608491306
 1.17226715793234
 1.172699976779039
 1.179550500360863
 1.178709607998644
 1.178625126870173
 1.185304925847389
 1.193944878475187
 1.192484435809276
 1.190958755304195
 1.192087785611731
 1.195378423027189
 1.181548067450681
 1.181222465477561
 1.187116118987865
 1.177459068677077
 1.177244588762317
 1.127887680761964
 1.137322295248365
 1.137053860139844
 1.136460626103389
 1.141983421540306
 1.160415405128689
 1.16311649610323
 1.160787279206634
 1.165611860598498
 1.169514056690157
 1.170067404064296
 1.174231205447014
 1.184056591058482
 1.184951812362693
 1.184822839446785
 1.185447619854945
 1.186369652323286
 1.185605447720521
 1.186591188334485
 1.188500815313381
 1.188761832206086
 1.18958146128947
 1.186625453599466
 1.133930978609014
 1.161352989058411
 1.161930948519823
 1.149168552771093
 1.151343138243882
 1.150902063875572
 1.151697493678522
 1.161875363032091
 1.165382965662537
 1.169367514019647
 1.173987763591653
 1.173994191391658
 1.178444674285634
 1.179447115123209
 1.179758127042102
 1.183811728691432
 1.197881734417379
 1.198663751774145
 1.190464394894643
 1.191273967434703
 1.191362581300229
 1.191574710818288
 1.190220536998992
 1.185411899477653
 1.146946443244413
 1.151222153302296
 1.153477226157053
 1.156872886923896
 1.162919853752002
 1.167573665374012
 1.181826151939811
 1.186950792937333
 1.188829790670679
 1.196224499162313
 1.177077723727092
 1.172619243380039
 1.176915257407392
 1.176393854006556
 1.184987671548694
 1.188462097253717
 1.166049877250271
 1.160126676419986
 1.174910319915982
 1.173163683500903
 1.180251412828198
 1.184624541540507
 1.185734445409819
 1.182525893937346
 1.178600910256115
 1.177155085381422
 1.177162335371749
 1.176493104864984
 1.174905436317964
 1.174548882383831
 1.174934091603967
 1.174502538722466
 1.174907704805958
 1.174349601950278
 1.17069463343149
 1.170949031523419
 1.166886881828374
 1.168767086652343
 1.148121770188741
 1.144961447459124
 1.12892043603608
 1.138998427718421
 1.138723811864174
 1.139858622601136
 1.143915380179443
 1.157997004831184
 1.158405348910732
 1.160351608940599
 1.159703275147331
 1.161804796994388
 1.160841762118209
 1.171533128223814
 1.166153248838865
 1.178696327878833
 1.177910249447739
 1.179085756890621
 1.198975696275529
 1.200479909486126
 1.196939475690992
 1.192235645884292
 1.191284185374583
 1.196671999766635
 1.198765343989292
 1.201745746729999
 1.199079242631323
 1.198966155808547
 1.197022060833596
 1.197641555183671
 1.197649860495839
 1.194817495470161
 1.200273715101013
 1.1997956574433
 1.199234503902017
 1.198878705569648
 1.198858341913462
 1.199792641635612
 1.199448232241575
 1.191513311161502
 1.192814055145146
 1.192907915086385
 1.192928136736644
 1.190203321266954
 1.191257905436232
 1.191520271146576
 1.146888739825986
 1.156691501077102
 1.151093069036095
 1.16355417103663
 1.16525757650055
 1.179803970846225
 1.178152979287221
 1.178361722187156
 1.18554014766384
 1.19449886527566
 1.197254261718408
 1.205544390584141
 1.201441432281412
 1.203687351554066
 1.204350438889974
 1.202793420049522
 1.197199851672821
 1.194091298940186
 1.191668935393125
 1.193458863928518
 1.189899364969041
 1.188983660524518
 1.197735394184395
 1.160422857742415
 1.181641983974975
 1.206376209800683
 1.214858642250959
 1.16452059063727
 1.202181096532579
 1.193632774785772
 1.188100947653616
 1.186185538480729
 1.18877748836474
 1.189551380676894
 1.189560338206119
 1.19951508778758
 1.207792790331929
 1.198268215797152
 1.200989091395893
 1.200815660315044
 1.189911152292612
 1.202063698767186
 1.191154345283704
 1.173710861458786
 1.176443393461691
 1.1917273337302
 1.178046277468735
 1.170275640313138
 1.190398144945334
 1.160315912047215
 1.154679886213756
 1.175363919133967
 1.215725423879625
 1.208693771981465
 1.194365570622274
 1.198344052786342
 1.191416467247158
 1.200091687178502
 1.198563315112257
 1.179679805887323
 1.186543393502319
 1.192603914331918
 1.182601496065853
 1.187148299778292
 1.196033587463907
 1.164940332288565
 1.149626328414829
 1.178036758241045
 1.185047188519006
 1.176934081637068
 1.189211125547497
 1.201663601502486
 1.196086652867176
 1.188483069463727
 1.198447965284968
 1.192055431897752
 1.193956326875592
 1.164020530880038
 1.196326852665665
 1.162157627147019
 1.14544135396271
 1.16782277113696
 1.182540676276751
 1.181333143991031
 1.184526612811452
 1.200245551229131
 1.181798937574797
 1.189505030638464
 1.185407256535318
 1.178560714662109
 1.178891555664139
 1.188370704024076
 1.187723678412349
 1.164122851694351
 1.169531412444255
 1.167498602298761
 1.177464208461207
 1.165232773134303
 1.164544286268875
 1.162043681187737
 1.174388727209421
 1.185795193190489
 1.18333445736279
 1.183270978330431
 1.176649193163747
 1.186341046395108
 1.195085440379238
 1.145713849567106
 1.153792914379645
 1.166275365831137
 1.149677458505638
 1.152067947051856
 1.166322106611164
 1.155135425456514
 1.158878790871692
 1.16326938473532
 1.153841742503502
 1.166966606624623
 1.160922078820873
 1.158555278019476
 1.146200247081851
 1.151184849614386
 1.160090232646373
 1.16942949393047
 1.157554289801236
 1.148341853647475
 1.153637413676233
 1.159515850845707
 1.155910742042867
 1.161378334610202
 1.161911512773502
 1.175788194455476
 1.174163427858761
 1.174968381253063
 1.175061402696495
 1.181455173591626
 1.169975477114517
 1.171849821457607
 1.172849902100534
 1.175451798880243
 1.172960793580145
 1.17509274729625
 1.182929230429263
 1.183528898062084
 1.185038707194392
 1.201271710918393
 1.201981360762379
 1.203089832265445
 1.186043910656016
 1.188519534960109
 1.193403204074022
 1.178738779681997
 1.178866974648089
 1.164290777807054
 1.171434892330764
 1.164810251931611
 1.172933512683893
 1.174383911223487
 1.172619882984845
 1.169664617246196
 1.162447791111793
 1.171713882071321
 1.166415310078751
 1.174628075859895
 1.181098286263954
 1.177221493103682
 1.17960839405215
 1.175851925119995
 1.183011125007719
 1.21865462310596
 1.217182858009904
 1.201575387476907
 1.19558143222442
 1.18480470095588
 1.171010958513671
 1.175740831492575
 1.170395136909605
 1.16185060743632
 1.166750270409218
 1.164806785089221
 1.17481241593043
 NaN
 NaN
 NaN
 NaN
 NaN
 NaN
 NaN
 NaN
 NaN
 NaN
 NaN
 NaN
 NaN
 NaN
 NaN
 NaN
 NaN
 NaN
 NaN
 NaN
 NaN
 NaN
 NaN
 NaN
 NaN
 NaN
 NaN
 NaN
 NaN
 NaN
 NaN
 NaN
 NaN
 NaN
 NaN
 NaN
 NaN
 NaN
 NaN
 NaN
 NaN
 NaN
 NaN
 NaN
 NaN
 NaN
 NaN
 NaN
 NaN
 NaN
 NaN
 NaN
 NaN
 NaN
 NaN
 NaN
 NaN
 NaN
 NaN
 NaN
 NaN
 NaN
 NaN
 NaN
 NaN
 NaN
 NaN
 NaN
 NaN
 NaN
 NaN
 NaN
 NaN
 NaN
 NaN
 NaN
 NaN
 NaN
 NaN
 NaN
 NaN
 NaN
 NaN
 NaN
 NaN
 NaN
 NaN
 NaN
 NaN
 NaN
 NaN
 NaN
 NaN
 NaN
 NaN
 NaN
 NaN
 NaN
 NaN
 NaN
 NaN
 NaN
 NaN
 NaN
 NaN
 NaN
 NaN
 NaN
 NaN
 NaN
 NaN
 NaN
 NaN
 NaN
 NaN
 NaN
 NaN
 NaN
 NaN
 NaN
 NaN
 NaN
 NaN
 NaN
 NaN
 NaN
 NaN
 NaN
 NaN
 NaN
 NaN
 NaN
 NaN
 NaN
 NaN
 NaN
 NaN
 NaN
 NaN
 NaN
 NaN
 NaN
 NaN
 NaN
 NaN
 NaN
 NaN
 NaN
 NaN
 NaN
 NaN
 NaN
 NaN
 NaN
 NaN
 NaN
 NaN
 NaN
 NaN
 NaN
 NaN
 NaN
 NaN
 NaN
 NaN
 NaN
 NaN
 NaN


# name: iter_improve
# type: matrix
# rows: 941
# columns: 1
 1
 6
 31
 32
 38
 42
 46
 70
 118
 129
 154
 156
 157
 199
 200
 205
 207
 210
 212
 216
 218
 224
 226
 237
 245
 254
 257
 261
 272
 277
 287
 299
 304
 324
 330
 335
 350
 353
 354
 371
 408
 412
 426
 448
 460
 467
 470
 480
 482
 497
 510
 517
 519
 521
 525
 526
 531
 537
 538
 539
 564
 602
 616
 670
 730
 803
 839
 898
 900
 947
 948
 1000
 1014
 1016
 1017
 1019
 1027
 1031
 1034
 1037
 1038
 1040
 1042
 1048
 1051
 1064
 1065
 1070
 1076
 1082
 1083
 1088
 1090
 1095
 1097
 1115
 1118
 1120
 1130
 1134
 1136
 1144
 1158
 1171
 1176
 1179
 1183
 1194
 1212
 1213
 1231
 1250
 1267
 1273
 1274
 1277
 1278
 1290
 1317
 1349
 1354
 1385
 1393
 1397
 1445
 1446
 1468
 1507
 1516
 1533
 1551
 1575
 1578
 1588
 1619
 1621
 1657
 1666
 1699
 1755
 1769
 1789
 1791
 1797
 1821
 1843
 1866
 1884
 1892
 1940
 1963
 2000
 2005
 2012
 2016
 2025
 2034
 2038
 2048
 2052
 2061
 2063
 2068
 2070
 2071
 2094
 2107
 2111
 2116
 2120
 2128
 2145
 2147
 2149
 2160
 2166
 2171
 2186
 2193
 2194
 2200
 2277
 2295
 2301
 2308
 2314
 2315
 2340
 2390
 2429
 2486
 2523
 2535
 2555
 2611
 2682
 2726
 2732
 2744
 2811
 2834
 2871
 2887
 2890
 2893
 2894
 2900
 2904
 2925
 2931
 2941
 2952
 2997
 3000
 3039
 3046
 3142
 3146
 3185
 3208
 3259
 3350
 3368
 3396
 3403
 3628
 3740
 3784
 3798
 3829
 3849
 3889
 3897
 3910
 3981
 3993
 4000
 4015
 4031
 4035
 4036
 4082
 4090
 4091
 4096
 4104
 4105
 4106
 4107
 4117
 4128
 4141
 4150
 4157
 4175
 4180
 4186
 4202
 4206
 4217
 4250
 4256
 4259
 4268
 4329
 4334
 4472
 4475
 4480
 4553
 4622
 4645
 4779
 4828
 4829
 4846
 4858
 5000
 5001
 5007
 5010
 5017
 5028
 5042
 5054
 5058
 5063
 5096
 5100
 5103
 5121
 5137
 5157
 5160
 5170
 5171
 5175
 5184
 5185
 5202
 5211
 5263
 5271
 5274
 5277
 5296
 5297
 5376
 5383
 5414
 5434
 5490
 5631
 5643
 5730
 5936
 5962
 6000
 6006
 6023
 6024
 6025
 6029
 6034
 6039
 6074
 6080
 6084
 6087
 6093
 6115
 6124
 6137
 6151
 6165
 6171
 6172
 6173
 6185
 6219
 6223
 6228
 6240
 6256
 6270
 6534
 6538
 6573
 6602
 6604
 6609
 6617
 6632
 6633
 6671
 6674
 6686
 6712
 6732
 6742
 6752
 6774
 6779
 6782
 6786
 6792
 6809
 6818
 6855
 6860
 6872
 6879
 6880
 6893
 6905
 6933
 6961
 6964
 6987
 7000
 7002
 7003
 7009
 7046
 7048
 7050
 7070
 7091
 7132
 7205
 7483
 7647
 8000
 8002
 8004
 8008
 8012
 8014
 8016
 8028
 8042
 8044
 8051
 8055
 8056
 8057
 8062
 8064
 8066
 8067
 8072
 8080
 8082
 8084
 8089
 8094
 8105
 8124
 8131
 8146
 8154
 8176
 8179
 8186
 8189
 8195
 8207
 8224
 8225
 8227
 8237
 8251
 8254
 8263
 8303
 8317
 8322
 8353
 8380
 8388
 8392
 8462
 8466
 8489
 8491
 8492
 8498
 8502
 8617
 8685
 8784
 8791
 8849
 8853
 8863
 8874
 8884
 8898
 8915
 8940
 8996
 9000
 9009
 9010
 9013
 9022
 9026
 9047
 9048
 9049
 9050
 9055
 9057
 9061
 9071
 9139
 9142
 9182
 9187
 9499
 9500
 9550
 9675
 9966
 10000
 10001
 10005
 10008
 10024
 10026
 10029
 10030
 10031
 10032
 10033
 10035
 10053
 10123
 10124
 10126
 10135
 10154
 10177
 10216
 10231
 10263
 10523
 10560
 11000
 11011
 11012
 11014
 11015
 11027
 11032
 11033
 11042
 11052
 11064
 11065
 11139
 11282
 11374
 11766
 12000
 12006
 12010
 12050
 12053
 12066
 12149
 12177
 12418
 12419
 12441
 12449
 12516
 12522
 12606
 12639
 12643
 12661
 12678
 12758
 12799
 12814
 13000
 13002
 13004
 13009
 13015
 13022
 13028
 13029
 13030
 13033
 13037
 13045
 13072
 13089
 13098
 13099
 13100
 13123
 13127
 13133
 13178
 13181
 13187
 13192
 13201
 13211
 13215
 13216
 13243
 13254
 13264
 13342
 13354
 13362
 13382
 13509
 13638
 13691
 13983
 14000
 14002
 14007
 14014
 14071
 14101
 14156
 15000
 15003
 15010
 15024
 15027
 15028
 15079
 15100
 15110
 15125
 15129
 15176
 15232
 15242
 15246
 15307
 15517
 15604
 15649
 15796
 15802
 15869
 15942
 16000
 16002
 16003
 16004
 16032
 16041
 16045
 16104
 16116
 16204
 16217
 16278
 16374
 16417
 16433
 16482
 16591
 16661
 16760
 16832
 16841
 16927
 16962
 16968
 16982
 16999
 17000
 17001
 17007
 17009
 17026
 17038
 17098
 17108
 17162
 17193
 17197
 17514
 17623
 17635
 17724
 17814
 18000
 18002
 18003
 18020
 18028
 18041
 18064
 18075
 18173
 18368
 18369
 18632
 19000
 19006
 19022
 19029
 19030
 19089
 19265
 19319
 19335
 19407
 19629
 19645
 19913
 19956
 19989
 20000
 20021
 20027
 20068
 20148
 20187
 20204
 20284
 20291
 20307
 20311
 20314
 20402
 21000
 21015
 21031
 21034
 21041
 21043
 21065
 21099
 21115
 21277
 21371
 22000
 22022
 22082
 22357
 22422
 22548
 23000
 23001
 23006
 23018
 23081
 23434
 23470
 23485
 23511
 23710
 23993
 24000
 24022
 24123
 24452
 25000
 25293
 25943
 26000
 26465
 26713
 26842
 27000
 27878
 28000
 29000
 29207
 29273
 29285
 29418
 29680
 29962
 30000
 30004
 30057
 30426
 30651
 30852
 30882
 31000
 31006
 31051
 31071
 31220
 31240
 31657
 32000
 32002
 32015
 32026
 32030
 32066
 32073
 32126
 32225
 32273
 32334
 32391
 32744
 33000
 34000
 35000
 36000
 37000
 38000
 39000
 40000
 41000
 42000
 43000
 44000
 45000
 46000
 47000
 48000
 49000
 50000
 51000
 52000
 53000
 54000
 55000
 56000
 57000
 58000
 59000
 60000
 61000
 62000
 63000
 64000
 65000
 66000
 67000
 68000
 69000
 70000
 71000
 72000
 73000
 74000
 75000
 76000
 77000
 78000
 79000
 80000
 81000
 82000
 83000
 84000
 85000
 86000
 87000
 88000
 89000
 90000
 91000
 92000
 93000
 94000
 95000
 96000
 97000
 98000
 99000
 100000
 101000
 102000
 103000
 104000
 105000
 106000
 107000
 108000
 109000
 110000
 111000
 112000
 113000
 114000
 115000
 116000
 117000
 118000
 119000
 120000
 121000
 122000
 123000
 124000
 125000
 126000
 127000
 128000
 129000
 130000
 131000
 132000
 133000
 134000
 135000
 136000
 137000
 138000
 139000
 140000
 141000
 142000
 143000
 144000
 145000
 146000
 147000
 148000
 149000
 150000
 151000
 152000
 153000
 154000
 155000
 156000
 157000
 158000
 159000
 160000
 161000
 162000
 163000
 164000
 165000
 166000
 167000
 168000
 169000
 170000
 171000
 172000
 173000
 174000
 175000
 176000
 177000
 178000
 179000
 180000
 181000
 182000
 183000
 184000
 185000
 186000
 187000
 188000
 189000
 190000
 191000
 192000
 193000
 194000
 195000
 196000
 197000
 198000
 199000
 200000


# name: optim_start
# type: scalar
199


# name: optim_steps
# type: matrix
# rows: 1
# columns: 201
 14 72 152 214 237 278 318 380 393 462 485 509 525 547 586 593 616 642 658 670 685 698 709 715 726 730 733 737 739 740 747 754 761 774 775 776 777 778 779 780 781 782 783 784 785 786 787 788 789 790 791 792 793 794 795 796 797 798 799 800 801 802 803 804 805 806 807 808 809 810 811 812 813 814 815 816 817 818 819 820 821 822 823 824 825 826 827 828 829 830 831 832 833 834 835 836 837 838 839 840 841 842 843 844 845 846 847 848 849 850 851 852 853 854 855 856 857 858 859 860 861 862 863 864 865 866 867 868 869 870 871 872 873 874 875 876 877 878 879 880 881 882 883 884 885 886 887 888 889 890 891 892 893 894 895 896 897 898 899 900 901 902 903 904 905 906 907 908 909 910 911 912 913 914 915 916 917 918 919 920 921 922 923 924 925 926 927 928 929 930 931 932 933 934 935 936 937 938 939 940 941


# name: VPVP_params
# type: scalar struct
# ndims: 2
 1 1
# length: 8
# name: lambda
# type: scalar
300000000


# name: downsample
# type: scalar
10


# name: MaxIter_X
# type: scalar
200


# name: MaxIter
# type: scalar
50


# name: optTol_X
# type: scalar
1e-06


# name: progTol_X
# type: scalar
1e-10


# name: optTol_aW
# type: scalar
0.0001


# name: progTol_aW
# type: scalar
1e-07




