# Created by Octave 3.8.1, Thu Nov 30 15:25:19 2017 ART <gabrevaya@ws15.labo7>
# name: y_start
# type: matrix
# rows: 15
# columns: 1
 -0.0003473342271491065
 -5.381362138844172e-05
 -0.0001214319193557287
 2.862739776797294e-05
 -3.411351753570862e-05
 -3.672860802120549e-05
 6.33693529764418e-06
 5.561781593543061e-05
 0.0001037720504253826
 -0.000273110001780257
 -8.024665233419214e-06
 -2.89492828363872e-05
 -1.600845667206986e-05
 2.953598824443306e-06
 -0.000236786853051494


# name: alphas
# type: cell
# rows: 1
# columns: 3
# name: <cell-element>
# type: matrix
# rows: 15
# columns: 1
 2.990697567638983
 -3.693705521686269
 -0.1063884180398425
 1.56355077655977
 1.643802727370866
 1.250456110797761
 -0.8444347151089254
 -0.1304943625084444
 1.088569905251991
 1.719333142554086
 0.8575694495015218
 -1.232972536214463
 0.3629405094045386
 0.4851518092797201
 0.3964453554119446



# name: <cell-element>
# type: matrix
# rows: 15
# columns: 1
 1.375869383759025
 2.409731762249563
 0.8965555675941533
 1.421678540530199
 0.3076146996359652
 1.29796043040315
 1.393784412596791
 0.6464286396947556
 1.588306128872443
 1.029743377565294
 0.4361047374675165
 0.9517299951051857
 1.37820461640021
 0.612690429315388
 0.9048995327613693



# name: <cell-element>
# type: matrix
# rows: 15
# columns: 1
 10.52353378089607
 10.8488800444979
 10.87502550188158
 11.3456283400494
 11.04708520038529
 11.68822335642057
 12.87883297212985
 11.54725354139342
 12.22118703076972
 11.08530870926086
 11.87412476835994
 11.10218527294378
 11.62855641572016
 11.16377938375804
 11.55916901497309





# name: W
# type: matrix
# rows: 15
# columns: 15
 -0.3476149794496155 0.1279080579810623 0.1333055640136199 0.3710451474098301 -0.1632057945105276 0.3595496453808577 0.3839998490475532 -0.6368814381177436 0.00390422360114867 -0.2134332220580654 -0.850628198595785 0.4597660989529379 -0.5090567966195028 -0.3627759788741297 0.6849805192323469
 -0.06660102605452928 -0.2325164385821443 0.2020971577850167 -0.1493834376190127 0.2278052205277246 -0.3121250991055697 -0.3069438108067482 0.7055412386672655 0.07603004447054744 0.08116705729034365 0.8164480371195448 -0.3711844651413975 0.5119759106133366 0.4277804851676806 -0.5849899607216063
 0.06168032022253025 -0.1218251247450204 -0.2301828892358563 -0.6081656178846366 0.1298075619433177 -0.2605133078481642 -0.4837513551920528 -0.1351032577920963 0.1560934244119482 0.137903138112314 0.1132859649228441 -0.2612544774657308 0.4240972246484961 0.05692183525752469 -0.02820335027610855
 0.2074278224620927 -0.08881885759016224 0.05122659471060986 -0.4195628203311293 0.02046277301074785 -0.2818641426138885 -0.007352275827408365 0.6102281932860385 0.2716692098600164 0.1714511555039308 0.3967596423815533 -0.1634412226806535 0.690100497635933 0.02307323081546412 -0.2859094293593655
 -0.6574822996781103 0.2617821704192944 -0.07441704670004105 0.1699171242033602 0.1079622433843348 0.379543176240021 0.260103492581657 -0.4920217172465619 -0.04191479899470183 -0.4360102066365997 0.02741561840304289 0.06396745347713392 -0.327908695583511 0.2408134932924445 -0.1622009224299084
 0.1680885997647832 -0.09702511366097169 -0.05325728723736124 -0.4307535101981355 0.2025864195391126 -0.3358550793241626 -0.1102612038287182 -0.01687773419039391 -0.1930797399134222 0.0532825800857172 0.2003624815125531 -0.1760232035838051 0.1022627009918509 0.2130841197574541 -0.2822464209429229
 -0.2287680003258547 0.02462362792748505 0.339984566181258 -0.3716449864833731 0.04054813115248321 -0.1372562918165736 -0.3774245477024753 0.2897400082977049 0.107440344774295 0.07619475294139438 0.4026280231088674 -0.2377961915476234 0.3385562393986696 0.2715087948546191 -0.08636156047103319
 0.3584948871599263 -1.025768220269164 -0.5307215114119018 -0.2991429194452435 0.796912789567352 -0.2656575408756883 -0.4528355090255294 -0.417833610132255 -0.6250817130372237 0.02661458784449713 0.4180876924638836 -0.5018783098600837 -0.09020382432916764 -0.1600748609073865 -1.186766990239929
 0.1701973125182106 -0.119990151600786 0.01068714446281576 -0.04311618572247904 -0.04114425879261181 0.02728949993769525 -0.1083213748118477 -0.4290914584779663 -0.1518882882952584 -0.08120357365393273 -0.2899641230586844 0.08908183947621821 -0.1674964676861103 -0.2579012689518071 -0.02778759604317608
 -0.1990375683578556 0.1360157261336106 0.2644016081866208 0.293587151411329 -0.003085945651507517 0.2029337107684011 0.2483626911989565 -0.1791236758108325 0.05884032166500657 -0.2622850030998828 -0.2386371163066798 0.3337332105104391 -0.1798240663109051 0.01397547571728062 0.6400626595803639
 -0.4869794412048957 0.2533665189083209 0.07083303870474275 0.09684171534422645 0.1303467964256965 0.3169372791603848 0.2891502076759694 -0.05267002408111224 -0.007260975645585251 -0.2628161275217833 -0.310757539382092 0.1137576854608311 -0.1024233315948946 0.09423168101904841 0.273128235205303
 -0.01926249207984219 -0.04820891123067111 0.125467699873548 -0.2300792934342076 -0.1446039071488976 -0.08782728360830269 -0.2908796868452976 0.03903953519604719 0.0009578664942934534 0.1564694615792047 0.3613488873108699 -0.3251500671443274 0.1289964300275466 0.2281311068049515 -0.1672590247021905
 0.1603487268292939 0.2037356541019151 0.2168133195135612 0.2184763428742056 -0.1516488145406602 0.1877101083806425 0.4075963051610804 -0.2185905428909641 0.1977727034192486 -0.03275871400805518 -0.6518892799474282 0.4870987911017361 -0.1791089285002392 -0.4593356750211151 0.6114257288957242
 -0.8118360695671305 0.1750902589497613 0.407076308389176 0.1245011105553458 0.2057709990314447 0.2281490001278241 0.2590005532217258 -0.2142905634672465 0.05492777755699961 -0.4828256129787387 0.217982090264509 0.05539982817858246 0.0275712945898921 0.1431602439962263 -0.1426186059554322
 -0.2569060848617067 0.112329083506211 0.436844478124815 -0.3904445076747763 -0.3378449438998025 -0.1646850673937857 -0.4053721860456966 -0.07615190742931582 0.0767222593187469 0.1318886840615803 0.1877114810789117 -0.3498706159421104 0.2658261974980503 0.0428268923548818 -0.4040842179563612


# name: iter
# type: scalar
300000


# name: c
# type: matrix
# rows: 1
# columns: 15
 NaN NaN NaN NaN NaN NaN NaN NaN NaN NaN NaN NaN NaN NaN NaN


# name: mean_corr
# type: matrix
# rows: 924
# columns: 1
 -0.1040860570423117
 -0.1238575932647883
 0.409997414917095
 0.4100731812689172
 0.405791741293019
 0.4097846694797352
 0.4113500152237998
 0.403523855076528
 0.400627230403857
 0.3966568271497419
 0.3974429147272032
 0.3956688921668498
 0.3946943954709942
 0.3891885324732461
 0.3887337313333498
 0.3887948739651289
 0.3954376748604532
 0.3933099976094657
 0.3932720245727402
 0.3979000779283931
 0.401304473348698
 0.3988296558916191
 0.3953243415321449
 0.3955212196056778
 0.3724547279585044
 0.3725697339468357
 0.3606865342522265
 0.3474043634148617
 0.3476162021883427
 0.3466156272299525
 0.3478217929578546
 0.3434513415268832
 0.3448188018330139
 0.3426929218979325
 0.3435857670624387
 0.3470319143896323
 0.3482785796014677
 0.3328893360463014
 0.3439256573054567
 0.3454277101576275
 0.3453975807723044
 0.341183922367394
 0.3373192364906165
 0.3386612779763002
 0.3389803146235417
 0.3485867821287501
 0.351982690805704
 0.3505840825483752
 0.3519598253985544
 0.3480010948531426
 0.3471995736289842
 0.3476906383019992
 0.3480231588785602
 0.3484893515609415
 0.3513240685383054
 0.340872966617471
 0.3396745068336365
 0.3313681376574348
 0.3305699082131321
 0.3317670813129456
 0.3329623929834974
 0.3287763962187781
 0.3293830492981628
 0.329402685925585
 0.3280777837174493
 0.3156756198800537
 0.3154841853317647
 0.3191832047408382
 0.3180406963377506
 0.3143911936562841
 0.314019661613077
 0.3136679735051489
 0.311879272163492
 0.3152133026848576
 0.3161385839635557
 0.3160760902360994
 0.3230121631526442
 0.3217915237950356
 0.3213925651555001
 0.3208211335218459
 0.3217506769343073
 0.3225466416172489
 0.3231535970375116
 0.3225882315467011
 0.3225588843752512
 0.3278220333497307
 0.3279710876782028
 0.3298799391951718
 0.3303676954883962
 0.3324862606548982
 0.3387250858062748
 0.3495296524615948
 0.3500004257503518
 0.3473139398352736
 0.3480110720982134
 0.348680826556218
 0.350051454483395
 0.3556205350202455
 0.3541935729345568
 0.3537185951989005
 0.3523483351661937
 0.346615446537773
 0.350730436919343
 0.3482490479461727
 0.3480752755716053
 0.3457718286706015
 0.3450733056282768
 0.3447641998451567
 0.3460679524345472
 0.3428418155997982
 0.339118421074652
 0.3386786029665542
 0.3383182008037041
 0.3416488733717465
 0.341237486864394
 0.3412269433506997
 0.3411528448804237
 0.3376724033213207
 0.3390505138449814
 0.3390893070768226
 0.3394146925465197
 0.3357193264357239
 0.3314139435179389
 0.3334679183492015
 0.3333464428976508
 0.3403565980373197
 0.3376870934566666
 0.3415716207605618
 0.3423780084384796
 0.3430002091633531
 0.3422929280570203
 0.3328180551422649
 0.3347397263503972
 0.3367508828326829
 0.3359662821853789
 0.3360403247229324
 0.3364855581717983
 0.3375990458806593
 0.3367637338845235
 0.3373272823220496
 0.3366118738929172
 0.3388524695105095
 0.3417187245814582
 0.3360531217039739
 0.3357981764940667
 0.3323874703790953
 0.3369869292155988
 0.3360227622661852
 0.3366675642304921
 0.33536391135078
 0.3328536116923754
 0.3299622027922598
 0.3297482185690733
 0.3300226994621401
 0.4806350494113691
 0.4808182055495195
 0.4766694564664576
 0.4752888475894781
 0.4754580606392389
 0.4697153167894911
 0.4307197653507622
 0.4302653032010146
 0.4297129226491117
 0.4698097632767159
 0.4654466906034599
 0.4651654146385925
 0.4644212259918493
 0.4545664749101954
 0.4540539791545602
 0.4541944766878133
 0.4523044644618919
 0.4311026948599033
 0.4316216038613612
 0.4297887574473443
 0.4307012881730779
 0.4151578980916828
 0.4132454221338904
 0.4151505667144857
 0.4130547901445548
 0.4125925138045038
 0.4130028206354623
 0.4144869755136951
 0.4160667646164965
 0.4163705732638948
 0.4185952545988478
 0.3858867560054353
 0.3855676366976605
 0.3987125765712874
 0.3906943315961299
 0.3864923753674194
 0.3885820713082549
 0.3836207321140591
 0.3782803398373425
 0.3762544444811688
 0.3775034907824142
 0.3788019938001981
 0.3712611910236874
 0.3727867666374083
 0.3735998717049032
 0.3693195389184659
 0.3689588219975881
 0.3772038373568698
 0.3843426106628508
 0.3815006819356486
 0.3807944428632213
 0.378981763587973
 0.3783732818877933
 0.3724262028211968
 0.3720936039259078
 0.3739760918465239
 0.3754094453576249
 0.3745513526494086
 0.3749942909263367
 0.3711450479358883
 0.3652587737857663
 0.3671441661178039
 0.3646791508219884
 0.3644482247417791
 0.3641988912455849
 0.3656253779497891
 0.3672662716917464
 0.3694024133326053
 0.3743856885594594
 0.3752054321873701
 0.3723971667506702
 0.3741697867271273
 0.377619209676443
 0.3759971505675482
 0.3757474324268483
 0.3754147577826942
 0.3752460478276402
 0.377466671993959
 0.3790469048397268
 0.3639507594280249
 0.363036489612712
 0.3613424126278752
 0.3615322182619274
 0.3613157574368589
 0.3603949464094026
 0.3599037280234041
 0.3531925067756102
 0.349895103707401
 0.3549185362049789
 0.3567873717448851
 0.3572255492567152
 0.3543273962418654
 0.3544337434229482
 0.3543934303185243
 0.35535372821517
 0.3539759784061703
 0.3560183784903422
 0.3644582822778412
 0.3646211884829082
 0.3657554594790555
 0.3678359841391955
 0.3669925624194944
 0.3697111066987961
 0.35854262765298
 0.3563311825117205
 0.3575012388958781
 0.3634031663075634
 0.3661219690289615
 0.3700523906631664
 0.3709232741538236
 0.374592129036275
 0.3660943639422214
 0.3647386521583847
 0.3700585402620229
 0.368975131554723
 0.3707560102645565
 0.3730685413334461
 0.3714287476481645
 0.3736065407387505
 0.369604703947826
 0.3639256602264761
 0.3650381134668644
 0.3659194371610237
 0.3719966444834063
 0.372874280594268
 0.3719853594882877
 0.3745316784915891
 0.3690879713889882
 0.3570421632048187
 0.361400656427511
 0.3655366715281044
 0.3640727095312041
 0.3682209050987175
 0.3680568356673941
 0.3692194677888266
 0.3608807563190277
 0.3567912932171613
 0.3576711489645735
 0.3610310564487645
 0.360259081801595
 0.3595727998873375
 0.3583452564073905
 0.3577201048461221
 0.3579106502624356
 0.357863162334023
 0.3591793915792744
 0.3611785828411574
 0.3602104928822766
 0.3609334548589345
 0.3776124090996517
 0.3764138884845355
 0.3763665281159305
 0.3732767970693935
 0.3711751261517254
 0.3725863094900754
 0.3737089265708808
 0.3730406211274551
 0.3647511906588286
 0.366045223640004
 0.3812679454075195
 0.3822089271604484
 0.3822870409915539
 0.3820625311137647
 0.3825607263494585
 0.3827399381207199
 0.3829021325698267
 0.3836980151891494
 0.3842027617532316
 0.3840935743547791
 0.3772288321893026
 0.3872413609818633
 0.3881054331045303
 0.3847849138905522
 0.3848981430827305
 0.3859533189316118
 0.3840531664490265
 0.3823480574315533
 0.3746750053863807
 0.3747209611500905
 0.3763562478814232
 0.3757162622474433
 0.3753348764452019
 0.3754862612548945
 0.3761328871198039
 0.3755656857654875
 0.3763017517762031
 0.3772447836229227
 0.3779838729147587
 0.3687682727637498
 0.3698555213231043
 0.3785525240539061
 0.3792241329998503
 0.3856749895424708
 0.3862870233437088
 0.3873361744029642
 0.3835031694228626
 0.3836121338519139
 0.3841569209385384
 0.3841400298045488
 0.3842044328476344
 0.3849051231124889
 0.3852358542235247
 0.3843821607923252
 0.3845956921387847
 0.3845281059997822
 0.3843640470424319
 0.3826712407175664
 0.3794970025588651
 0.3793961135490307
 0.3843256387734941
 0.3845143272315533
 0.3839568491752879
 0.3827541352211254
 0.3827902914118868
 0.4746512884991885
 0.4756807937238198
 0.460454857636968
 0.4607156629345823
 0.4480434411551407
 0.4433064666720533
 0.4413806970573045
 0.4400685123458647
 0.4416278281961506
 0.461597673854812
 0.4619216171674932
 0.4611781658699237
 0.4459668858165942
 0.4397908395855191
 0.4397550589267328
 0.438077113992773
 0.4523520446634765
 0.4070874556794065
 0.4071066462120119
 0.4037322820792958
 0.4278600760026384
 0.4276395793151873
 0.4133317514195326
 0.4109721600642928
 0.412797788985133
 0.4132985948253542
 0.413257192006739
 0.4174151325075638
 0.4159905301466638
 0.4159350134509693
 0.4167104855798509
 0.4157235159814164
 0.4152459816992024
 0.4152150448834185
 0.414052091437717
 0.4140280587454335
 0.4138806921903112
 0.4122151842489731
 0.4123668069749471
 0.4101248326308247
 0.4096262123613787
 0.4068837259384041
 0.4013736418579639
 0.3998603018377551
 0.4034530082292098
 0.4118851558726714
 0.4097299332762626
 0.4103025246843196
 0.4099744549741596
 0.4016045489162062
 0.4017461999473997
 0.40238453232978
 0.4017096304720247
 0.4016432665437046
 0.4030937943099936
 0.4009531587227229
 0.4021600061632229
 0.4004000268408346
 0.4006290934615657
 0.3996441765538127
 0.3996394611076387
 0.3992306660243222
 0.39969560000954
 0.3987814111175413
 0.397872233353019
 0.3928270566678663
 0.392331744363176
 0.3924295227149276
 0.3927432747983493
 0.3970300030298598
 0.4034286659156468
 0.4033639901553191
 0.4033152852863192
 0.4028238118643031
 0.4028299949141694
 0.3955049045460313
 0.3964093777715387
 0.4091939070086472
 0.4096251768767333
 0.4107155343009255
 0.4109416721940635
 0.4104321019425333
 0.4100711071580415
 0.4102552269123066
 0.4106585262590582
 0.4104760966674476
 0.4090787323678795
 0.4092062338667022
 0.4088905837988263
 0.4087430016303675
 0.4101892794362792
 0.4100934822226909
 0.4074160267110296
 0.4071221684762859
 0.407323648060748
 0.4079861386621497
 0.4079447335449118
 0.406949309839507
 0.4064745415552483
 0.408413749443554
 0.4089607889147401
 0.408615307276788
 0.4084154579092398
 0.408664484175039
 0.4053227681098597
 0.4046660607534143
 0.404962011959797
 0.4017377823074134
 0.3991764253221414
 0.4014945790632474
 0.4009863977664676
 0.4019788460534002
 0.3983628606599492
 0.3978223596820909
 0.3969172647030914
 0.399717849608564
 0.3993928317258122
 0.3986439815470699
 0.4001455062051874
 0.4009339865303285
 0.4026631248537216
 0.3997389243849521
 0.399020986876032
 0.3987972635770357
 0.3992080354663649
 0.4004125259388533
 0.3992158936364186
 0.4003075000174759
 0.4003522559683403
 0.4001282580353301
 0.3988142006738819
 0.4013017368926825
 0.4010452877936216
 0.399489367551158
 0.3987485386424374
 0.3960489096879805
 0.3962711156118673
 0.3962416399119797
 0.3962984407797668
 0.3956083073795875
 0.3954554228789677
 0.3951954196767445
 0.3953494947524484
 0.3953528130785479
 0.3958590380226429
 0.3966523168733805
 0.4839011372149021
 0.4841769449853283
 0.4801827067039071
 0.4778108669015551
 0.4580456018518212
 0.4578842910093109
 0.4578434963587012
 0.4544814418899398
 0.4540352178189989
 0.4400848172456738
 0.4408070345362314
 0.4396176687845815
 0.4386756113974353
 0.4405643859298065
 0.4354750899785689
 0.4352707834517625
 0.4380325669249669
 0.4384915077086255
 0.4384975891304605
 0.4379359126913345
 0.4420799058763189
 0.4420445296279549
 0.4408150031968701
 0.4404632581749995
 0.4389990367978384
 0.4388168543273771
 0.4426233942457988
 0.4428927918660951
 0.439916624359435
 0.4393951595391019
 0.436316927614947
 0.4365806175942679
 0.4391509077722034
 0.4442003330556529
 0.4503428069456515
 0.4494439020478448
 0.4500203479858132
 0.4507333785114656
 0.4478580788640206
 0.447701006895012
 0.4454492668055727
 0.445019788643002
 0.4436461305197067
 0.4423377899896284
 0.443775559515011
 0.4442859220264315
 0.4511629130837049
 0.4508579076515545
 0.4542953404350676
 0.4554308144455289
 0.4483647168279888
 0.4482527169943252
 0.4288893203873573
 0.4337726629608583
 0.430776941871429
 0.4291458510057715
 0.4230671164954559
 0.4244966842559467
 0.424380674256237
 0.4219312022225287
 0.4269063713777926
 0.4265358589495773
 0.4288144755976922
 0.4249482325703244
 0.4251092855306267
 0.431764063982596
 0.4311792956258105
 0.4278495137574799
 0.4283461470647628
 0.42930269901123
 0.4284078360077063
 0.4281335153054837
 0.427329263260572
 0.427307341987392
 0.4245473640157483
 0.4249497517750105
 0.4249625811693231
 0.4245313828743448
 0.4258290215578828
 0.4248361411238308
 0.4254455108190461
 0.4231750247936654
 0.424625623039114
 0.4235795595984848
 0.420252333722235
 0.4163421116403832
 0.4180780745445206
 0.4238442959148259
 0.4246082524096896
 0.424276087033425
 0.425914738648894
 0.4283067713722238
 0.4220226248788393
 0.4229250823182417
 0.4223104131789823
 0.4243150782220547
 0.4240861336578263
 0.4237480614236098
 0.4232542465702591
 0.4223939771803
 0.4229967031207322
 0.4228711652482259
 0.4231254633067816
 0.4221900731523985
 0.4223453709462829
 0.4205772186142144
 0.4179582835872523
 0.4181191074405584
 0.4187084276799575
 0.4143999949667433
 0.4148367532439879
 0.4130823683955738
 0.4118400930660727
 0.4102059040696916
 0.4925758044974284
 0.493705486872314
 0.4916446707271722
 0.4915396755780846
 0.4917109545634074
 0.4908130054381323
 0.4930585719088475
 0.4889502892044708
 0.4889313632156063
 0.489456338361891
 0.4680143532926038
 0.4697121218224197
 0.469929266326212
 0.4693956908202057
 0.4626989155594128
 0.4660185735193651
 0.4624389684095984
 0.4527185151101023
 0.4504113662410537
 0.4484823068674052
 0.4480535035259627
 0.4661778308451303
 0.466398517070308
 0.4654435330625528
 0.4649793500567212
 0.4595301242157094
 0.4583257107409563
 0.4607292964294323
 0.4572109617257447
 0.4546924003194169
 0.4536967064761003
 0.4541124272555283
 0.4518229770081298
 0.450178255853551
 0.4501557814205467
 0.4480810531873401
 0.4516719579939242
 0.4495749786686005
 0.4531838379287953
 0.4492231203541084
 0.4495871058407495
 0.455246874012521
 0.44869086888858
 0.4424607148458468
 0.4416928063358929
 0.4409502915378364
 0.4400872933149694
 0.4394416378631334
 0.442645301767031
 0.4422807760815916
 0.4439368280393569
 0.4415907434140298
 0.4399304090824021
 0.4432303106782369
 0.443319487407262
 0.4425153193507487
 0.4418986559572662
 0.4428398345777721
 0.4434272209018448
 0.4413612718013439
 0.4442568474904406
 0.4442535717420324
 0.4426702250969582
 0.4455831501010115
 0.4435983873994377
 0.4432389864405354
 0.4442002464066447
 0.443720324211861
 0.4444016476285115
 0.4428395769545937
 0.4429077565756206
 0.4417384644847961
 0.4408830269449748
 0.4418968890631901
 0.4409574430873697
 0.4932321047864106
 0.4912985092505769
 0.4963469329229066
 0.4567119385082236
 0.4548000390294664
 0.4534167461801017
 0.4530192796302629
 0.452496865958067
 0.4514534830584294
 0.4925621327294195
 0.4933808211491463
 0.4957143446694238
 0.4934441411230485
 0.4963885742060897
 0.49643283045736
 0.4974075662253566
 0.4976385601202789
 0.4975568714369795
 0.4956723097775274
 0.4965841659113021
 0.4969915473482281
 0.4988236100197
 0.4978805650694003
 0.4982685846952429
 0.4980760189923127
 0.4969538312811331
 0.4748433511072552
 0.4722967293809441
 0.4709490198365731
 0.4572479404785931
 0.4547833626024425
 0.4554267337539804
 0.4547949160024206
 0.4534448560977668
 0.4547998878454827
 0.4557601023667333
 0.4504247389887481
 0.4655304948628514
 0.4653022582031167
 0.4622006817482288
 0.4634212194104969
 0.4664186562859475
 0.4664472688074758
 0.4669424162075924
 0.4653828971350164
 0.4647286452463891
 0.4633075345982531
 0.4647716278845709
 0.4644726890827726
 0.4646769783204684
 0.4744318540553793
 0.4749104164329438
 0.475096508754237
 0.4614458297433612
 0.4608392489366024
 0.4605866123423201
 0.4374500616404474
 0.4364242714116479
 0.4377929605375811
 0.4369427881544032
 0.4347819213953268
 0.4346109943817565
 0.4367420705038382
 0.4388335733601615
 0.438175449262926
 0.4376304461319471
 0.4365358340563261
 0.4340773208360078
 0.4286366749748837
 0.4272062358622036
 0.4287011169113164
 0.4282741598314125
 0.4272544509193684
 0.428349438760631
 0.4283033812254368
 0.4290411812280291
 0.4303697022439458
 0.4263554805708964
 0.4458852831371938
 0.4545842275321818
 0.4552731725648448
 0.4564115843847062
 0.4461178400953374
 0.4446379665285549
 0.4380217033360552
 0.4426645913357682
 0.4395023588880317
 0.4363052030506715
 0.4368184883103443
 0.43518539207579
 0.4335370891874509
 0.4376838137853296
 0.440123476348646
 0.4389182554719271
 0.4388287049521352
 0.4370467963269019
 0.437439179044244
 0.4358851702292718
 0.4346068501578495
 0.434830476130507
 0.4342993709072624
 0.4326609256944555
 0.432951985554104
 0.4324632524879452
 0.4331140958011954
 0.4308512637175315
 0.4299837295489579
 0.4310062032393144
 0.4312377755022249
 0.4310031160654646
 0.4295435216532285
 0.4292060424578507
 0.4291677340332104
 0.4287543948704992
 0.4264414420665564
 0.4181158410489468
 0.4219679455674987
 0.422184331428202
 0.419926050654592
 0.425894208489183
 0.4218679343846016
 0.4244778280311911
 0.4240503372103069
 0.4241401994351557
 0.4237987314433773
 0.4227055159449555
 0.4232924875502197
 NaN
 NaN
 NaN
 NaN
 NaN
 NaN
 NaN
 NaN
 NaN
 NaN
 NaN
 NaN
 NaN
 NaN
 NaN
 NaN
 NaN
 NaN
 NaN
 NaN
 NaN
 NaN
 NaN
 NaN
 NaN
 NaN
 NaN
 NaN
 NaN
 NaN
 NaN
 NaN
 NaN
 NaN
 NaN
 NaN
 NaN
 NaN
 NaN
 NaN
 NaN
 NaN
 NaN
 NaN
 NaN
 NaN
 NaN
 NaN
 NaN
 NaN
 NaN
 NaN
 NaN
 NaN
 NaN
 NaN
 NaN
 NaN
 NaN
 NaN
 NaN
 NaN
 NaN
 NaN
 NaN
 NaN
 NaN
 NaN
 NaN
 NaN
 NaN
 NaN
 NaN
 NaN
 NaN
 NaN
 NaN
 NaN
 NaN
 NaN
 NaN
 NaN
 NaN
 NaN
 NaN
 NaN
 NaN
 NaN
 NaN
 NaN
 NaN
 NaN
 NaN
 NaN


# name: mean_error
# type: matrix
# rows: 924
# columns: 1
 1.463347132328217
 1.4548799034667
 1.248343778972045
 1.248317094200681
 1.260503504415149
 1.254089517916719
 1.254544354402388
 1.266811961357923
 1.265564701471313
 1.279525352051194
 1.278585729696021
 1.279524678018483
 1.27087961273074
 1.273851772373387
 1.272598836463036
 1.272570058084164
 1.270453728380784
 1.26789956276258
 1.269532536578841
 1.277431746697248
 1.27427939875705
 1.280629769840057
 1.282914001997857
 1.282200086248785
 1.298735668998421
 1.298503683258566
 1.280906890965232
 1.287081714329756
 1.28453076913828
 1.284789665351016
 1.284642291319075
 1.290019652426226
 1.288772856818537
 1.288744876059739
 1.264004770111627
 1.262249036593921
 1.262765218147706
 1.26824980023617
 1.266878367074999
 1.277481880008916
 1.274695762075045
 1.276328273852042
 1.283274826445107
 1.277189893707957
 1.277224817022773
 1.272557246523612
 1.272382896191789
 1.273075499070208
 1.272157580937378
 1.271296004901915
 1.270408812440755
 1.275144418626436
 1.276995583196375
 1.279298404014697
 1.278981166405678
 1.283400272295259
 1.282363925560335
 1.282979301327813
 1.282985171948092
 1.284184385559557
 1.283496228558973
 1.283687127782398
 1.282394962053721
 1.283120642973214
 1.283530980130774
 1.285423007743733
 1.287142965000001
 1.288063187261423
 1.288753161204149
 1.290210460090305
 1.290116201894636
 1.28977180286947
 1.289104700120933
 1.288826821841109
 1.290864143394782
 1.29179804038399
 1.295192294522125
 1.296707078427785
 1.296395447024332
 1.296298572848793
 1.295615633320187
 1.295740565845411
 1.295591528081156
 1.296963896633543
 1.298595510079592
 1.302371885397777
 1.301649146653104
 1.30397142172439
 1.307669489347391
 1.306977177773903
 1.315016525933841
 1.312055792432286
 1.311665930151619
 1.313095823837958
 1.31444075113327
 1.315551704951935
 1.316525532490197
 1.315567448774733
 1.316586631385737
 1.315234711196591
 1.318566879069156
 1.32005294791419
 1.320291167899912
 1.320799614149705
 1.320519334635406
 1.321593008009945
 1.321332949504877
 1.320355091316727
 1.318862230457352
 1.319585341401337
 1.321032985141971
 1.322423765738857
 1.323098996200156
 1.323574390711289
 1.323414597778618
 1.321121239376602
 1.320086025707549
 1.322455326041339
 1.320763855953424
 1.318858010212855
 1.31694855137155
 1.313346311050374
 1.315332839582332
 1.315244756664601
 1.316395100285191
 1.315987939099358
 1.31892314611239
 1.317592170053226
 1.317764128857112
 1.317983265311706
 1.320030157014593
 1.322230386295179
 1.323263232982826
 1.3212662144617
 1.320424576578223
 1.323278400147371
 1.322881397144886
 1.324501869410742
 1.324852295329785
 1.32448682670696
 1.324580671868079
 1.322798504964229
 1.321640358370483
 1.32262554737887
 1.322923764190734
 1.325083158915171
 1.322999556222636
 1.322951081831526
 1.322955181753788
 1.323641928459321
 1.325636554923594
 1.326097453921505
 1.325363843915188
 1.32560202995916
 1.18514563190614
 1.184805178087654
 1.18323523560026
 1.182652682981655
 1.182051130562351
 1.183345559364203
 1.223037013940929
 1.220969414516779
 1.224026164164297
 1.184164629998037
 1.191204878590663
 1.189264925833144
 1.190537930208287
 1.187341043892829
 1.187752378898249
 1.18733438094733
 1.18878436709504
 1.194571716155972
 1.19006112527677
 1.209062911051088
 1.206721968576926
 1.216407796452049
 1.217545907849063
 1.221355768110686
 1.225558407927402
 1.226940149249398
 1.231106604342801
 1.23358382327667
 1.231623615000415
 1.231493716037831
 1.232119289094173
 1.254758588276824
 1.256067300249057
 1.245745832906203
 1.248297708682309
 1.245294881260906
 1.244366557192291
 1.242482059199013
 1.242792335934736
 1.24392595854697
 1.245124843115976
 1.247057444194696
 1.2498493632578
 1.249225825011028
 1.248971246285628
 1.249761538468821
 1.254869983777695
 1.251885239281137
 1.250176091725203
 1.253762007206149
 1.256357413377757
 1.257900619158053
 1.260014681714853
 1.251990182479366
 1.248836244652509
 1.252756297875578
 1.249925737749048
 1.247448499290908
 1.250738612584467
 1.250754076256941
 1.24794238731699
 1.249677908082723
 1.251923883911553
 1.249521934617806
 1.249776230271879
 1.249100848716473
 1.249071326445854
 1.249733923012696
 1.247190295510188
 1.247479230590173
 1.253942018335105
 1.247573600443108
 1.242427226394194
 1.242071781312587
 1.243144772747811
 1.241483048872668
 1.245355914593419
 1.248004682732436
 1.247319504484767
 1.248948061741267
 1.247929318322305
 1.24654335184428
 1.246523690193837
 1.248098410691978
 1.249316325413589
 1.253048624522268
 1.25613688824709
 1.256966261478264
 1.258951479054059
 1.255816974130828
 1.257377114541101
 1.256010914004937
 1.256228513681147
 1.256205477471482
 1.256334352661874
 1.255584910842951
 1.255340833272121
 1.253929847705529
 1.253854818819406
 1.253532948780335
 1.25169201162458
 1.253986912155587
 1.252664301677343
 1.257158448066976
 1.257829898047603
 1.257061461333303
 1.253434614225362
 1.257001955003012
 1.254110309930362
 1.254220172331731
 1.256298276468672
 1.256171677257601
 1.255406040563198
 1.250563610487877
 1.252190945454252
 1.249868049310677
 1.253658865445173
 1.252116899627872
 1.250715580790304
 1.250840414525924
 1.255939320776486
 1.259929727940892
 1.261602520860742
 1.259674053402298
 1.262072720929531
 1.263141996150302
 1.262484683370265
 1.267234493351144
 1.27142988380335
 1.271284085266348
 1.269732815153773
 1.269706565567035
 1.271762906699219
 1.273379781912092
 1.270054157144987
 1.272804403266437
 1.272147567022162
 1.273620737482527
 1.271216317315061
 1.27230106530055
 1.271768886905363
 1.274850668033861
 1.275065885733303
 1.276146798319887
 1.272174427635056
 1.273072702578584
 1.27276647059907
 1.271376525064678
 1.271693568296102
 1.262661001889455
 1.263269420136762
 1.263215588607844
 1.260228320851199
 1.26071691879423
 1.260387105823414
 1.261403186688061
 1.260097315440788
 1.26321149376589
 1.264989103442979
 1.259482825924614
 1.258728839756987
 1.258221565134991
 1.259100873444002
 1.260981468794999
 1.260806196947961
 1.260574668385734
 1.262283901120812
 1.264537050075564
 1.264608967345882
 1.264546625398659
 1.254707936972871
 1.2567644655464
 1.258068326763106
 1.256333164512193
 1.258688506371292
 1.259869034864506
 1.261013725595219
 1.262868984242496
 1.264242970229007
 1.264005022817746
 1.262494162297839
 1.263309013336693
 1.264111017540101
 1.262496655971425
 1.262369082694281
 1.261724107476619
 1.261212156009741
 1.261151740563513
 1.26628550563621
 1.26508169193643
 1.262095814717235
 1.263146922282531
 1.262740023895901
 1.26189433607542
 1.263251291113703
 1.26151835835694
 1.260449953949924
 1.257684696252073
 1.259294286950739
 1.259242623036781
 1.261068152706913
 1.260680531638272
 1.266680988899938
 1.268095833350757
 1.26761541290322
 1.267899200371091
 1.265505036481811
 1.263686612004353
 1.261928078295025
 1.260871801228869
 1.26069763668771
 1.259392475953363
 1.259788816238318
 1.262703659904306
 1.207510555382197
 1.2052912466634
 1.213364560919202
 1.212888097351966
 1.216137759375113
 1.21312460268112
 1.213640900777238
 1.215182654799674
 1.2149516167839
 1.215404200860291
 1.214955674993848
 1.214815522559044
 1.233362667226536
 1.238840850714334
 1.238429428726073
 1.241263606262297
 1.240201960197076
 1.26687855377665
 1.269743452069904
 1.26955180953108
 1.25590519601458
 1.256786749621913
 1.269420785874689
 1.270698997186247
 1.270935244381741
 1.270787509594963
 1.269483342948845
 1.270926325587603
 1.270542366475063
 1.272458706467797
 1.270574391920299
 1.270809154258586
 1.266414589480757
 1.267189049837962
 1.265717238787982
 1.266148102679808
 1.266596313380384
 1.269831344649294
 1.26681729451772
 1.26862830976018
 1.26867061409531
 1.268255448639614
 1.264360964857481
 1.26280117820102
 1.267490625938523
 1.260439777421554
 1.258508952965081
 1.255369363820711
 1.255109463952462
 1.261331392184875
 1.260762741099397
 1.260526870001233
 1.260565205388559
 1.261297065531942
 1.261092878025297
 1.263356315642221
 1.262856657056464
 1.261590205901781
 1.260870660558886
 1.261815483916769
 1.262041862421403
 1.262640301594326
 1.262359330933505
 1.263046831867065
 1.263398467752398
 1.266593151632662
 1.265665375137412
 1.265615426661225
 1.265602088157409
 1.266103361476149
 1.267375548744426
 1.267343661808631
 1.267680397922335
 1.267410278117858
 1.27091572795399
 1.271628455255323
 1.271103127687814
 1.260028732331645
 1.260341655658403
 1.261363331093066
 1.260301829799542
 1.260476817244803
 1.262928918369931
 1.262909362391265
 1.262335861722933
 1.262599950572707
 1.263364198118485
 1.262651043280093
 1.26220810075306
 1.262146768279749
 1.260480773118115
 1.259716793995751
 1.259338547906083
 1.259590084696532
 1.259662296705881
 1.259459865602814
 1.259517298831296
 1.259588854163048
 1.259712274887903
 1.259499834124183
 1.261000090651133
 1.26191269023991
 1.26339951945288
 1.262965551049402
 1.262441988272097
 1.262087082074419
 1.261988489487879
 1.261833382194032
 1.260907621828641
 1.260309098356727
 1.260113909133673
 1.259609557912736
 1.262080190348678
 1.261971329002429
 1.264909508878287
 1.262314391253176
 1.261723205258674
 1.263068376305899
 1.261073951381657
 1.260187497166475
 1.258932556937725
 1.260913325505457
 1.261283070223784
 1.261599153734957
 1.260969727363968
 1.258897763549077
 1.262456477430202
 1.261942616307469
 1.262204962905565
 1.262069370019345
 1.261897630650568
 1.26048058084503
 1.25945589892198
 1.258685524053436
 1.259086673847485
 1.259800615403815
 1.259957435332076
 1.260106015844886
 1.260682231379734
 1.262337230800395
 1.262683346106703
 1.260528930000745
 1.260686697057996
 1.26058494709924
 1.259756299963359
 1.258517016038338
 1.197293295012005
 1.201855673205105
 1.204054536499803
 1.20434976723924
 1.22416126482865
 1.224503103844093
 1.225742704000797
 1.220915827659066
 1.221680800711369
 1.224298805293351
 1.223669613995937
 1.22184749230672
 1.22295160288475
 1.221999479573127
 1.221640384221072
 1.221957587232629
 1.223567813223983
 1.22308128712067
 1.22501869415906
 1.225694941334105
 1.224656601897591
 1.225031781846865
 1.225493065560109
 1.225672373719281
 1.225665898135816
 1.225048831212912
 1.225295930216129
 1.224579740271483
 1.22131496153217
 1.220508067797934
 1.219553585748531
 1.218024063704027
 1.218322478766581
 1.219701008740254
 1.2150963126139
 1.216295928087009
 1.215373911814094
 1.21542736205356
 1.216809474187024
 1.217086331363352
 1.217031304282075
 1.21731474442176
 1.219538092462411
 1.220703303680809
 1.221160941861495
 1.221006840218607
 1.22100038395354
 1.221348627163339
 1.220743859021017
 1.219929025021032
 1.218125155055671
 1.218387788665393
 1.236323048368643
 1.23562822763481
 1.237483003077519
 1.237466800261326
 1.237667461162494
 1.234678611943103
 1.234692007151811
 1.234179621098579
 1.232655906498969
 1.233123875749598
 1.232402101930868
 1.234671665804927
 1.236720261069387
 1.237584133962392
 1.237698435206838
 1.23644853980234
 1.237262963895043
 1.236644003986497
 1.237309023607878
 1.237517477508907
 1.236876126642632
 1.237331843307144
 1.238144712009654
 1.238030290619633
 1.239672058923839
 1.23977525099551
 1.237985699559597
 1.238458250856411
 1.238233154558055
 1.242889759225054
 1.241875895586531
 1.242347876087017
 1.247408566156437
 1.250814050149972
 1.249809165145706
 1.244250917680067
 1.243522395067098
 1.243389126203841
 1.246218057950398
 1.242019947738627
 1.250651643297402
 1.250180419840864
 1.251051674097361
 1.249728769169273
 1.248484980193429
 1.248154677958831
 1.248403625981651
 1.248206660755856
 1.247020396093988
 1.246649544706692
 1.246642506602513
 1.247197864226701
 1.247308455106115
 1.248521268859833
 1.249126928229406
 1.2462565716653
 1.248606129808234
 1.252725050976822
 1.251208724555243
 1.254333813386851
 1.25443503111661
 1.252890274116363
 1.184870801829025
 1.185590538346368
 1.186160428213458
 1.187549450664016
 1.189215555698271
 1.190501885745056
 1.191924211840846
 1.195394036750353
 1.196669987068615
 1.196282245873322
 1.218300631503422
 1.217437863046865
 1.217246251324141
 1.22009093956872
 1.226462173822996
 1.229192224031038
 1.231331600985111
 1.23662976622289
 1.23595610309404
 1.235745754227319
 1.234563831306826
 1.219463016045951
 1.216515581136343
 1.217117341895696
 1.218228170454231
 1.221854641613362
 1.223620816850631
 1.224879248899166
 1.2268635032945
 1.230072216767035
 1.23157413439862
 1.232911014111331
 1.233565464582244
 1.233776461131804
 1.233254996760528
 1.232618015436927
 1.229274367776821
 1.230283011791728
 1.229222676575527
 1.231359746753981
 1.230716684244392
 1.229176175626903
 1.232615732407731
 1.231505904519486
 1.231035116881964
 1.231955718543721
 1.232720066225425
 1.23119317918633
 1.229393840844345
 1.230080794731085
 1.232066323000049
 1.23224483100126
 1.23228038216471
 1.230230361371838
 1.230127318523808
 1.230440266693078
 1.232646601215815
 1.232876621781078
 1.231855165961456
 1.233503079979668
 1.232745819923032
 1.23184811618662
 1.232002973449382
 1.229219239812642
 1.228917384483188
 1.230255259890468
 1.229759181413665
 1.230310595743368
 1.229908472991522
 1.231677588587857
 1.232610594859741
 1.231437256807781
 1.231770830063943
 1.231397079219476
 1.231499866911795
 1.187284993424143
 1.183002180120571
 1.178432507921896
 1.212372690380629
 1.214318686456255
 1.216409822013934
 1.219205358284407
 1.217647267803118
 1.217660097574542
 1.177417264781668
 1.182589000306911
 1.183528623170972
 1.184289333654825
 1.180232518374064
 1.180217135228401
 1.175060458978637
 1.17566547775992
 1.183580210679074
 1.183823821670393
 1.183856843797361
 1.184027163312168
 1.183548837844204
 1.185135305862917
 1.180311573747556
 1.181603010505548
 1.183465699523058
 1.203991113621845
 1.207417093519723
 1.20687022047364
 1.219993425713673
 1.218963558980584
 1.218744660264093
 1.218755737633158
 1.22018611392898
 1.219743911964393
 1.220541103920464
 1.218339560069491
 1.207335782454262
 1.208422043730464
 1.206676115828968
 1.201628174328465
 1.202923468727997
 1.204406148727364
 1.204364945569158
 1.204847594719237
 1.206729528021516
 1.206531514563298
 1.207209126248734
 1.206597520836711
 1.204945504582752
 1.202396700909034
 1.202149370708757
 1.201379341518397
 1.214286406328276
 1.214633868363686
 1.215251417274735
 1.23562955651828
 1.236205581208204
 1.235818084637224
 1.231281658743027
 1.231521864734314
 1.231927787637681
 1.230821396566381
 1.229852186826795
 1.229113259738236
 1.22906015045271
 1.229944540535523
 1.230312687118193
 1.234598107328852
 1.235528322276912
 1.241447917986963
 1.24040759351516
 1.239899715922557
 1.242030252478084
 1.242119355132111
 1.241397483758193
 1.240752464815768
 1.240100720810186
 1.232329135813345
 1.235326187048394
 1.235355845565746
 1.232281906013451
 1.237926065609192
 1.237944492611234
 1.237952858714438
 1.239015328283933
 1.238660290040585
 1.238217339279958
 1.237247596019044
 1.237215034334824
 1.238409043547213
 1.236681629962006
 1.235791130512416
 1.23575132928076
 1.233501963643265
 1.234759979454127
 1.234913968244416
 1.235424595037232
 1.23433849802859
 1.235491703525178
 1.236779891894785
 1.236186555791003
 1.236818325403401
 1.235002288928996
 1.233918422609546
 1.234256584605592
 1.235034800423777
 1.234555437804406
 1.235784793440555
 1.235780684844111
 1.235645046975321
 1.235600604720193
 1.235701601015269
 1.234091988614386
 1.234097672359786
 1.239322638210888
 1.23673264190208
 1.236707109778566
 1.237243317303437
 1.23394760477696
 1.236434759986264
 1.236730528375569
 1.235928622041437
 1.23569503571872
 1.232761007242816
 1.236960189441312
 1.237603448557945
 NaN
 NaN
 NaN
 NaN
 NaN
 NaN
 NaN
 NaN
 NaN
 NaN
 NaN
 NaN
 NaN
 NaN
 NaN
 NaN
 NaN
 NaN
 NaN
 NaN
 NaN
 NaN
 NaN
 NaN
 NaN
 NaN
 NaN
 NaN
 NaN
 NaN
 NaN
 NaN
 NaN
 NaN
 NaN
 NaN
 NaN
 NaN
 NaN
 NaN
 NaN
 NaN
 NaN
 NaN
 NaN
 NaN
 NaN
 NaN
 NaN
 NaN
 NaN
 NaN
 NaN
 NaN
 NaN
 NaN
 NaN
 NaN
 NaN
 NaN
 NaN
 NaN
 NaN
 NaN
 NaN
 NaN
 NaN
 NaN
 NaN
 NaN
 NaN
 NaN
 NaN
 NaN
 NaN
 NaN
 NaN
 NaN
 NaN
 NaN
 NaN
 NaN
 NaN
 NaN
 NaN
 NaN
 NaN
 NaN
 NaN
 NaN
 NaN
 NaN
 NaN
 NaN


# name: iter_improve
# type: matrix
# rows: 924
# columns: 1
 1
 31
 46
 54
 55
 56
 57
 58
 66
 68
 69
 77
 78
 79
 80
 82
 83
 85
 91
 92
 95
 103
 107
 130
 150
 159
 166
 177
 190
 191
 193
 194
 212
 241
 244
 249
 253
 261
 263
 267
 271
 300
 318
 323
 324
 331
 340
 346
 351
 352
 356
 386
 393
 401
 414
 423
 425
 432
 470
 474
 510
 512
 531
 536
 541
 551
 582
 611
 612
 618
 619
 633
 653
 680
 714
 733
 759
 769
 840
 958
 1061
 1156
 1183
 1188
 1212
 1268
 1278
 1281
 1359
 1398
 1424
 1448
 1449
 1465
 1495
 1500
 1504
 1510
 1518
 1523
 1536
 1544
 1552
 1554
 1567
 1626
 1729
 1777
 1863
 1871
 1890
 1893
 1898
 1899
 1902
 1913
 1924
 1925
 1964
 1980
 1990
 2002
 2012
 2020
 2061
 2066
 2099
 2107
 2115
 2121
 2137
 2165
 2211
 2258
 2273
 2321
 2337
 2378
 2399
 2494
 2509
 2529
 2589
 2590
 2592
 2605
 2771
 2787
 2801
 2831
 2842
 2848
 2899
 2981
 3000
 3012
 3014
 3018
 3020
 3021
 3022
 3027
 3029
 3033
 3040
 3043
 3047
 3050
 3052
 3058
 3060
 3063
 3068
 3070
 3072
 3073
 3074
 3077
 3081
 3083
 3087
 3088
 3093
 3096
 3097
 3113
 3120
 3123
 3132
 3148
 3154
 3159
 3161
 3169
 3181
 3189
 3191
 3198
 3203
 3204
 3212
 3229
 3230
 3236
 3252
 3256
 3261
 3275
 3281
 3289
 3297
 3302
 3313
 3331
 3332
 3408
 3439
 3451
 3471
 3475
 3486
 3520
 3523
 3536
 3551
 3553
 3555
 3561
 3570
 3579
 3587
 3601
 3618
 3620
 3625
 3639
 3679
 3681
 3727
 3746
 3766
 3769
 3791
 3792
 3835
 3845
 3852
 3948
 4065
 4080
 4085
 4155
 4160
 4161
 4166
 4174
 4224
 4227
 4295
 4302
 4358
 4384
 4389
 4394
 4396
 4407
 4423
 4429
 4456
 4468
 4480
 4482
 4487
 4497
 4558
 4566
 4567
 4571
 4573
 4583
 4618
 4620
 4638
 4647
 4648
 4649
 4668
 4676
 4692
 4700
 4707
 4753
 4755
 4772
 4781
 4794
 4859
 4880
 4893
 4950
 4955
 4968
 4995
 5007
 5010
 5026
 5032
 5034
 5038
 5040
 5061
 5075
 5095
 5097
 5119
 5138
 5153
 5163
 5168
 5174
 5183
 5190
 5207
 5213
 5217
 5218
 5220
 5292
 5294
 5298
 5319
 5329
 5338
 5360
 5374
 5377
 5392
 5401
 5452
 5475
 5497
 5512
 5540
 5541
 5555
 5571
 5583
 5615
 5637
 5651
 5653
 5669
 5683
 5702
 5715
 5731
 5750
 5763
 5794
 5818
 5819
 5825
 5831
 5836
 5838
 5853
 5891
 5915
 6000
 6001
 6004
 6008
 6010
 6017
 6018
 6019
 6021
 6024
 6025
 6026
 6028
 6029
 6031
 6033
 6048
 6050
 6053
 6064
 6094
 6115
 6116
 6123
 6135
 6144
 6145
 6155
 6160
 6182
 6197
 6202
 6216
 6275
 6276
 6288
 6289
 6290
 6326
 6346
 6357
 6383
 6400
 6401
 6416
 6424
 6435
 6449
 6454
 6463
 6481
 6493
 6503
 6511
 6522
 6532
 6534
 6548
 6583
 6590
 6593
 6600
 6629
 6657
 6673
 6678
 6690
 6692
 6715
 6716
 6740
 6747
 6761
 6775
 6781
 6806
 6807
 6822
 6852
 6856
 6866
 6875
 6876
 6885
 6918
 6930
 6993
 7025
 7034
 7039
 7042
 7054
 7056
 7072
 7076
 7112
 7116
 7279
 7315
 7337
 7354
 7367
 7492
 7516
 7548
 7554
 7585
 7590
 7592
 7609
 7623
 7638
 7648
 7756
 7773
 7803
 7814
 7827
 7832
 7842
 7846
 7860
 7862
 7870
 7891
 7903
 7929
 7935
 7938
 7949
 8011
 8015
 8045
 8112
 8155
 8179
 8182
 8186
 8207
 8294
 8306
 8338
 8777
 8867
 8976
 9000
 9000
 9002
 9003
 9006
 9007
 9016
 9017
 9019
 9023
 9029
 9031
 9032
 9034
 9035
 9043
 9044
 9045
 9047
 9062
 9064
 9067
 9107
 9113
 9120
 9124
 9147
 9158
 9265
 9270
 9276
 9282
 9285
 9288
 9294
 9297
 9307
 9345
 9390
 9411
 9496
 9540
 9685
 9793
 9866
 9869
 9883
 9885
 9888
 9907
 9926
 9930
 9935
 9942
 9946
 9947
 9959
 9977
 9993
 10000
 10006
 10016
 10023
 10024
 10028
 10036
 10043
 10053
 10058
 10111
 10125
 10141
 10194
 10233
 10252
 10255
 10266
 10278
 10291
 10294
 10434
 10539
 10543
 10567
 10600
 10620
 10623
 10652
 10723
 10728
 10738
 10763
 10765
 10766
 10767
 10880
 10886
 10956
 11038
 11043
 11100
 11165
 11206
 11256
 11295
 11325
 11330
 11348
 11494
 11564
 11565
 11571
 11600
 11658
 11722
 12000
 12002
 12003
 12005
 12006
 12009
 12010
 12012
 12019
 12023
 12026
 12029
 12039
 12044
 12073
 12075
 12078
 12080
 12126
 12161
 12176
 12191
 12195
 12207
 12216
 12218
 12237
 12242
 12255
 12304
 12313
 12315
 12347
 12455
 12569
 12614
 13170
 13176
 13177
 13213
 13227
 13229
 13297
 13311
 13315
 13323
 13364
 13421
 13490
 13505
 13596
 13687
 13787
 13868
 13918
 13920
 13962
 13964
 14077
 14202
 14213
 14247
 14254
 14301
 14317
 14370
 14390
 14395
 14548
 14690
 14716
 14904
 14919
 14966
 14984
 15000
 15012
 15014
 15016
 15017
 15019
 15022
 15023
 15030
 15033
 15034
 15043
 15049
 15052
 15085
 15107
 15109
 15126
 15129
 15135
 15164
 15182
 15183
 15185
 15191
 15193
 15194
 15211
 15213
 15224
 15230
 15249
 15253
 15263
 15290
 15316
 15363
 15370
 15372
 15384
 15386
 15392
 15412
 15444
 15455
 15466
 15491
 15521
 15539
 15546
 15578
 15583
 15591
 15596
 15599
 15605
 15607
 15608
 15617
 15640
 15641
 15645
 15658
 15677
 15685
 15704
 15730
 15834
 15838
 15840
 15908
 15993
 16045
 16267
 16650
 17668
 17905
 17985
 18000
 18001
 18016
 18031
 18037
 18046
 18065
 18080
 18088
 18115
 18132
 18138
 18159
 18191
 18196
 18255
 18256
 18334
 18350
 18424
 18430
 18450
 18482
 18488
 18558
 18577
 18594
 18655
 18733
 18753
 18791
 18921
 18982
 19093
 19123
 19755
 19823
 20036
 20098
 20206
 20209
 20240
 20253
 20260
 20317
 20681
 20859
 20861
 20908
 21000
 24000
 27000
 30000
 33000
 36000
 39000
 42000
 45000
 48000
 51000
 54000
 57000
 60000
 63000
 66000
 69000
 72000
 75000
 78000
 81000
 84000
 87000
 90000
 93000
 96000
 99000
 102000
 105000
 108000
 111000
 114000
 117000
 120000
 123000
 126000
 129000
 132000
 135000
 138000
 141000
 144000
 147000
 150000
 153000
 156000
 159000
 162000
 165000
 168000
 171000
 174000
 177000
 180000
 183000
 186000
 189000
 192000
 195000
 198000
 201000
 204000
 207000
 210000
 213000
 216000
 219000
 222000
 225000
 228000
 231000
 234000
 237000
 240000
 243000
 246000
 249000
 252000
 255000
 258000
 261000
 264000
 267000
 270000
 273000
 276000
 279000
 282000
 285000
 288000
 291000
 294000
 297000
 300000


# name: optim_start
# type: scalar
46


# name: optim_steps
# type: matrix
# rows: 1
# columns: 101
 3 155 369 515 629 704 782 831 832 833 834 835 836 837 838 839 840 841 842 843 844 845 846 847 848 849 850 851 852 853 854 855 856 857 858 859 860 861 862 863 864 865 866 867 868 869 870 871 872 873 874 875 876 877 878 879 880 881 882 883 884 885 886 887 888 889 890 891 892 893 894 895 896 897 898 899 900 901 902 903 904 905 906 907 908 909 910 911 912 913 914 915 916 917 918 919 920 921 922 923 924


# name: VPVP_params
# type: scalar struct
# ndims: 2
 1 1
# length: 8
# name: lambda
# type: scalar
300000000


# name: downsample
# type: scalar
10


# name: MaxIter_X
# type: scalar
200


# name: MaxIter
# type: scalar
50


# name: optTol_X
# type: scalar
1e-06


# name: progTol_X
# type: scalar
1e-10


# name: optTol_aW
# type: scalar
0.0001


# name: progTol_aW
# type: scalar
1e-07




