# Created by Octave 3.8.1, Mon Jan 08 10:31:23 2018 ART <gabrevaya@ws17.labo2>
# name: y_start
# type: matrix
# rows: 10
# columns: 1
 -2.874496385927924
 0.170068881104105
 -1.476997189580556
 1.168829856343684
 0.3993942838167299
 -4.283471232240525
 0.09624095144520359
 -1.68005907948931
 0.2768383913867623
 -0.5838622068990773


# name: alphas
# type: cell
# rows: 1
# columns: 3
# name: <cell-element>
# type: matrix
# rows: 10
# columns: 1
 0.6887620775322273
 0.6010543204243153
 1.33295495651313
 -0.0530097984998289
 1.024539751594033
 -1.213605119396054
 0.8775447997659849
 0.6612050025011356
 -0.005052114500825654
 -0.3666685577244976



# name: <cell-element>
# type: matrix
# rows: 10
# columns: 1
 1.704792383862299
 0.9144639090830685
 1.286585714805225
 0.610349463212322
 0.8534115728696025
 0.4114536485157542
 0.7524848339525522
 0.6252224418135539
 1.61817910280319
 0.1988267940801034



# name: <cell-element>
# type: matrix
# rows: 10
# columns: 1
 10.39812602067929
 12.16796464275616
 11.69980936511946
 12.37447542286343
 12.1449682558063
 9.42437973689162
 11.39260829150642
 10.64234919936074
 11.9479119941121
 11.38437209434998





# name: W
# type: matrix
# rows: 10
# columns: 10
 -0.1252148734760992 -0.08233075245818133 -0.5057591431033959 -0.2677212889096979 -0.3234504442745968 -0.1163798385207459 -1.178701722776874 -1.360867165784003 -0.05306850946676417 1.52791796159605
 -0.04685669907200223 0.1712152559655843 -0.1047184618571514 -0.2316241300374327 -0.02414450002582073 0.4927425976130153 0.3191167038126109 -0.3214896923483514 0.1114812763992171 -0.5178615568192907
 -0.1810995726073797 0.2080626005943911 -0.5477108611425997 0.2365499990889673 0.8394987086043297 0.1074450134507337 0.4108007632362496 0.1352975970405906 1.030350494957463 -0.499622373445013
 -0.7845705789897438 -0.2573112855728852 0.5305406054518789 -0.1185970742938908 0.3046125330514612 0.5837247635210357 -0.5726122877051188 0.05965800695724809 0.2750412003981146 -0.337988630708095
 0.4167128595745901 -0.6587100336928764 0.2863217232332348 0.6434790467388851 0.3176626004627157 0.03216497485731902 0.5052871262239428 -0.4152300088396346 -0.1531512820161928 -0.1318251347731288
 0.1729146877533503 -0.07801954852518206 0.152997358119916 -0.129802223357775 0.5902180911860898 0.08393375125622551 -0.1566604025830766 -0.1929770183828375 0.2403323516706036 -0.06896729097057328
 0.4157489188796891 -0.1490562379678335 0.5880704240090823 -0.01320154229906302 -0.1245218249975091 0.3853639091460748 -0.4205430685090747 -0.1563507130143213 0.04825403757063523 0.1867014411039223
 -0.05600893402509154 -0.1325048249192138 0.3591575925292268 -0.334306351317802 -0.09811535083997916 0.3464350688449907 -0.01145637597547719 -0.1262279075180025 -0.02028431421652268 -0.3481613180071943
 -0.1099901492763584 0.2772052168172887 0.1923253110629274 -0.9623956911880586 -0.3738393443447306 0.4201575143663592 0.08893440085435209 -0.4980603843862283 -0.04554442590639499 0.7014351102928904
 0.002391935757768524 0.2929990878566358 -0.1330696956662939 0.004951663169633799 0.3637677308992507 0.1756833038975732 0.6847171049936793 -0.0166525201824058 0.5222214953440976 -0.7365347633431043


# name: iter
# type: scalar
100000


# name: c
# type: matrix
# rows: 1
# columns: 10
 NaN NaN NaN NaN NaN NaN NaN NaN NaN NaN


# name: mean_corr
# type: matrix
# rows: 685
# columns: 1
 -0.02570506959068074
 -0.01350293010364156
 0.03743911188657007
 0.05874838188613999
 0.09485474988502388
 0.1567017342541678
 0.1597924433632762
 0.1821392770344872
 0.1895184803487032
 0.1901467280585569
 0.1917707700907051
 0.2150868628555645
 0.4685913343695661
 0.4520134422728055
 0.4530621618225151
 0.4468195314713551
 0.4443667295117916
 0.4306805968851997
 0.4297406959884024
 0.435266348648358
 0.4261839125356416
 0.4136744956773243
 0.3861033608205788
 0.3838322581524954
 0.3905929231293797
 0.3616945270916712
 0.3855813442534437
 0.3773790280879954
 0.3810691028369105
 0.3814069684703535
 0.3804093337362852
 0.3787740542205113
 0.3569837512982615
 0.3577569375810017
 0.3625580549197497
 0.3582840582695813
 0.354547048429237
 0.3544680823992773
 0.3676982331849681
 0.3759160608245047
 0.3774900098608926
 0.3834684208919844
 0.3789344484834828
 0.3717177961921764
 0.3712912162156093
 0.3686976289897116
 0.3635453070071116
 0.3585081105881516
 0.3634908869420904
 0.3666800873839747
 0.3637143987707154
 0.3647547673422953
 0.4883309770845126
 0.4879408801108902
 0.4355988202315774
 0.4571475133724362
 0.4499033990617387
 0.460427950285609
 0.4610767389073755
 0.4635352907249263
 0.4692000587346118
 0.4654554843595227
 0.4420581688309771
 0.4297379576383696
 0.4350465234957997
 0.4325357210294139
 0.4521204857742306
 0.4395321696408869
 0.4383647974010493
 0.4360441697271177
 0.4330767443249458
 0.4329009710359242
 0.4378238900763167
 0.421485635688891
 0.4085262410513081
 0.4288717112658965
 0.4264784594727886
 0.4283800880386425
 0.4330251676777041
 0.4294810216681174
 0.4378828154269896
 0.4394078077926633
 0.4309822776915989
 0.4273150768722905
 0.4242278661034591
 0.423763953378836
 0.4253635713145204
 0.4251419160968755
 0.4230019799854282
 0.4183677666201593
 0.4161554660799802
 0.4252535082046909
 0.4189579358249139
 0.42525847933806
 0.4216785238402558
 0.4196390544168019
 0.4232730685649472
 0.422882758813298
 0.4222153844900619
 0.4191191844764301
 0.4135745549109492
 0.4178492825981998
 0.5045975996358872
 0.503589711649712
 0.5042420327619569
 0.500985697386816
 0.4900619910151476
 0.4857013108769469
 0.4834674856224937
 0.4845606272209833
 0.4715784138313418
 0.4726222356610091
 0.4723851933522101
 0.4613673497212639
 0.4611482371976932
 0.4606954633338528
 0.4610355402311611
 0.460664624092504
 0.4763954160642041
 0.4753748531980451
 0.4763427955912102
 0.471364781867157
 0.4631079493130599
 0.4640431714691038
 0.4665496263287146
 0.4676753194721214
 0.4645375790244501
 0.4733193714105887
 0.4740870027262794
 0.4743278095937871
 0.4674721883431257
 0.4679411822011299
 0.4703419849945035
 0.4679030348237799
 0.4664566204651855
 0.4644510836953327
 0.4633008233986973
 0.4650255691701934
 0.4605560311076776
 0.4608015500254628
 0.4609914426748761
 0.4615793806917446
 0.4607818293772927
 0.4595549949056488
 0.4583925329074307
 0.4593225642864386
 0.4584806994399592
 0.4605371730800643
 0.4605965637257364
 0.4628414904486189
 0.4611490888143316
 0.4595225004526832
 0.562271471357202
 0.5519517734256207
 0.5383817142794055
 0.5273199257577259
 0.5238062495610961
 0.5482490592157789
 0.5388510744870552
 0.5483858360485543
 0.5465677558649227
 0.5426274703236834
 0.5417553423330667
 0.5373849378168021
 0.538096949704246
 0.5363661912707438
 0.5328530358370063
 0.5256740063345882
 0.5270303225276091
 0.5268746082468568
 0.526304973760047
 0.524076490821534
 0.5211244491437667
 0.5077684764129857
 0.5080318079519781
 0.5049552039835428
 0.5067752011854157
 0.5045876926586811
 0.5044392351153337
 0.5059580275459449
 0.5671052590472032
 0.5607371677471288
 0.5623481791951968
 0.5621602332648354
 0.557932826041598
 0.5579214667511251
 0.5310364041653918
 0.5304158550549816
 0.529360957410142
 0.5280326336100878
 0.5270981020691955
 0.5260033600142472
 0.5499851371630335
 0.5412942210399584
 0.5279634625265202
 0.525422742515936
 0.5240067026805039
 0.5315392076103558
 0.5313454509972618
 0.5266628331438203
 0.5235326013167703
 0.5220789693503892
 0.532005554465907
 0.5314178665604182
 0.5288192250163741
 0.5323642181291047
 0.5321857773764984
 0.5296633146940524
 0.5287936270781922
 0.5316395700002394
 0.5308473851701079
 0.5290723422380076
 0.5279752499227829
 0.522270728995716
 0.5221553431646092
 0.5213172014321055
 0.5740725909629774
 0.573179436018333
 0.5696154437889606
 0.559663659709188
 0.5584737407170587
 0.557258999495015
 0.5493973706490889
 0.543098613415284
 0.5447299640454555
 0.5510083880446282
 0.5410183140856049
 0.5408283235358594
 0.5336490211818139
 0.5342745004543763
 0.5313916421256364
 0.5312843159918419
 0.5347377949965597
 0.5326766508234002
 0.5340390860527705
 0.52897273557771
 0.5270648426978352
 0.5286075187049604
 0.527407385280285
 0.5272603903644779
 0.5263329307359367
 0.5266729793915521
 0.5263134744278944
 0.5764294775307314
 0.5633532416435403
 0.5609177715020637
 0.5605327118357215
 0.5605773266447681
 0.5616532793493285
 0.5610072271961513
 0.5516011934689968
 0.546377417590493
 0.5523678100796154
 0.5515675846491942
 0.5567502730301781
 0.5543254357117414
 0.5491447497578791
 0.5497646013253938
 0.5498668357978966
 0.5438959735210263
 0.5451895272134667
 0.5430815248476597
 0.5432990000966604
 0.5438605094754625
 0.5440730769208171
 0.5460668409355243
 0.5412557455834215
 0.5416611978585071
 0.5405201802987308
 0.5422967761125221
 0.5432528544032629
 0.5419250248853693
 0.542993413230675
 0.5413061526548731
 0.5452429604391565
 0.5441405758036603
 0.5828642800226402
 0.554641298285808
 0.5564077641315074
 0.5572062005261822
 0.5484987191154083
 0.5429427066389327
 0.5448498265149506
 0.5188313131901194
 0.545318637429747
 0.5490118071696724
 0.5490358528170809
 0.5467029138251581
 0.5454276725715064
 0.5459352528901132
 0.547203074202915
 0.5467491687029797
 0.5479161596346992
 0.5461082502185599
 0.5341814066569379
 0.534009827655355
 0.5343885835183968
 0.5353278461963019
 0.5331140899445311
 0.5293611537793931
 0.5301849842769697
 0.5285980295391263
 0.5266870122868846
 0.5325332310871334
 0.5320331109755758
 0.5320867358003534
 0.5327621728902449
 0.5329746922104953
 0.5345934454222542
 0.5351587686858479
 0.5368478746366137
 0.5326129561690751
 0.5331092719544913
 0.5321287552091387
 0.5323554002710963
 0.5866574601307383
 0.5834695329250015
 0.57680685175879
 0.54832776586208
 0.5531747496419468
 0.5538327683155559
 0.5541891103072498
 0.5500355281960158
 0.5455218600422055
 0.5469805533210281
 0.5436390892187506
 0.5432701400852915
 0.5381474623281834
 0.5375356933516876
 0.5320037309413068
 0.5371756773479279
 0.5382095958201777
 0.5323631634305237
 0.5307986620449046
 0.5326939795304634
 0.5331326507196278
 0.5325368688988682
 0.5332156445923151
 0.5331284500437516
 0.5329257906315485
 0.5338987134165911
 0.5311926997480629
 0.5844865247442301
 0.5537265356067327
 0.5560374366649011
 0.5526110812017136
 0.5570755083668725
 0.5536287803807985
 0.5535382443290759
 0.5532918207146895
 0.5518269804887848
 0.5484753165662344
 0.5477909070577869
 0.5519000874640945
 0.5526910989886397
 0.5528034723679841
 0.5508068335139968
 0.5511909312062642
 0.5457334380337053
 0.5504308137299274
 0.5495138251458297
 0.5487745423283246
 0.5488774324463466
 0.5492883542903821
 0.5460491329415582
 0.5473669554614763
 0.545999175640374
 0.5461341699003144
 0.5462709244071398
 0.5398329731918171
 0.5402560221615956
 0.5390091934566198
 0.5917594773213142
 0.5854787122163124
 0.5563391468827754
 0.5542484106115867
 0.5526709150263995
 0.5662395348457794
 0.5642381803624753
 0.5660739179222153
 0.5671362591983995
 0.5651773320874929
 0.5678801337305065
 0.5590255677893901
 0.5547438309205416
 0.5553337484655845
 0.5574631232429452
 0.5716332043581615
 0.572200294241749
 0.5727791713501904
 0.571174346542685
 0.5688931349710512
 0.5694981410369591
 0.5684109851628184
 0.5677651669134958
 0.5672720091729527
 0.5682746676737761
 0.5648456893796854
 0.5621037479496687
 0.5593214046395623
 0.5467423034018717
 0.5455987710984815
 0.5468142623172169
 0.5484119742467072
 0.5499399572984887
 0.5417090068436246
 0.5406063794851536
 0.5408266859222708
 0.5415476361606154
 0.5475106893057433
 0.5462820632208167
 0.5466968413680285
 0.5457311672390504
 0.5468999437015317
 0.5946591875987598
 0.5842441087013837
 0.5831521324883363
 0.5840117413627458
 0.5835978906082055
 0.582560460800383
 0.5809066421248057
 0.581131229675672
 0.5831824371443739
 0.5835472133237198
 0.5808329524136974
 0.5806039631417472
 0.5812026013260339
 0.5800929736567075
 0.5788762591820751
 0.5785781954479701
 0.5775996085306232
 0.5739486569194119
 0.5729382641971388
 0.5667723241693565
 0.564925835726245
 0.5618266987342718
 0.5603703644710234
 0.5603506732902599
 0.5620267128221035
 0.5632760928220216
 0.562097335933579
 0.5603874954031041
 0.5590832124601478
 0.5602383512063361
 0.5612502316412771
 0.5635562476245479
 0.5604200481327928
 0.5730464411936941
 0.5731747592715577
 0.5708216857849125
 0.5701987560019504
 0.5694688783971567
 0.5692113609950031
 0.5682796153985142
 0.5669344480965461
 0.5697815406569936
 0.5682391009636366
 0.5721189356331924
 0.5709171986093268
 0.5675615514176298
 0.5660521180321397
 0.5685159598832357
 0.5671580258349274
 0.5664443251112207
 0.5938690356471724
 0.5924656744793682
 0.5922201999483325
 0.5888931118423306
 0.5889541668246884
 0.5874051110924245
 0.5783540341097606
 0.5773658991154371
 0.5753436364889064
 0.5763868530464664
 0.5810842924276566
 0.5807121381101186
 0.5815477376465509
 0.5824011337338461
 0.5813470347533982
 0.5811265382176591
 0.5813944391052814
 0.581879121553001
 0.5813880602357858
 0.5790725356241763
 0.5802102826714683
 0.578134331894078
 0.579669055099427
 0.5782557089226843
 0.5805329417245083
 0.582696297901243
 0.5835093601599446
 0.5790542951018448
 0.5782038364542245
 0.5975898111695559
 0.5919741234577578
 0.5943861583263489
 0.5965171349430493
 0.5913974339341352
 0.5908192976818663
 0.5886293650424721
 0.5804312131355616
 0.5748143756616129
 0.5865250263974294
 0.5847360894447351
 0.5835873881043374
 0.5815892514141997
 0.5738593580843292
 0.5787575221149301
 0.5774099673638053
 0.6030991483145774
 0.5861541441004732
 0.5857377018039924
 0.5852617112670886
 0.5818227549314654
 0.5787077166288582
 0.5723004276586192
 0.56862850113298
 0.6069503701388289
 0.5931769238416201
 0.5875188444398759
 0.5947119338429656
 0.5958539990864754
 0.5903565729621756
 0.5838313733865511
 0.5806020454808842
 0.6090461724144367
 0.6042669710422768
 0.5981176962920158
 0.5863578858707982
 0.593566260295231
 0.596787938802545
 0.5884254630343422
 0.5934723457403431
 0.5979595038314078
 0.5789124493988634
 0.5891592979026588
 0.5935141881025588
 0.5884957729015647
 0.5892443237580696
 0.5801931357241421
 0.5696608086221437
 0.5759353462578269
 0.5778205652676891
 0.5925411827217026
 0.5748670244190061
 0.6176681793717436
 0.6143412850129677
 0.6076570612027603
 0.6120181854926666
 0.5977287366471057
 0.5966604762985737
 0.6077358811969833
 0.5948022683648586
 0.5941260399477637
 0.5914286177496808
 0.5953034960950371
 0.5996471407432591
 0.5982264707975112
 0.6012878991910727
 0.6140736890115204
 0.592045220424118
 0.6005534045853753
 0.602532636537447
 0.6110651290644138
 0.6035248188658412
 0.6074740231054554
 0.605337491194133
 0.6065436594140579
 0.601959807867533
 0.6059145250994
 0.6019622093820135
 0.6007195858231306
 0.6001911326508683
 0.6012007955270847
 0.6051364992897222
 0.6007376964597141
 0.6154634519401927
 0.611880023013317
 0.605940744524694
 0.6039586907672263
 0.6081326043614954
 0.6040399008429316
 0.6068285551231936
 0.6003265977159883
 0.6019782582340215
 0.6015340232610844
 0.5969079465957977
 0.6014762264278524
 0.5982000013949407
 0.602680202637956
 0.6026487088529031
 0.603892341660911
 0.6029121508714799
 0.6084693310355689
 0.6048010025362744
 0.6140490223729358
 0.6142268050368467
 0.6180064892524005
 0.6094162035946066
 0.5952073307365522
 0.6012861935271987
 0.6060903691695538
 0.6036745246455734
 0.6094593566672855
 0.6065840873577694
 0.6036406874509819
 0.5975455911332814
 NaN
 NaN
 NaN
 NaN
 NaN
 NaN
 NaN
 NaN
 NaN
 NaN
 NaN
 NaN
 NaN
 NaN
 NaN
 NaN
 NaN
 NaN
 NaN
 NaN
 NaN
 NaN
 NaN
 NaN
 NaN
 NaN
 NaN
 NaN
 NaN
 NaN
 NaN
 NaN
 NaN
 NaN
 NaN
 NaN
 NaN
 NaN
 NaN
 NaN
 NaN
 NaN
 NaN
 NaN
 NaN
 NaN
 NaN
 NaN
 NaN
 NaN
 NaN
 NaN
 NaN
 NaN
 NaN
 NaN
 NaN
 NaN
 NaN
 NaN
 NaN
 NaN
 NaN
 NaN
 NaN
 NaN
 NaN
 NaN
 NaN
 NaN
 NaN
 NaN
 NaN
 NaN
 NaN
 NaN
 NaN
 NaN


# name: mean_error
# type: matrix
# rows: 685
# columns: 1
 1.464761579654839
 1.45613648298469
 1.427553198021269
 1.41378188185509
 1.394583034525242
 1.350575088738321
 1.337343492836959
 1.325696902440968
 1.322697137389662
 1.319767619496123
 1.319262561571867
 1.311020003680274
 1.222925102079025
 1.220691898361638
 1.22100423108289
 1.225592198345356
 1.22224097108481
 1.236464140612889
 1.227886644096064
 1.231799951120477
 1.240857676121061
 1.250211342631337
 1.271732654654603
 1.266422289217547
 1.260069829618223
 1.275086864956442
 1.266332815413626
 1.267188772156782
 1.268821116951972
 1.266517750571234
 1.264533222046299
 1.267625811385444
 1.28337178511098
 1.289333882128387
 1.288101065333304
 1.284183026941981
 1.297313019462485
 1.295891866155846
 1.289894831645367
 1.283996796565483
 1.283839353524833
 1.276592331282666
 1.277665504382817
 1.285399146360697
 1.289235367979369
 1.288097877731759
 1.285229733293026
 1.290265660027531
 1.286524275750735
 1.289035659424883
 1.283600663519363
 1.279804982112375
 1.214122525485537
 1.212672215811775
 1.255736809101546
 1.255906236378866
 1.269727045918443
 1.264305150278805
 1.264117675658792
 1.261765303453081
 1.25827481859319
 1.255380677874103
 1.259481854559068
 1.269750886515097
 1.270531135668425
 1.263787104046071
 1.246554293130358
 1.252611123136174
 1.253922655850207
 1.252770306191288
 1.249245488297823
 1.253209459898236
 1.256622532297345
 1.258945048596492
 1.26842675682103
 1.268902221938036
 1.2657457934802
 1.262750619575244
 1.264447350012958
 1.269790249355373
 1.258962186621875
 1.259576928808405
 1.260836728482754
 1.258359649919431
 1.259858089144346
 1.258063235295048
 1.255924141292938
 1.258315796803078
 1.258302178663672
 1.253896710023501
 1.253319090981531
 1.258454902679727
 1.253363010344672
 1.251371475700299
 1.263060317403665
 1.260622166355268
 1.26103308485477
 1.261227898666869
 1.259622966027952
 1.261873483082367
 1.265065743167175
 1.260629190465657
 1.224751130574627
 1.227890461166942
 1.229292573601728
 1.223314639586298
 1.215542659924357
 1.219199560359813
 1.228112472450594
 1.229659794748404
 1.245174196573997
 1.24457580169889
 1.246302269550325
 1.252843384738165
 1.251945728948052
 1.24763852762462
 1.251071056291812
 1.258912956373308
 1.251632356045663
 1.255249879523845
 1.257065127823686
 1.258714368331844
 1.256487904888798
 1.255026687107537
 1.254203305346626
 1.255721292356482
 1.257970516542907
 1.248432446471578
 1.250492202755946
 1.251855232118916
 1.254517733967202
 1.259020788240031
 1.258308428012344
 1.259113686612558
 1.262231811024609
 1.261918024427312
 1.261300146825826
 1.262563471472094
 1.264339173197041
 1.264357726192084
 1.264351583757929
 1.263542162711763
 1.261035059187
 1.260062949067613
 1.26123693324677
 1.26145810333841
 1.257872010918409
 1.257180769982643
 1.257113127101621
 1.254939670655197
 1.253924284583591
 1.254834094370955
 1.191215413877993
 1.19340236040186
 1.183212382826918
 1.192132418336673
 1.193045202742463
 1.193332106300986
 1.188376145071624
 1.192821301418813
 1.190452012273648
 1.189878087686542
 1.194923033817535
 1.194706094722333
 1.196108327748425
 1.203607010644841
 1.216342428234957
 1.22332368407803
 1.223852411809291
 1.22325370600982
 1.22441180314304
 1.222952919312844
 1.229635491622899
 1.239469937676386
 1.239847278411603
 1.246988716425634
 1.243803504991071
 1.240409307539784
 1.24109946214829
 1.239658685161393
 1.185703394253087
 1.192134208511823
 1.18969837413478
 1.19674240502777
 1.197560119539476
 1.197655824468918
 1.212718080097759
 1.212226847458258
 1.209086412269085
 1.207895540479267
 1.20666182456836
 1.208274748925945
 1.199557835536343
 1.199465323107941
 1.210298503577717
 1.20472474425096
 1.202418948877695
 1.212821498051291
 1.22148724150796
 1.224670907683008
 1.222936206999586
 1.22246700036589
 1.216945896878797
 1.228136575370826
 1.227507896130491
 1.223987208375648
 1.212382108999831
 1.215060571450648
 1.212837663457806
 1.218037913081883
 1.218267090556636
 1.218480208900989
 1.218544063154541
 1.212380893162671
 1.212120552400447
 1.211567499228674
 1.168873084965855
 1.167700262704354
 1.160208039234343
 1.166146659653658
 1.166158624468014
 1.166048258087168
 1.171691161169681
 1.170954714530907
 1.172273231930669
 1.16991004257877
 1.175826921606406
 1.17585687320334
 1.178349658134686
 1.17532238780889
 1.177447309395477
 1.177538411539834
 1.180031647383738
 1.178340252436499
 1.179850490323598
 1.187213435089424
 1.185253022287617
 1.188948739634768
 1.190477868720702
 1.195242746877101
 1.192309250180593
 1.192427130076892
 1.191312559353685
 1.156556395234985
 1.150966526522232
 1.150835914379343
 1.159630289507052
 1.162519072613347
 1.158345265290372
 1.158726573888536
 1.181999687811072
 1.167444098184922
 1.170939225800524
 1.168765874079056
 1.166857602959443
 1.169735731241185
 1.170440671083703
 1.170462401494734
 1.167184659198629
 1.160464547984947
 1.159253867785161
 1.159682735753215
 1.15966215630219
 1.162792988253984
 1.163509043796974
 1.16972231034567
 1.170267339019876
 1.171464273670554
 1.17324092235863
 1.167320797378592
 1.167029903926909
 1.170068584167815
 1.16848903362693
 1.172632985781937
 1.179404841852103
 1.17937156893868
 1.162292462439066
 1.155975120874969
 1.157261093835865
 1.155876196589404
 1.168558248614219
 1.164696178987911
 1.166814974455612
 1.15814705676878
 1.161082596448676
 1.156691310657749
 1.157309979693462
 1.16033419100982
 1.162103931588526
 1.16140441335281
 1.162789857589524
 1.163221076687331
 1.162097867950772
 1.161849226936517
 1.155864894794803
 1.157611557753029
 1.159388656356528
 1.163362562221834
 1.153882126086953
 1.159891611109102
 1.158789851121121
 1.158721998640678
 1.160686436437843
 1.159434164735638
 1.161155659250336
 1.163669059324772
 1.164703513289335
 1.164671234683502
 1.168924419642487
 1.165774390276382
 1.167026558280247
 1.161515695224206
 1.160742816669909
 1.161380591358935
 1.162221868211621
 1.16153846093753
 1.168713616749855
 1.167424417595939
 1.151137216242032
 1.142251407111047
 1.138969694995912
 1.136825247006151
 1.136483987835786
 1.145225606987458
 1.147126381428993
 1.150488107692309
 1.148807898503964
 1.145195170429048
 1.142508881619401
 1.154340706566348
 1.139848769465437
 1.140861519991945
 1.140802621064711
 1.139309884350638
 1.132092273596173
 1.131381503766381
 1.13286462588117
 1.12757679395399
 1.132980026495811
 1.138703114132406
 1.140288919761339
 1.144669385807094
 1.160810105506681
 1.170550987757239
 1.164938132817363
 1.161710764959355
 1.176005519736384
 1.175800336450946
 1.175065432883357
 1.182495887727362
 1.185550997167992
 1.182951816522987
 1.188061381945202
 1.189767333678601
 1.195775204983746
 1.197773679749165
 1.196302759279342
 1.196049549056671
 1.192716814276757
 1.189020632729854
 1.191221859542555
 1.191179157232026
 1.190859721618672
 1.187833392899724
 1.187916548732585
 1.189133102072222
 1.196759784493476
 1.196121491150836
 1.196196185131785
 1.207184899697041
 1.206840122137956
 1.204441948193422
 1.165519908272524
 1.152030026770945
 1.134841742324729
 1.142027068613666
 1.143080123687306
 1.148795395212155
 1.151214365203392
 1.152656123911648
 1.153511017257356
 1.16486705144699
 1.165325342269474
 1.160615287555278
 1.166707891055427
 1.167276328275642
 1.172751630825174
 1.171175016531234
 1.173656224711828
 1.183503558467562
 1.180052403509625
 1.185622495140737
 1.18669376074192
 1.186230074945219
 1.186613093507366
 1.188116852172841
 1.187632687196804
 1.163184154358754
 1.168963834625818
 1.172242042219953
 1.167385959380899
 1.167376064877496
 1.166011825969266
 1.167056464335001
 1.175695165650734
 1.1876838915019
 1.188910352771187
 1.188163724151152
 1.190983443322355
 1.181273962852329
 1.173865562026735
 1.176278195554291
 1.177618956452771
 1.180025793831304
 1.158298287459083
 1.152119611487331
 1.145325516598474
 1.141232212505827
 1.136120378524661
 1.13599950794909
 1.131797651086961
 1.135088732240596
 1.144095451582214
 1.150356679851889
 1.153860325831217
 1.147078241669795
 1.147737101724579
 1.149670112543932
 1.148512562010879
 1.148262332075436
 1.147900353454451
 1.141709817820017
 1.143963719223058
 1.138464974743355
 1.13479693708131
 1.128079659805753
 1.128369416269273
 1.128342782110927
 1.129071759496254
 1.133770523823647
 1.132652528992631
 1.132657188769324
 1.122057628096087
 1.12242863716806
 1.123800585018646
 1.12253804727665
 1.121569852102807
 1.147961815241312
 1.147424507808496
 1.134470832976981
 1.134293408285812
 1.128053896014317
 1.13468574626487
 1.126810556624043
 1.128061593713204
 1.130437359747029
 1.131437071637792
 1.13030545836121
 1.130020244210005
 1.130188497595042
 1.128696237460827
 1.132358328124561
 1.132381992519572
 1.133283153811975
 1.142615950843596
 1.145234882074281
 1.148597628060271
 1.13307222520624
 1.13615193735
 1.135816983609283
 1.144318712021378
 1.144110241819274
 1.142368246153518
 1.145195380075691
 1.150495611870154
 1.153731041335361
 1.154932630446961
 1.154471235456447
 1.155042666339476
 1.155357202239719
 1.15713945735036
 1.159773262687431
 1.160845577161072
 1.155470180072273
 1.153759303581868
 1.148715330286724
 1.13915711110248
 1.138546892264898
 1.138494241533789
 1.138255880957932
 1.14346123539407
 1.140114300274697
 1.137287219944068
 1.149092164968965
 1.123220329976018
 1.130174675309761
 1.126474190964281
 1.140427556881708
 1.14661685155202
 1.135070955917311
 1.125329198713333
 1.118401558238684
 1.132147568092506
 1.126187256774743
 1.129751609493415
 1.134216796393278
 1.117268162044459
 1.128838766032269
 1.127711677867244
 1.133562620721525
 1.135222560623077
 1.156580395209366
 1.167766743836475
 1.152870065073606
 1.14614969107672
 1.138887514212762
 1.131898311148656
 1.132671370758684
 1.116358536861366
 1.123120820757668
 1.144270592931737
 1.141772257046461
 1.13697596792355
 1.126559431552643
 1.135796982106267
 1.133408520684731
 1.151905082348915
 1.141479919729717
 1.107449030177662
 1.126505480941573
 1.120014965786125
 1.109157950303353
 1.124285789361398
 1.119459365702837
 1.115047328731193
 1.113284841787896
 1.117925761126006
 1.118086413886407
 1.119707811626484
 1.12471755079042
 1.135408058031844
 1.123567053670284
 1.12635858326577
 1.134430093537537
 1.130816161179101
 1.125604492227884
 1.127446237665251
 1.117580631157434
 1.121985521151875
 1.113818304883436
 1.118982500077093
 1.123848922732182
 1.123971972450155
 1.118875893234591
 1.116868516349419
 1.111625689635879
 1.118183786956149
 1.124794435400576
 1.118105098923047
 1.129293660067727
 1.133681061097235
 1.128690081102396
 1.12225265421496
 1.115387468055358
 1.135006389793576
 1.127447422249082
 1.13330835150905
 1.121899908734296
 1.115323701110123
 1.137910970263691
 1.14914311211578
 1.159110144218406
 1.154898099712194
 1.147224361742177
 1.143971195971572
 1.143898303673012
 1.123786046470009
 1.108260552672563
 1.120879233455758
 1.11037735572247
 1.107412195777349
 1.103578517250514
 1.123728671036065
 1.117413153516771
 1.116830422893475
 1.119067893964111
 1.126622803352002
 1.133042502621703
 1.140350867093945
 1.139473597994217
 1.143975944029199
 1.149952653874138
 1.146419849674077
 1.146725310313875
 1.149455207837642
 1.126486423889895
 1.119174066688154
 1.115963454151759
 1.105948913679296
 1.12217820605742
 1.145013649008309
 1.122788418609143
 1.120412191625163
 1.11693341482193
 1.118866731063928
 1.118090257033978
 1.128414674166299
 NaN
 NaN
 NaN
 NaN
 NaN
 NaN
 NaN
 NaN
 NaN
 NaN
 NaN
 NaN
 NaN
 NaN
 NaN
 NaN
 NaN
 NaN
 NaN
 NaN
 NaN
 NaN
 NaN
 NaN
 NaN
 NaN
 NaN
 NaN
 NaN
 NaN
 NaN
 NaN
 NaN
 NaN
 NaN
 NaN
 NaN
 NaN
 NaN
 NaN
 NaN
 NaN
 NaN
 NaN
 NaN
 NaN
 NaN
 NaN
 NaN
 NaN
 NaN
 NaN
 NaN
 NaN
 NaN
 NaN
 NaN
 NaN
 NaN
 NaN
 NaN
 NaN
 NaN
 NaN
 NaN
 NaN
 NaN
 NaN
 NaN
 NaN
 NaN
 NaN
 NaN
 NaN
 NaN
 NaN
 NaN
 NaN


# name: iter_improve
# type: matrix
# rows: 685
# columns: 1
 1
 5
 21
 24
 53
 85
 96
 113
 205
 281
 489
 564
 619
 624
 626
 628
 631
 636
 652
 661
 668
 675
 676
 681
 696
 703
 705
 706
 719
 747
 768
 783
 784
 794
 807
 814
 816
 821
 829
 861
 866
 872
 880
 902
 927
 932
 949
 951
 954
 982
 985
 990
 1000
 1001
 1003
 1009
 1024
 1029
 1030
 1033
 1035
 1037
 1040
 1043
 1046
 1053
 1060
 1070
 1086
 1096
 1112
 1129
 1135
 1157
 1158
 1167
 1172
 1346
 1349
 1350
 1352
 1357
 1374
 1392
 1423
 1427
 1438
 1444
 1460
 1475
 1534
 1575
 1583
 1610
 1654
 1745
 1792
 1793
 1813
 1972
 1995
 2000
 2000
 2012
 2014
 2018
 2019
 2021
 2023
 2028
 2038
 2040
 2042
 2047
 2069
 2088
 2091
 2104
 2118
 2119
 2121
 2151
 2154
 2157
 2160
 2166
 2167
 2168
 2189
 2193
 2200
 2235
 2262
 2267
 2271
 2274
 2307
 2467
 2487
 2516
 2547
 2548
 2637
 2647
 2665
 2668
 2669
 2751
 2760
 2794
 2802
 2819
 3000
 3002
 3003
 3010
 3012
 3013
 3021
 3022
 3043
 3045
 3056
 3060
 3062
 3074
 3083
 3092
 3147
 3150
 3159
 3169
 3177
 3235
 3272
 3299
 3302
 3358
 3865
 3976
 4000
 4002
 4007
 4009
 4012
 4017
 4028
 4029
 4042
 4043
 4047
 4054
 4062
 4064
 4068
 4073
 4076
 4081
 4089
 4095
 4107
 4117
 4179
 4182
 4471
 4487
 4500
 4504
 4505
 4506
 4527
 4561
 4625
 4631
 4707
 4752
 5000
 5005
 5006
 5007
 5012
 5013
 5016
 5018
 5020
 5052
 5071
 5072
 5073
 5082
 5106
 5112
 5145
 5147
 5206
 5258
 5298
 5334
 5371
 5385
 5543
 5560
 5948
 6000
 6001
 6002
 6005
 6007
 6020
 6022
 6028
 6030
 6038
 6053
 6055
 6057
 6060
 6074
 6095
 6135
 6211
 6213
 6279
 6291
 6312
 6316
 6345
 6425
 6432
 6439
 6469
 6519
 6815
 6942
 6946
 6979
 7000
 7002
 7007
 7008
 7010
 7031
 7041
 7043
 7047
 7079
 7118
 7131
 7160
 7188
 7212
 7220
 7232
 7299
 7300
 7331
 7339
 7355
 7369
 7391
 7398
 7548
 7561
 7634
 7647
 7652
 7680
 7694
 7701
 7749
 7818
 7850
 7854
 7862
 7985
 8000
 8003
 8005
 8006
 8010
 8011
 8027
 8041
 8045
 8055
 8057
 8063
 8067
 8095
 8112
 8114
 8121
 8127
 8129
 8183
 8298
 8395
 8404
 8425
 8740
 8811
 8913
 9000
 9005
 9016
 9035
 9040
 9041
 9042
 9044
 9051
 9102
 9118
 9121
 9122
 9124
 9127
 9131
 9156
 9190
 9225
 9280
 9304
 9381
 9547
 9553
 9567
 9571
 9590
 9651
 9687
 9813
 10000
 10001
 10015
 10016
 10018
 10040
 10045
 10067
 10072
 10074
 10085
 10095
 10109
 10159
 10163
 10180
 10212
 10214
 10228
 10253
 10256
 10265
 10302
 10346
 10360
 10401
 10427
 10428
 10434
 10451
 10470
 10545
 10648
 10656
 10673
 10699
 10725
 10796
 10799
 10895
 10897
 10918
 11000
 11009
 11010
 11023
 11025
 11035
 11062
 11064
 11068
 11069
 11073
 11083
 11150
 11295
 11362
 11398
 11433
 11456
 11517
 11521
 11523
 11586
 11673
 12000
 12004
 12401
 12469
 12514
 12565
 12755
 12941
 12984
 12990
 13000
 13003
 13004
 13012
 13037
 13067
 13135
 13369
 13552
 13556
 13565
 13602
 13631
 13656
 13660
 13693
 13838
 14000
 14003
 14006
 14022
 14025
 14037
 14051
 14086
 14092
 14113
 14134
 14137
 14188
 14340
 14342
 14363
 14420
 14485
 14621
 14692
 14731
 14739
 14762
 14785
 14797
 14861
 14883
 14906
 14935
 15000
 15052
 15067
 15076
 15078
 15129
 15197
 15208
 15318
 15338
 15344
 15391
 15587
 15871
 15929
 15986
 16000
 16001
 16019
 16043
 16175
 16202
 16253
 16488
 17000
 17006
 17110
 17113
 17232
 17303
 17325
 17558
 18000
 18001
 18003
 18008
 18016
 18019
 18034
 18044
 18071
 18080
 18107
 18133
 18161
 18217
 18260
 18333
 18376
 18505
 18794
 18851
 19000
 19004
 19016
 19041
 19049
 19068
 19104
 19166
 19308
 19318
 19422
 19631
 19734
 19862
 20000
 20065
 20082
 20156
 20205
 20315
 20372
 20389
 20438
 20525
 20530
 20599
 20627
 20632
 20681
 20686
 20719
 21000
 21019
 21057
 21091
 21100
 21157
 21162
 21178
 21258
 21259
 21260
 21262
 21334
 21382
 21408
 21823
 21919
 21946
 21994
 22000
 22002
 22031
 22032
 22047
 22048
 22063
 22093
 22224
 22276
 22375
 22771
 23000
 24000
 25000
 26000
 27000
 28000
 29000
 30000
 31000
 32000
 33000
 34000
 35000
 36000
 37000
 38000
 39000
 40000
 41000
 42000
 43000
 44000
 45000
 46000
 47000
 48000
 49000
 50000
 51000
 52000
 53000
 54000
 55000
 56000
 57000
 58000
 59000
 60000
 61000
 62000
 63000
 64000
 65000
 66000
 67000
 68000
 69000
 70000
 71000
 72000
 73000
 74000
 75000
 76000
 77000
 78000
 79000
 80000
 81000
 82000
 83000
 84000
 85000
 86000
 87000
 88000
 89000
 90000
 91000
 92000
 93000
 94000
 95000
 96000
 97000
 98000
 99000
 100000


# name: optim_start
# type: scalar
619


# name: optim_steps
# type: matrix
# rows: 1
# columns: 101
 13 53 103 153 181 217 244 277 316 343 373 415 438 448 465 494 510 518 526 546 560 577 596 608 609 610 611 612 613 614 615 616 617 618 619 620 621 622 623 624 625 626 627 628 629 630 631 632 633 634 635 636 637 638 639 640 641 642 643 644 645 646 647 648 649 650 651 652 653 654 655 656 657 658 659 660 661 662 663 664 665 666 667 668 669 670 671 672 673 674 675 676 677 678 679 680 681 682 683 684 685


# name: VPVP_params
# type: scalar struct
# ndims: 2
 1 1
# length: 8
# name: lambda
# type: scalar
300000000


# name: downsample
# type: scalar
10


# name: MaxIter_X
# type: scalar
200


# name: MaxIter
# type: scalar
50


# name: optTol_X
# type: scalar
1e-06


# name: progTol_X
# type: scalar
1e-10


# name: optTol_aW
# type: scalar
0.0001


# name: progTol_aW
# type: scalar
1e-07




