# Created by Octave 3.8.1, Wed Nov 29 21:59:11 2017 ART <gabrevaya@ws3.labo5>
# name: y_start
# type: matrix
# rows: 15
# columns: 1
 0.5967154031878479
 0.9972394939821732
 0.2940618505162629
 2.149866898759777
 -0.3786990377337852
 1.959117050380198
 0.1028275214076495
 -0.9180195254739592
 1.449577936805402
 -1.232572865366333
 -0.3978180638299421
 2.371245902830835
 1.22086910313529
 1.186408296231205
 0.3900858553854656


# name: alphas
# type: cell
# rows: 1
# columns: 3
# name: <cell-element>
# type: matrix
# rows: 15
# columns: 1
 -0.1129135102461118
 0.9174989430104862
 1.104875705640859
 -0.169196533191064
 -0.03394631905564342
 2.115182175628922
 0.2319944430096273
 1.352494710025425
 0.9871403897421407
 1.698810345692632
 0.5517526068065348
 -0.07203942855180087
 2.158375134107831
 0.7513536721817595
 0.8827355954794107



# name: <cell-element>
# type: matrix
# rows: 15
# columns: 1
 1.151485914230894
 0.8082655023386129
 1.118545313041273
 0.8504174502269962
 0.6194989638986705
 0.3208891531602057
 1.510427775769295
 1.242624548915389
 1.26038668131581
 0.09454009409889079
 0.6679554402414456
 2.095293560383964
 0.3996793295887981
 1.673652243007614
 1.272198759439157



# name: <cell-element>
# type: matrix
# rows: 15
# columns: 1
 12.12675830476634
 11.8586986628608
 11.34444906297006
 12.92878270452809
 11.68805310501406
 11.70091999827979
 11.49060424687828
 10.54270506363661
 11.44306984221379
 11.03501604533653
 10.47577809697143
 13.50729446807875
 10.94798224831867
 12.04161856519272
 11.35423167747536





# name: W
# type: matrix
# rows: 15
# columns: 15
 -0.00404629493897093 -0.09157085187458157 -0.05082053342202724 0.2135221990358465 -0.4931255693057378 0.293038208612345 -0.01643432955308863 -0.2944780827051612 0.526436475367559 -0.2293853930688402 -0.6296600798787563 0.1960218665611995 -0.2160760991533986 -0.1910515651065491 0.3920771678028993
 0.170963837680862 -0.0009049027876578854 0.1774525952918137 -0.08366236241386137 0.4286547227297558 -0.3779007019167883 0.01402489523372731 0.5276755770958014 -0.338775424454975 0.213025074923838 0.2055425443568779 -0.3017078710446323 -0.1081266136975214 -0.1476115922517124 -0.6484150161707486
 0.1059227326933738 -0.1360230249133912 -0.004496989661202155 -0.1385384513608308 -0.05016636411242481 -0.1627873379136218 -0.07999462521871009 -0.01705998100660088 -0.09003846930620893 0.3099506339848508 0.1126102262979245 -0.2101323904037683 0.1671010045352738 0.05020004035744371 -0.07520404422445012
 -0.2820176728790665 0.1544549072369527 -0.2437731967881927 -0.4652189664315634 0.2544831614833539 -0.5194622154636426 0.2900269306125651 0.161315002173247 -0.2480222182957774 0.4064219195595991 0.7467005779931793 -0.09438999238329283 0.284968442561179 0.2678148263233309 -0.1616689413079622
 -0.2869425923112577 0.6425334553403901 0.02846806816086288 0.2733838248978913 -0.08386710395244346 -0.3216824789814403 0.6484229158005523 0.2384969960111512 -0.1105204929587393 0.2984057947436586 -0.002426694574939848 0.2501082861335476 -0.2436817487685661 0.2444630328062199 0.06114417810246257
 -0.2834409855546665 -0.01661999512645625 0.009625083342107725 -0.06059568793409892 -0.08731567902175826 -0.3733853230882166 0.06389779347687551 -0.02988230049607562 -0.1530880585651456 0.2372381163749628 0.1135920699060397 -0.005539800250930335 0.4267897583494041 -0.08548754202780164 0.06686318274755758
 -0.05204593466611062 -0.1778795388102444 0.04194897399641234 -0.1851140633831398 0.05783134882977743 -0.2067949525111589 -0.4078847640672827 0.1441683069132797 -0.05935865171035199 0.1934408816269357 0.2369060996411075 -0.1281930852107077 0.2125263179924679 -0.02122396842581357 -0.1573027284874727
 0.4969532500622522 -0.04104241565559121 0.03879452799913214 -0.06914182266731551 0.0870230835175699 -0.004133226533249167 -0.2975195454556306 0.05216043546559913 0.1810941342320381 0.1004200494616541 0.2164543860625237 -0.1124664227429869 0.2213742523031048 0.2743016205259675 -0.2552475979605069
 -0.1180978420962763 -0.09437332887310297 -0.01814057588026767 -0.1242314329067951 -0.1589072498750056 0.03338247743351232 0.5032398211727001 -0.002175573470937273 -0.375248439129044 -0.006150907476139562 -0.0387357147639076 0.09350099534666363 -0.2195505896847099 -0.1715181673309717 0.1616604630583797
 -0.00285200686473672 0.2712518365042701 0.1654888569407312 0.09197450776360946 0.1670528788317165 0.2580018520639667 0.1088403333970759 0.2121061008686358 -0.03056928479903004 -0.582829309446515 -0.08741276053902114 0.1635200277886564 0.07472456642119371 -0.08768441605496058 0.06902491766344819
 0.06976612563313493 0.5770363261857959 -0.009106692884225168 -0.030287930658833 0.07162948109020706 -0.2382164349911274 0.5163894593016382 0.04767506103114876 0.05490223617848815 0.1876644005614899 -0.7144329901302725 0.3507966795970517 0.2878306767329876 -0.2819916514803544 0.2610787646547985
 -0.08114996026735227 -0.1947693048310728 0.07694932653635177 -0.04129981799305667 -0.09404383032109101 0.1156456473203694 0.03779761583658423 0.1144973702764714 -0.07304472806915681 -0.1159580232107636 -0.02890265061183462 -0.4080524914212486 0.08507414590673422 -0.04448790861736586 -0.2951414423641351
 0.08156551106551495 0.4836340900423376 0.07055274499927844 0.07141409363719753 0.3269825512452672 -0.3179551581748437 0.3282611626668293 0.405991562180629 -0.01827602207331165 0.2336771661446372 0.03035930022918774 0.3582409173693981 -0.5686132776471592 -0.1331404877803234 0.07496349229630779
 0.5232948064411905 0.3402349697218559 -0.06981748928728394 0.6759184340449834 0.432821380209253 0.08860849962655726 0.1330279776008444 0.1024727023362476 0.1806569837362189 -0.08488255818949288 -0.06954237566473453 0.162264527943002 -0.1460974025649762 0.250595314992112 0.225176590499828
 -0.3090462205145897 -0.193698190337251 0.1093659869192509 -0.3731688786719597 -0.3106554911830409 -0.0362153839496136 -0.2600670188378208 0.03370974409654626 -0.07157039592769446 -0.073153448749184 -0.05567434634582213 -0.3640943772796567 -0.01525652092306584 -0.02795275852250216 -0.6665748181342602


# name: iter
# type: scalar
300000


# name: c
# type: matrix
# rows: 1
# columns: 15
 NaN NaN NaN NaN NaN NaN NaN NaN NaN NaN NaN NaN NaN NaN NaN


# name: mean_corr
# type: matrix
# rows: 780
# columns: 1
 -0.02955256623506268
 -0.08112022597999029
 -0.0587501173020988
 -0.03977088911547297
 -0.02933529335381386
 -0.01704003405486292
 -0.01355238631977357
 -0.004342814465925778
 0.4318304224360639
 0.4310095225069563
 0.4277917166002196
 0.4250737060388843
 0.4143969473492435
 0.3818122132774934
 0.3831207686123052
 0.350419417783472
 0.3442264198484062
 0.3414966013062356
 0.3297638014646826
 0.3008047461435485
 0.3155775976364507
 0.3163159577071581
 0.3180964487100447
 0.3202167602721373
 0.3204800474299793
 0.3191894055430377
 0.3158270481550639
 0.3111131898573548
 0.3116727137116104
 0.3140330687408054
 0.3289372177401484
 0.3302563093220099
 0.3371860084405903
 0.3534105572892199
 0.3559586759934661
 0.3596525746084413
 0.3324133159402687
 0.3278161569020105
 0.3279758370685231
 0.3171847251488881
 0.3166880238902467
 0.3120548838260866
 0.2975750962483257
 0.2865368973238641
 0.291212995980164
 0.2911101455892012
 0.2803553226831182
 0.2740696721469913
 0.2886773830013225
 0.2847329506095028
 0.2802477426350974
 0.2801772646256543
 0.2840522015035336
 0.2867987506957544
 0.2922540456595983
 0.2763359680791104
 0.277521862751396
 0.2732797610517596
 0.2747630623771362
 0.2703872588839843
 0.2778613135196828
 0.2745293009534154
 0.2737603846207403
 0.2711167740103235
 0.2679681372385729
 0.2707600008694097
 0.2709597172292808
 0.2727570889983489
 0.267995940825757
 0.2731735435536938
 0.2724048610774643
 0.275468959701605
 0.2733113826529745
 0.2741771512300497
 0.2732886191670337
 0.268655588191697
 0.2706351904517724
 0.2782208670854906
 0.2794875565489797
 0.2803473682121259
 0.2790180204935122
 0.2731210621018962
 0.2761002751353718
 0.2778799505657986
 0.2983399397285308
 0.3006314483888827
 0.2973602582822733
 0.2809211122480325
 0.2774461019701057
 0.2728560500939604
 0.2743595700917053
 0.2755170752486217
 0.2721250599197526
 0.2769119810927873
 0.2772855149673239
 0.2802690366356083
 0.2672504925445346
 0.263562902368891
 0.2654936103257993
 0.2651483264789091
 0.2647770232119448
 0.271406724662361
 0.2701289933146892
 0.2728675256584059
 0.2728702159854832
 0.2679332290901748
 0.278727066953346
 0.2784684508143088
 0.2865311184911354
 0.2835100677767315
 0.2838292724523891
 0.2838457583716557
 0.2870341358140902
 0.2886122199225081
 0.2889979223143632
 0.290582500504541
 0.2903506183343543
 0.2868924110588341
 0.2939541556734513
 0.2892495447696762
 0.2899932017981961
 0.2904633832142393
 0.2904035286995234
 0.2926002832885422
 0.3017078004490519
 0.3081065970910897
 0.3065623413813314
 0.3067349007389584
 0.3054289610934652
 0.3062468909204756
 0.3051742023367076
 0.3051524819130896
 0.3050249247532789
 0.3058159115208682
 0.305570636285986
 0.3056039178239742
 0.3050596055310282
 0.2848072792303004
 0.2927559058268121
 0.293421454459569
 0.3015889594196273
 0.3013078269641882
 0.2842165264356675
 0.2843441094515828
 0.2860084243822759
 0.3025456374235743
 0.3039863713941592
 0.2669063785428066
 0.3022039273073484
 0.3019915599725574
 0.3028897801571803
 0.30230230575301
 0.3073994433433108
 0.3079474526060654
 0.3112433721277303
 0.3099867812762335
 0.3095384571215586
 0.3101569845697431
 0.3117795321330376
 0.3108539477162944
 0.3086413748795355
 0.3087861048025142
 0.309481603280834
 0.3175849473347405
 0.3156315837056708
 0.3173490666282455
 0.3158924562461828
 0.3176848459797323
 0.4913288774922847
 0.4764362017426072
 0.447857884478924
 0.4486053583725203
 0.4466376663063089
 0.4308743709693948
 0.4365693637438823
 0.4345126343438346
 0.4258692527850207
 0.4198665137955915
 0.4194627007717288
 0.4106826411399023
 0.411622766540383
 0.4070730151696775
 0.4051358274628628
 0.4062986794461167
 0.4059825785095923
 0.4058167342485485
 0.4056878117353791
 0.4095412740239034
 0.4100063746837596
 0.4106689984801502
 0.3965983507133714
 0.4010279496062318
 0.3695621085411572
 0.3604605969848532
 0.3927082297627384
 0.3924358177911714
 0.3774387115382666
 0.3746140528387094
 0.371903866305637
 0.356352775545651
 0.3600677998582341
 0.3605246030005634
 0.364732637254601
 0.36150304573641
 0.3596093757728447
 0.3594095463960138
 0.3615571633987256
 0.3565086835395194
 0.364157280680017
 0.3634469265126822
 0.3719091391183165
 0.3716939168971452
 0.3824876909783906
 0.3835644069436868
 0.3818339718295528
 0.3816525820363267
 0.3802266515952072
 0.3803448214656452
 0.37800023852912
 0.3763628640581202
 0.3743897615827483
 0.3717960557732342
 0.3678818351695713
 0.3676115982172144
 0.363896382662437
 0.3634657642496714
 0.3615103582410001
 0.361847586806087
 0.3603698930803095
 0.3600876952580945
 0.3595646603138621
 0.3596281076787057
 0.3600818231117194
 0.3603726021551922
 0.3561463532919686
 0.3561246070629982
 0.3549465781000332
 0.5374216728185043
 0.5219374683061829
 0.5070446594217546
 0.478881553335096
 0.4762334484611367
 0.4762806837192473
 0.4775987939696086
 0.4731419336784356
 0.4623297969685495
 0.4610862251646045
 0.4614160031257538
 0.4584046841950878
 0.4529759198408865
 0.4418492784690037
 0.4419097958689317
 0.4402867553760149
 0.4385694216294795
 0.4417273061532404
 0.442517434280404
 0.4394659510908706
 0.4403168958613862
 0.4465155286246267
 0.444439487533237
 0.4499267145611618
 0.4390823754758134
 0.4265902443439975
 0.4302567846249404
 0.4279478023943061
 0.428470541753605
 0.4283338962055083
 0.4291076551620536
 0.4330171297766252
 0.422709951007369
 0.422694937735848
 0.4225474263868063
 0.4205195972550161
 0.4213703701858013
 0.4233975059637862
 0.4129476267915066
 0.4138874443283326
 0.4187558966462278
 0.4134811344496303
 0.4068088649104979
 0.4077236642824843
 0.4090324545708809
 0.4087702450959822
 0.4088233787213846
 0.4091935668584182
 0.4065537171072727
 0.408927627224052
 0.4090528818613162
 0.4098167225571258
 0.409378623942461
 0.4158906351815002
 0.4159292297306204
 0.4076276012930714
 0.4072938500295466
 0.404665798681866
 0.4051445410249573
 0.4051871630061849
 0.3960779888946562
 0.4020502220829594
 0.4051257121768992
 0.4049059092566513
 0.4055378927579158
 0.4081069753374408
 0.3971965254457854
 0.3997762962019879
 0.3987785438269944
 0.4002201049350532
 0.4048919544207357
 0.4021601935273555
 0.4033471002397818
 0.4017502702618291
 0.395633292563885
 0.3960171583287121
 0.3968385199721774
 0.3958516101186583
 0.3989902531393122
 0.3996739300590607
 0.3977559707491025
 0.3982369669941626
 0.3941004705996067
 0.3980052062489847
 0.4188858454039551
 0.4219724701591495
 0.4224329595511659
 0.4185891006226988
 0.4193698451240455
 0.4149791773085044
 0.4079028560683772
 0.4075795745148592
 0.407945188232257
 0.4100105049373345
 0.4076779434691082
 0.5485645140570053
 0.545953654606141
 0.5424529013325903
 0.5426404398013281
 0.5101045159362468
 0.5105437143621655
 0.4999802518991235
 0.4853543151953225
 0.4838185922511157
 0.4814456484840356
 0.4689729220232254
 0.4778156346780172
 0.4491753654777686
 0.4522799222229187
 0.4427468735366471
 0.4447714376351168
 0.4503896455580158
 0.4552674708695592
 0.4555613350395916
 0.4562648130060171
 0.462183779313394
 0.4659316709453789
 0.4745792032492412
 0.4803394818219259
 0.4784869971707185
 0.4769983723219445
 0.4732542078733009
 0.4601437332367012
 0.4579427593157586
 0.4708324378121166
 0.476190194458581
 0.4740045567987765
 0.4724201320733629
 0.4713497901476392
 0.4753164886150872
 0.4602234623314381
 0.459259261122912
 0.4570187708360957
 0.4564100196787543
 0.4572555723303544
 0.4595013446826213
 0.4603696075532547
 0.4605876663733346
 0.4582766595083027
 0.4576756815800552
 0.4577625803434044
 0.4555219496839848
 0.4546760731411442
 0.4536598662222884
 0.4533069902383139
 0.4529007292645513
 0.4511947560110474
 0.4505678412279844
 0.450413890832734
 0.4491125992079606
 0.4516862480785895
 0.4514623811235959
 0.4507660445403112
 0.4534274520321396
 0.4550617960600165
 0.4491282372397979
 0.4521740004799544
 0.4544282843272999
 0.4580799325311686
 0.4518987727766286
 0.4543055575349119
 0.4498042505328844
 0.4479426751460148
 0.4478432003454751
 0.4357493106770896
 0.4211437512052539
 0.4277465281325407
 0.4357610597925105
 0.4331806744628275
 0.4340185877855446
 0.4315768365061849
 0.4353441248313599
 0.4365686718519953
 0.4358061505043096
 0.437699950929416
 0.441431522504908
 0.4336234167260472
 0.4315681993604984
 0.4315716076027398
 0.429872788596893
 0.4386694780892447
 0.4450356191077032
 0.4460490266388684
 0.4469733050614915
 0.4472850816831695
 0.4553510011734875
 0.4368209646480638
 0.449990270104519
 0.4462244495315956
 0.4430604368921506
 0.4340488926324865
 0.4304366125016867
 0.4349990984617756
 0.433412918095961
 0.4247757489543949
 0.4245556548230544
 0.4258506460843819
 0.4192075531880672
 0.4196865230515236
 0.4217138996560644
 0.4097460062476654
 0.409272832145792
 0.408567922107682
 0.4079101109574313
 0.4142321609877213
 0.4153605922275462
 0.41918433857964
 0.4116919419734641
 0.4117964299217449
 0.4112696022806073
 0.4093366205475524
 0.4099737005575113
 0.4101679775853987
 0.4257221351850072
 0.4257130468643675
 0.4269154969305724
 0.4226844533124543
 0.4224512162266187
 0.5496669166247118
 0.5154049031226902
 0.5167177467128957
 0.5088910015769593
 0.4969375844618938
 0.4891877937833507
 0.490741925586005
 0.4503030660781743
 0.4544140894839754
 0.4546743374701032
 0.4544842955478703
 0.4586516327114565
 0.4600649703962117
 0.4609450377049813
 0.465833563568744
 0.4635603555773988
 0.4581361124891645
 0.4621356067581323
 0.4609052149375807
 0.461843707869048
 0.4621364077822435
 0.4660171537216082
 0.471282740315763
 0.4653399670603448
 0.4667658879005508
 0.4673230940555223
 0.4672348309144712
 0.4642548441763507
 0.4597641178293029
 0.4604655779483621
 0.461362103123984
 0.4593040239892122
 0.4600832622175985
 0.4647909618685774
 0.4594964475156552
 0.4401930201372947
 0.4365899663356875
 0.4359513574112422
 0.4355150221185778
 0.4357344448304021
 0.4360453336194088
 0.436818248216406
 0.4612786593183238
 0.4613142814627206
 0.4526216314087422
 0.4563774063088334
 0.4549741907403225
 0.4582175858933117
 0.4585017733145044
 0.4605484213802483
 0.4621057155714048
 0.4631250356940271
 0.4607296750232434
 0.4592980386381935
 0.4576849406249417
 0.4596486396623102
 0.4499342188823128
 0.4511223692944475
 0.4577444552953008
 0.4581494193964273
 0.4489255154426196
 0.4487671272321824
 0.4700463444587656
 0.4622886020112212
 0.4490617288400338
 0.4496375693381109
 0.4561595242400977
 0.4571787048546537
 0.4578192718588476
 0.4560152994667527
 0.4587607535356936
 0.4644943596323817
 0.4642435485511904
 0.4638656130330238
 0.4642414068643647
 0.4675080481556319
 0.4691676202870198
 0.4691481973257559
 0.4696018577797111
 0.4654582880801224
 0.4687268070796285
 0.4649433810212151
 0.463705725621731
 0.4642489813752743
 0.452738941678044
 0.4612158730106809
 0.4611901961804591
 0.4627861123393352
 0.4635632032330844
 0.4639720500564198
 0.4640108607163339
 0.4653586380101857
 0.4678170372968083
 0.4668743862955649
 0.4688079337338343
 0.4748891879699038
 0.4726236530809818
 0.4703323002153867
 0.4616599812899195
 0.4588246493741694
 0.455639623653634
 0.4544180968285258
 0.5504548499611168
 0.5606856430480919
 0.5569831026693423
 0.5460180050757816
 0.5498316440743142
 0.5517894285164961
 0.5518706427795944
 0.5446313638821654
 0.5410307067901833
 0.5305513744143069
 0.5319041595531525
 0.5303459667246961
 0.530527500038398
 0.5387983406722689
 0.5363463311823463
 0.5060446890673906
 0.5109397576034467
 0.5002937415240218
 0.4982677846102138
 0.4935352893259936
 0.4958081339387752
 0.4783566415714889
 0.4786881512111255
 0.4810735313194872
 0.4739627996154989
 0.476630977691235
 0.4767046833791523
 0.4811475337081941
 0.4771375709935716
 0.4943972935391633
 0.4924933226927164
 0.4937388243797801
 0.4949359879555351
 0.4990658640195962
 0.4960613442857694
 0.4946831671018704
 0.4944541150582308
 0.4967343482762334
 0.497492801580267
 0.4998605840951262
 0.4967195148102669
 0.5016029569331937
 0.4998139956633461
 0.4976087993671925
 0.4951577437757887
 0.4936556808827978
 0.4920855820954287
 0.493138122502155
 0.4887780220970308
 0.4859640630839008
 0.4867344419326879
 0.4855161981548949
 0.4851188318863137
 0.4905108256309211
 0.4898686021973345
 0.4892798281185302
 0.4850819993861179
 0.487816928574677
 0.4891464745585021
 0.4967319959071785
 0.4929747541254683
 0.4942348958958222
 0.4912804671073752
 0.4881678832857111
 0.4914380466293032
 0.4896852049773102
 0.4892898053775949
 0.488753812035613
 0.488240283558075
 0.4857255863828988
 0.4858818881350133
 0.4851622837875912
 0.4861518354926515
 0.4861404534557174
 0.4860858490421923
 0.4872788047714666
 0.4862793722825311
 0.483570555643417
 0.5420334196054157
 0.5465034866338219
 0.5423878699732294
 0.5443533833097095
 0.5404676645017885
 0.5430717969484816
 0.5371531304450735
 0.5413460257797175
 0.542134153618155
 0.5353402800167533
 0.5373055717351531
 0.5295939118122719
 0.5253202025786436
 0.5225239367236263
 0.524396288006044
 0.5243028001309389
 0.5082299783466809
 0.5036020933733878
 0.5110515556073024
 0.5123255633261611
 0.5115909261244704
 0.5145357768874669
 0.4882366743513456
 0.4882207402416439
 0.4885333024036236
 0.4885313699295171
 0.4886032700918865
 0.4905581757511536
 0.4951257960496123
 0.4948468909014214
 0.5029338051492168
 0.4954695594635287
 0.4973437058309619
 0.4949777004339717
 0.489153491084596
 0.4891154892984604
 0.4909536091402786
 0.4862212357976876
 0.487532514337968
 0.490326290701623
 0.4887485959694515
 0.4896781835823282
 0.486829043233047
 0.4877715123579758
 0.482870093355586
 0.4800812196822073
 0.4825584707369817
 0.4871832474107063
 0.4865675067924344
 0.4865801637526129
 0.484486057511499
 0.4852494324486497
 0.4859699085995289
 NaN
 NaN
 NaN
 NaN
 NaN
 NaN
 NaN
 NaN
 NaN
 NaN
 NaN
 NaN
 NaN
 NaN
 NaN
 NaN
 NaN
 NaN
 NaN
 NaN
 NaN
 NaN
 NaN
 NaN
 NaN
 NaN
 NaN
 NaN
 NaN
 NaN
 NaN
 NaN
 NaN
 NaN
 NaN
 NaN
 NaN
 NaN
 NaN
 NaN
 NaN
 NaN
 NaN
 NaN
 NaN
 NaN
 NaN
 NaN
 NaN
 NaN
 NaN
 NaN
 NaN
 NaN
 NaN
 NaN
 NaN
 NaN
 NaN
 NaN
 NaN
 NaN
 NaN
 NaN
 NaN
 NaN
 NaN
 NaN
 NaN
 NaN
 NaN
 NaN
 NaN
 NaN
 NaN
 NaN
 NaN
 NaN
 NaN
 NaN
 NaN
 NaN
 NaN
 NaN
 NaN
 NaN
 NaN
 NaN
 NaN
 NaN
 NaN
 NaN


# name: mean_error
# type: matrix
# rows: 780
# columns: 1
 1.435498132364798
 1.446855590820256
 1.432062251262159
 1.421613353113854
 1.421736687791079
 1.418242175923781
 1.415099214843072
 1.409455367890963
 1.227556708212932
 1.224889331626335
 1.222284628445444
 1.231471667287936
 1.237425951749606
 1.249768384985074
 1.249538703913222
 1.259020138814668
 1.263443546278167
 1.260466807591248
 1.2635117299642
 1.287427371975713
 1.279699466082513
 1.279177541566154
 1.279404751840308
 1.286642415047542
 1.286438899451664
 1.287045514646261
 1.285478674770994
 1.291560549148766
 1.291518710828099
 1.290913662796445
 1.288041242289826
 1.286599525678451
 1.286007811670124
 1.279681776741532
 1.269515151871458
 1.259504292308969
 1.27185223011164
 1.273556610381433
 1.275113304180333
 1.282186470809585
 1.285808807814257
 1.288753696264948
 1.291738529381825
 1.297342352206122
 1.296033474122343
 1.294522470406533
 1.302211545467836
 1.303284366899085
 1.295785437527666
 1.28831203015659
 1.28879083491963
 1.288588448452195
 1.274436457103051
 1.281380702633765
 1.279228900696762
 1.285887452837936
 1.286589620819395
 1.29155777022206
 1.289413473884043
 1.290035912111805
 1.28599988887002
 1.285354172570765
 1.285626905429003
 1.281084455242829
 1.283095168422378
 1.282081077748406
 1.282074228092668
 1.281059624144564
 1.282411035998801
 1.286241832433535
 1.283319286385363
 1.284389453700161
 1.28361865750623
 1.284874607344013
 1.285933275138843
 1.287514849638276
 1.286976063283205
 1.286669727666393
 1.286752285571588
 1.283125485791296
 1.285065781655116
 1.287501688079597
 1.28587370060282
 1.284923887041709
 1.2703235094373
 1.272734192532307
 1.274632764132466
 1.282735141228442
 1.284748258592902
 1.285765630672452
 1.285904616971026
 1.287588229055847
 1.289445201218349
 1.290662341554144
 1.285210212294491
 1.283410446592359
 1.289516540831748
 1.290879303020682
 1.289176375924292
 1.289541810748896
 1.290203731107058
 1.289859297888067
 1.29145143730544
 1.287783209299089
 1.288245740224285
 1.286105642901712
 1.280440281011916
 1.281032373034815
 1.273307382143682
 1.276958321597032
 1.276960681261486
 1.276648338039097
 1.272425268303045
 1.263326262908751
 1.262758723244349
 1.261959575348634
 1.262304252252142
 1.265692097680961
 1.255474618080082
 1.267109871642007
 1.268653598813817
 1.26780346923049
 1.26813059657622
 1.266780427623843
 1.253191653765265
 1.258433386460987
 1.261181848895976
 1.261522374518769
 1.26247474049538
 1.264853663934803
 1.266624794632348
 1.266525277516516
 1.269158903372773
 1.268539599449267
 1.266151679466674
 1.264867378318063
 1.2649959634329
 1.279830097242702
 1.276782690445778
 1.276026278772637
 1.270045108517274
 1.267475524350825
 1.280827819515158
 1.289097017418706
 1.289669210811343
 1.276870543822079
 1.279744991365171
 1.299983262976678
 1.281441567152083
 1.281379911149832
 1.281615696643269
 1.278918603373874
 1.274333068947097
 1.27523844275542
 1.272212363754137
 1.2730554626701
 1.274964820194503
 1.272597609693256
 1.27232327782395
 1.273240119991093
 1.276635900796411
 1.276741895146701
 1.276255134734701
 1.272839761255372
 1.268819905891395
 1.270198569269283
 1.270968711401431
 1.268051692203149
 1.189829827486537
 1.214449146831384
 1.20757533580236
 1.210060184168358
 1.21526840314986
 1.226450691874501
 1.228029951474594
 1.232428675155087
 1.226120416948351
 1.2268937140861
 1.227501337793824
 1.225983640089111
 1.22513498006953
 1.227207983517889
 1.226827302393254
 1.224946796916402
 1.224892090856103
 1.223895331775484
 1.221842709578869
 1.224995426737688
 1.224233627832183
 1.221899743995358
 1.233288769435515
 1.233373367479656
 1.241554564574546
 1.242146350727584
 1.232412711211422
 1.230716284729576
 1.246490711287926
 1.240052688764762
 1.241772706170342
 1.250806565288212
 1.246317110846541
 1.247013219919094
 1.242258728310731
 1.244763942445839
 1.24738207266498
 1.246808622140007
 1.249325032215996
 1.25189223282054
 1.248043481217601
 1.249896664997145
 1.247822304696818
 1.253710255276822
 1.248646758732204
 1.248453089065946
 1.249669951727161
 1.250557167844023
 1.247592094291258
 1.246841893515654
 1.249370991589821
 1.251306234591226
 1.251919738589014
 1.250297707207281
 1.249737565940831
 1.249740904939658
 1.254155076344674
 1.254533788262395
 1.25419056629334
 1.256198259573522
 1.25676385661624
 1.257350809876387
 1.257433886125698
 1.258502994959688
 1.25710023433246
 1.257299380044403
 1.261192817261301
 1.259906179427579
 1.26107242175466
 1.165390246778372
 1.178576638132562
 1.186689494477819
 1.202537503979405
 1.20330356119362
 1.203074305146012
 1.204742610518831
 1.207135906812653
 1.213214520387781
 1.217091651277989
 1.216700635936168
 1.217664828276007
 1.220852788691885
 1.214372022122256
 1.215554318928982
 1.218810065063533
 1.220539476640824
 1.219382112265673
 1.219337724542431
 1.220795386290123
 1.221239593421412
 1.218332982215377
 1.220095597915903
 1.216539416988584
 1.221796249752914
 1.223282360974757
 1.214892388348231
 1.214982108231299
 1.216017381807281
 1.216505388987215
 1.21685756245491
 1.216279309527566
 1.215507138239402
 1.214529629578419
 1.217058334669549
 1.21700103547678
 1.216889732118608
 1.218594225154686
 1.229698320098482
 1.230066325113678
 1.231215050856661
 1.233943380654104
 1.235882552358657
 1.233724154969136
 1.233044613624506
 1.233191650944812
 1.233544835165819
 1.23433327904881
 1.233869511771819
 1.232642261228508
 1.231666552250659
 1.231760999290339
 1.233994077026006
 1.23077774952035
 1.230371788252576
 1.233342538977498
 1.231855458940782
 1.233256247748964
 1.233865954427498
 1.233862418958737
 1.240750709994112
 1.234446236055411
 1.233764614427883
 1.233584073585952
 1.236233390814395
 1.235316415825884
 1.237384001277235
 1.237530534723528
 1.238007094901125
 1.237422930147771
 1.231938473992982
 1.234802784846729
 1.231875595655135
 1.233610167388317
 1.235257120525462
 1.235232862579469
 1.234705606314212
 1.236877931114315
 1.23602756764777
 1.235000709349987
 1.236111852356651
 1.236372269036816
 1.237352100476868
 1.234198449846273
 1.229991701346447
 1.229343735016863
 1.226168022373955
 1.228748533438685
 1.230771384968234
 1.23224616428397
 1.234486904231836
 1.2348137007573
 1.234723932729599
 1.23242922546533
 1.232000570350212
 1.153582575157385
 1.155307829808997
 1.149229396267267
 1.157328117414704
 1.186058531320793
 1.186675424306285
 1.193916955541503
 1.208910950633275
 1.20563415547814
 1.20474181229621
 1.230444348092245
 1.226985346765645
 1.244781611082511
 1.241246980597865
 1.251608384342223
 1.250585388659281
 1.243293556988164
 1.239545603188655
 1.242789304217597
 1.241263730898722
 1.23733026680197
 1.235396817530119
 1.231312175189163
 1.227180055067785
 1.227236411817641
 1.227292103398082
 1.228361902997269
 1.227409737725352
 1.232207725389701
 1.223833050975881
 1.222340833392775
 1.222199256855782
 1.221603197967332
 1.22419361855533
 1.222431598939763
 1.227776433933544
 1.227287531784219
 1.22624986949786
 1.22556366717327
 1.229639328643175
 1.228412568418049
 1.228689787638756
 1.231378246729715
 1.233837238327294
 1.230523529468649
 1.233461236137334
 1.23321240567342
 1.232931861384814
 1.233487386973039
 1.234777054919423
 1.238561003800201
 1.235469390950445
 1.23866860568072
 1.238328521955587
 1.238616872351811
 1.239062175906585
 1.240682694589865
 1.241920332936943
 1.239926295988206
 1.238774773115573
 1.239141718362724
 1.239319313093682
 1.235238120250227
 1.228526257334152
 1.228667988481963
 1.224347263111233
 1.225734431939094
 1.229563977767051
 1.231236537236206
 1.236619451389859
 1.250148479417105
 1.247536525718031
 1.243711903306562
 1.243484007048268
 1.242853173646448
 1.24599263033521
 1.241998516048373
 1.240864472815439
 1.241493609263717
 1.239786714402403
 1.235841739802976
 1.2428293491393
 1.241009203698354
 1.240214213496351
 1.239734772221774
 1.2389531547938
 1.225511439778008
 1.225193131025642
 1.22624517679088
 1.225214542305528
 1.223585917753353
 1.228035143235283
 1.225827638953911
 1.220170354874858
 1.221075595627186
 1.222798323697057
 1.223462459474284
 1.2215550292823
 1.224233399371811
 1.227973771688483
 1.227858680317366
 1.227174071775752
 1.229177179658099
 1.228747580946669
 1.229897314257978
 1.233832186162244
 1.233745433842599
 1.233773257191475
 1.233627280761071
 1.232800467319413
 1.232082028036144
 1.230249478073919
 1.233986234962956
 1.231822376522707
 1.231338616635949
 1.232628986886069
 1.23301291057087
 1.232741080650674
 1.228273602105585
 1.227223303135784
 1.226857301754177
 1.227835342063282
 1.226450907079173
 1.164617722214533
 1.184583154268515
 1.18405498993753
 1.183270678224316
 1.191693981596078
 1.194487939533647
 1.197108997260077
 1.211160021022826
 1.210100759882482
 1.213948927351725
 1.201081106589069
 1.201283981745021
 1.202050805780332
 1.201539252987136
 1.198430447135046
 1.200629466036428
 1.204127700845292
 1.199088715553958
 1.200647352779304
 1.204420093748116
 1.204163323621167
 1.20243763518491
 1.201867910359077
 1.202785575786069
 1.201010037627608
 1.201231107685006
 1.200854640279146
 1.202510817557211
 1.204676805741151
 1.202812840992862
 1.204133346382483
 1.20702685100607
 1.206858696795453
 1.208418291162529
 1.209007180333789
 1.213882729287262
 1.214868755705558
 1.215845837280767
 1.215210121905621
 1.21424847645319
 1.214232309296247
 1.214455367628653
 1.208142836452943
 1.21058045353751
 1.217226423980495
 1.218006212918539
 1.219861818260938
 1.218045791725459
 1.216764993205194
 1.217434617472055
 1.216981496765229
 1.216437216501129
 1.216745851254501
 1.215916314494987
 1.220001701794899
 1.219794521907959
 1.228327004961599
 1.224899489069298
 1.221312588501543
 1.222082124359241
 1.225687866242408
 1.225903270690453
 1.21216819632656
 1.20748082253516
 1.21609689901565
 1.21489510562529
 1.212292586361836
 1.213993880424635
 1.213223488881126
 1.211675783050606
 1.212742296834849
 1.209884376379834
 1.21025427245924
 1.20716163368743
 1.208502333650633
 1.207580614689654
 1.209436565401577
 1.207254119157427
 1.206803970253945
 1.207141662000139
 1.207513816866139
 1.204979041984913
 1.206801852580537
 1.206376728620271
 1.205849712060959
 1.20872836710266
 1.207601770028013
 1.207171692184349
 1.20719720710857
 1.208335204933516
 1.206563062396131
 1.206830493718017
 1.207745321725521
 1.208150221612938
 1.206900684094435
 1.207524816027034
 1.206961636740552
 1.208272266137216
 1.207404273091318
 1.208775953255234
 1.210233629760903
 1.211144219407443
 1.176374751734474
 1.17463139303927
 1.17859137338147
 1.181280379719389
 1.176263210101793
 1.17545777648196
 1.178262504169887
 1.181214985493846
 1.187545351107723
 1.192020878600901
 1.190177921537765
 1.192486702038889
 1.182512822100368
 1.178628253546188
 1.181177723897831
 1.193741084341122
 1.189057987407528
 1.196454089543697
 1.197498246094467
 1.194117470452259
 1.196246450437013
 1.204861839068348
 1.204593327047172
 1.207052020845501
 1.210414147101671
 1.213671198578595
 1.216659394842054
 1.213307351747711
 1.215378360579985
 1.199981904801915
 1.194580399002471
 1.20154818916672
 1.202134737993306
 1.196437751774862
 1.199700006810272
 1.193961180094772
 1.194158355747336
 1.190745685926877
 1.188268940776391
 1.185294328355258
 1.186215373140863
 1.186943843557577
 1.19217745800531
 1.195547706355782
 1.196164207468309
 1.192713195253911
 1.194296599007743
 1.197169207784633
 1.198664489247886
 1.197569752357162
 1.195500790149187
 1.195291928412734
 1.195938527813294
 1.191106792681262
 1.190967442081391
 1.19227594593563
 1.194528161965142
 1.194020761491147
 1.193542476182802
 1.190610413291993
 1.192589571526114
 1.192462214275756
 1.194455594229448
 1.195012081736796
 1.193995139657421
 1.19311195013394
 1.197858702200613
 1.19760762110242
 1.197728449290396
 1.198150355639733
 1.196471069160052
 1.195863335110118
 1.195318723194398
 1.196682639859773
 1.19378407023349
 1.19269756886014
 1.195575715759522
 1.196829129331143
 1.174811890866756
 1.172604101336095
 1.172266877191501
 1.171287862135263
 1.172559703286813
 1.170119443743362
 1.179626317266126
 1.1767508100015
 1.176592209978744
 1.176717843551564
 1.174751184511156
 1.167068773090846
 1.16173843578258
 1.164416855148321
 1.165275559241047
 1.164100576085876
 1.179607937687472
 1.182069333923104
 1.186589321494372
 1.190290020373084
 1.188740808289742
 1.187697520113963
 1.197532087930433
 1.197439879620203
 1.198830360902542
 1.19983758979047
 1.198024927946424
 1.197732709616701
 1.197587541574883
 1.197282246055679
 1.195996971785332
 1.193252390620341
 1.192487475367532
 1.190011758070745
 1.191896954423074
 1.200730050444545
 1.192244730577763
 1.195340534366565
 1.195429959948084
 1.195488400601447
 1.20108339677251
 1.201186637090001
 1.202386517403239
 1.202459594301653
 1.203926255000977
 1.20394603397012
 1.200431006273218
 1.200147385791915
 1.198821293668278
 1.198821138045904
 1.20016872427774
 1.199194871367421
 1.199283613731603
 NaN
 NaN
 NaN
 NaN
 NaN
 NaN
 NaN
 NaN
 NaN
 NaN
 NaN
 NaN
 NaN
 NaN
 NaN
 NaN
 NaN
 NaN
 NaN
 NaN
 NaN
 NaN
 NaN
 NaN
 NaN
 NaN
 NaN
 NaN
 NaN
 NaN
 NaN
 NaN
 NaN
 NaN
 NaN
 NaN
 NaN
 NaN
 NaN
 NaN
 NaN
 NaN
 NaN
 NaN
 NaN
 NaN
 NaN
 NaN
 NaN
 NaN
 NaN
 NaN
 NaN
 NaN
 NaN
 NaN
 NaN
 NaN
 NaN
 NaN
 NaN
 NaN
 NaN
 NaN
 NaN
 NaN
 NaN
 NaN
 NaN
 NaN
 NaN
 NaN
 NaN
 NaN
 NaN
 NaN
 NaN
 NaN
 NaN
 NaN
 NaN
 NaN
 NaN
 NaN
 NaN
 NaN
 NaN
 NaN
 NaN
 NaN
 NaN
 NaN


# name: iter_improve
# type: matrix
# rows: 780
# columns: 1
 1
 31
 33
 36
 46
 55
 59
 61
 69
 70
 71
 73
 74
 76
 77
 78
 80
 81
 85
 87
 90
 91
 94
 95
 97
 101
 104
 105
 107
 108
 109
 114
 116
 119
 125
 131
 132
 140
 141
 143
 150
 153
 159
 160
 161
 166
 170
 175
 177
 179
 229
 235
 239
 250
 253
 257
 266
 272
 291
 307
 315
 317
 323
 326
 333
 336
 355
 356
 359
 378
 395
 397
 410
 411
 417
 428
 436
 447
 462
 470
 478
 487
 491
 492
 503
 511
 515
 531
 557
 560
 573
 590
 592
 595
 612
 616
 638
 669
 694
 706
 724
 749
 762
 770
 799
 812
 844
 853
 864
 869
 874
 875
 886
 901
 903
 909
 926
 932
 948
 957
 960
 971
 982
 986
 988
 999
 1002
 1009
 1055
 1124
 1155
 1182
 1213
 1223
 1227
 1233
 1245
 1386
 1589
 1691
 1719
 1764
 1843
 1859
 1877
 1932
 1941
 1942
 2003
 2010
 2020
 2026
 2047
 2064
 2074
 2079
 2097
 2104
 2137
 2193
 2339
 2407
 2421
 2428
 2452
 2492
 2842
 2997
 3000
 3002
 3003
 3004
 3012
 3013
 3015
 3019
 3023
 3032
 3036
 3037
 3045
 3050
 3072
 3078
 3083
 3084
 3085
 3087
 3088
 3089
 3090
 3094
 3102
 3127
 3128
 3144
 3146
 3150
 3163
 3174
 3192
 3226
 3231
 3252
 3254
 3296
 3305
 3321
 3369
 3372
 3387
 3402
 3404
 3416
 3428
 3432
 3458
 3494
 3504
 3506
 3530
 3540
 3557
 3618
 3624
 3630
 3670
 3784
 3840
 3982
 3996
 4105
 4197
 5015
 5121
 5878
 5885
 6000
 6004
 6007
 6009
 6012
 6013
 6018
 6021
 6031
 6035
 6037
 6039
 6054
 6056
 6061
 6074
 6079
 6091
 6119
 6144
 6177
 6192
 6207
 6211
 6212
 6221
 6224
 6232
 6254
 6271
 6343
 6581
 6584
 6587
 6591
 6632
 6643
 6673
 6719
 6729
 6731
 6742
 6743
 6771
 6777
 6802
 6804
 6844
 6856
 6878
 6889
 6933
 6946
 6964
 6974
 6995
 7014
 7024
 7032
 7105
 7133
 7139
 7153
 7242
 7291
 7307
 7346
 7350
 7351
 7499
 7501
 7576
 7589
 7623
 7646
 7689
 8098
 8261
 8316
 8431
 8542
 8604
 8660
 8776
 8792
 8816
 8819
 8883
 8891
 8910
 8927
 8934
 8966
 8981
 8991
 9000
 9001
 9004
 9005
 9007
 9008
 9010
 9022
 9025
 9029
 9030
 9077
 9085
 9092
 9094
 9095
 9110
 9118
 9121
 9123
 9135
 9138
 9142
 9154
 9157
 9167
 9170
 9171
 9174
 9179
 9192
 9213
 9217
 9218
 9225
 9288
 9302
 9303
 9306
 9334
 9458
 9479
 9581
 9592
 9617
 9631
 9656
 9707
 9748
 9767
 9793
 9809
 9812
 9817
 9845
 9883
 9903
 9906
 9910
 9911
 9913
 9921
 9929
 9936
 9946
 9954
 9963
 9978
 9991
 10015
 10017
 10018
 10090
 10102
 10122
 10301
 10327
 10331
 10389
 10420
 10437
 10662
 10697
 10722
 10725
 10738
 10749
 10772
 10774
 10775
 10776
 10786
 10797
 10800
 10801
 10805
 10831
 10833
 10840
 10843
 10914
 10919
 10924
 10935
 10945
 10959
 10970
 11009
 11019
 11031
 11257
 11282
 11342
 11375
 11378
 11382
 11427
 11452
 11456
 11488
 11660
 11679
 11757
 12000
 12006
 12013
 12017
 12022
 12025
 12026
 12030
 12039
 12040
 12063
 12080
 12095
 12096
 12099
 12103
 12125
 12127
 12131
 12151
 12153
 12158
 12173
 12209
 12220
 12230
 12235
 12258
 12267
 12297
 12298
 12363
 12388
 12397
 12414
 12421
 12448
 12491
 12495
 12866
 12907
 12991
 12996
 13004
 13005
 13019
 13043
 13053
 13098
 13170
 13199
 13200
 13222
 13284
 13291
 13292
 13310
 13320
 13327
 13331
 13337
 13360
 13363
 13401
 13406
 13416
 13419
 13450
 13457
 13474
 13491
 13506
 13524
 13526
 13534
 13573
 13587
 13621
 13632
 13648
 13660
 13740
 13746
 13812
 13913
 13932
 13951
 13962
 14072
 14342
 14356
 14410
 14475
 14485
 14507
 14561
 14587
 14596
 14615
 14670
 14962
 14971
 15000
 15003
 15009
 15024
 15025
 15040
 15044
 15051
 15057
 15068
 15075
 15076
 15078
 15082
 15085
 15093
 15105
 15112
 15116
 15119
 15136
 15147
 15151
 15180
 15189
 15206
 15211
 15231
 15250
 15251
 15270
 15284
 15294
 15295
 15298
 15299
 15304
 15320
 15329
 15367
 15385
 15392
 15423
 15425
 15514
 15578
 15594
 15598
 15629
 15662
 15700
 15708
 15761
 15970
 16010
 16022
 16054
 16204
 16339
 16370
 16381
 16468
 16499
 16548
 16624
 16652
 17023
 17025
 17028
 17119
 17137
 17153
 17206
 17241
 17318
 17470
 17653
 17823
 18000
 18004
 18009
 18015
 18017
 18019
 18021
 18025
 18041
 18046
 18049
 18055
 18058
 18071
 18074
 18149
 18168
 18185
 18188
 18210
 18235
 18239
 18241
 18243
 18247
 18302
 18386
 18491
 18640
 18641
 18652
 18656
 18684
 18705
 18713
 18822
 18845
 18896
 18939
 18993
 19017
 19174
 19246
 19283
 19382
 19639
 19954
 20464
 20659
 21000
 23024
 23632
 23683
 24000
 27000
 30000
 33000
 36000
 39000
 42000
 45000
 48000
 51000
 54000
 57000
 60000
 63000
 66000
 69000
 72000
 75000
 78000
 81000
 84000
 87000
 90000
 93000
 96000
 99000
 102000
 105000
 108000
 111000
 114000
 117000
 120000
 123000
 126000
 129000
 132000
 135000
 138000
 141000
 144000
 147000
 150000
 153000
 156000
 159000
 162000
 165000
 168000
 171000
 174000
 177000
 180000
 183000
 186000
 189000
 192000
 195000
 198000
 201000
 204000
 207000
 210000
 213000
 216000
 219000
 222000
 225000
 228000
 231000
 234000
 237000
 240000
 243000
 246000
 249000
 252000
 255000
 258000
 261000
 264000
 267000
 270000
 273000
 276000
 279000
 282000
 285000
 288000
 291000
 294000
 297000


# name: optim_start
# type: scalar
69


# name: optim_steps
# type: matrix
# rows: 1
# columns: 100
 9 169 238 333 456 558 636 685 689 690 691 692 693 694 695 696 697 698 699 700 701 702 703 704 705 706 707 708 709 710 711 712 713 714 715 716 717 718 719 720 721 722 723 724 725 726 727 728 729 730 731 732 733 734 735 736 737 738 739 740 741 742 743 744 745 746 747 748 749 750 751 752 753 754 755 756 757 758 759 760 761 762 763 764 765 766 767 768 769 770 771 772 773 774 775 776 777 778 779 780


# name: VPVP_params
# type: scalar struct
# ndims: 2
 1 1
# length: 8
# name: lambda
# type: scalar
300000000


# name: downsample
# type: scalar
10


# name: MaxIter_X
# type: scalar
200


# name: MaxIter
# type: scalar
50


# name: optTol_X
# type: scalar
1e-06


# name: progTol_X
# type: scalar
1e-10


# name: optTol_aW
# type: scalar
0.0001


# name: progTol_aW
# type: scalar
1e-07




