# Created by Octave 3.8.1, Sun Jan 07 09:47:04 2018 ART <gabrevaya@ws13.labo2>
# name: y_start
# type: matrix
# rows: 10
# columns: 1
 0.1207843968929841
 -0.0640219691363219
 1.759731421722441
 -0.6608762981643268
 -0.2860157934264115
 -1.376243888669767
 0.5237611636097621
 -1.154137924979602
 -0.2051801904227264
 1.019658211371822


# name: alphas
# type: cell
# rows: 1
# columns: 3
# name: <cell-element>
# type: matrix
# rows: 10
# columns: 1
 -0.2127663019593398
 0.85899565167957
 0.9825995849924296
 0.924301932440189
 0.9733256089516982
 -3.410925286629534
 0.4848517203873198
 0.4146189880645947
 0.2281642840685194
 1.565478570002092



# name: <cell-element>
# type: matrix
# rows: 10
# columns: 1
 0.6348223824647978
 0.9265935026343537
 1.473416944833561
 0.6779596162376283
 1.018372152140847
 0.909796145594876
 0.8036254962851569
 0.5547044849773901
 1.478813433489686
 0.3385128754145739



# name: <cell-element>
# type: matrix
# rows: 10
# columns: 1
 10.56808347620761
 11.73188568692448
 11.42451106326588
 11.90150806922464
 12.52717823676859
 12.57116376521649
 10.84831549358288
 11.27235473196083
 11.65438746036636
 11.14539614922295





# name: W
# type: matrix
# rows: 10
# columns: 10
 0.4717235357404651 -0.3298257956953173 1.334475931940079 -0.07731388301738956 0.2479084531199547 0.1301422707267796 -0.39616177903612 -0.5431220845287438 -1.010623560932841 0.1689002514392756
 0.1978437976983211 0.05009868212863086 -0.1726012479335515 0.281320619906919 -0.1612496501230948 0.2043732192985003 0.3171859034565549 -0.1767693909679885 0.271539158148261 -0.2249980760017941
 0.1209960593145059 -0.0503887778051938 0.07385344252920029 0.1129489608761745 0.5783331635524803 0.1361443845424088 0.4660193125041538 0.2928337046616014 0.6414029296134224 0.02174519041683057
 -0.8409166704677448 0.08532845865561024 0.4309225838627695 0.3683850931926799 0.6900096132535929 0.08090336011141352 -0.1476429569464165 -0.01002832589395957 0.6937184145103413 0.4184672424412397
 0.4176528801160996 -0.5837254557354741 0.1124474705218571 0.3853483181919272 0.4582553292682357 -0.1488357205224315 0.6640118224081062 -0.4887765949118963 -0.1172293558249496 -0.07419393008259516
 0.3436916342195773 -0.1029641406303904 0.3791283172832698 -0.09716717836481018 0.1053952848677585 0.04792183020644404 0.2374537522854172 -0.6139103025223489 0.3024164570800997 0.490534540668122
 0.1372404227782547 -0.3560826466986886 0.1571429565646033 -0.312009572677 0.1012160850087632 0.1345812371849729 -0.4067432517636312 0.05939755844119825 -0.154775617914765 0.3045315601678654
 0.02850716763802941 -0.1086676363680022 0.36097125143665 -0.02972114170175599 -0.07370359013819271 0.136964091475937 -0.439865622568539 -0.3458235564001784 -0.205263491611211 -0.129177955747606
 -0.1804484957514199 0.03243915262153793 0.1033190641833236 -0.2767894330000029 0.008875464844051629 0.3127990145514857 0.2154089252329112 -0.8498578766684224 -0.1380146120447502 0.9793182163775741
 0.3121008511956069 0.179136958634599 -0.7817225949080057 0.2863393187085524 0.3452807810262026 0.1928799207339154 0.7903097065062448 0.445625206048007 0.318189130627538 -0.9581509094223742


# name: iter
# type: scalar
100000


# name: c
# type: matrix
# rows: 1
# columns: 10
 NaN NaN NaN NaN NaN NaN NaN NaN NaN NaN


# name: mean_corr
# type: matrix
# rows: 792
# columns: 1
 -0.07679183194513027
 -0.05943472904953469
 -0.05180826138678148
 -0.04846866169936466
 -0.0352244577121814
 -0.01514818499203066
 -0.02105328281456929
 0.04341303973691095
 0.0507829506171373
 0.05485597835980459
 0.08191122198376023
 0.1002086172958929
 0.1090127569608566
 0.1388975995370489
 0.1391140028855795
 0.1420932982491482
 0.1615699079864891
 0.4210414537334535
 0.422572389594798
 0.4196462397705244
 0.4187803276840892
 0.4131090828386642
 0.4131909781312276
 0.4132654393071625
 0.4131713301254406
 0.4070616099108874
 0.4070600675902272
 0.4025481808824186
 0.4041782195293889
 0.4055951753072435
 0.4048326747563654
 0.3958413270351721
 0.3981823289338894
 0.3961370762977476
 0.4041894111868828
 0.3957458448585268
 0.3890807157375437
 0.3896156078998828
 0.3882746618641973
 0.3816007812031496
 0.389351973369401
 0.378061773932723
 0.3795695793701946
 0.3907814060640246
 0.3911261909609176
 0.3898888410215658
 0.5086712659334379
 0.4900788871171782
 0.4870127913101425
 0.485581058996731
 0.4775698982876878
 0.4664220759634606
 0.4653002186349494
 0.4474556016830708
 0.4512146939554431
 0.4572840189816488
 0.4540459946994668
 0.4559364921619443
 0.439895168609974
 0.441622705932973
 0.4413800095268972
 0.4481996987663649
 0.4473360250019433
 0.4501409821280647
 0.4510123987493712
 0.445535471614564
 0.442066838814159
 0.4379489298967482
 0.4322547272160879
 0.4355694021062034
 0.4378630456430577
 0.4437079613072089
 0.4428051100569227
 0.4434075618744531
 0.4446415520803885
 0.4467814347046749
 0.445683286520781
 0.4496763719343805
 0.4447595541915776
 0.4457333319869937
 0.4425940246231562
 0.4425361118382588
 0.4410142547069363
 0.437728386830422
 0.4414409553571882
 0.443483349758111
 0.5307941305860229
 0.531687453849353
 0.5271545614122322
 0.5279327783944754
 0.5282812899869682
 0.5124064280524259
 0.5077003094998583
 0.5077729669009992
 0.5015149920370132
 0.5042551230627292
 0.49947963243556
 0.4987032372037675
 0.5055097361988716
 0.49148195151335
 0.4916035304358058
 0.4823194929254101
 0.4930203763987988
 0.4846000643083315
 0.4876243967035835
 0.4872405787379995
 0.4915759729849774
 0.4922297722979089
 0.4850547438289776
 0.4871817623113851
 0.4888680362992647
 0.4894124620727694
 0.4869846987274031
 0.4837774417532194
 0.4846090696370799
 0.4908636657485604
 0.4867947679421462
 0.49204280049845
 0.491800607206612
 0.48501034504125
 0.4811232339005039
 0.4810522024268284
 0.4807413006243212
 0.4814446509599744
 0.4805964154340062
 0.4810093915810872
 0.4807389769636843
 0.4806470637962863
 0.4781988339634747
 0.4548009652361558
 0.4584238071960646
 0.4584668418774592
 0.459806834786528
 0.464232845451835
 0.47060598435561
 0.4700116955209789
 0.4593950532693573
 0.4596145596884293
 0.4586428359648113
 0.4617916998904991
 0.4600752479132675
 0.4654878964097953
 0.4642606390616542
 0.4695306371900406
 0.4716895781425445
 0.4712523475626804
 0.4708321163393767
 0.4695030198384724
 0.5453138912113273
 0.5218123460103365
 0.5262697237268886
 0.5187886329701803
 0.4709177575809594
 0.4751356359286668
 0.4728708011083767
 0.4722281868070602
 0.4620028510262483
 0.4516167377923733
 0.452589017125081
 0.4531508607225115
 0.4507778631032764
 0.4506200889414596
 0.4458032719239953
 0.4466356318886828
 0.4457240860413054
 0.4416548370327938
 0.4462853064596887
 0.451890669421132
 0.4528142298977452
 0.4474707832547847
 0.4475506711724903
 0.4483868178274474
 0.4495776569907405
 0.4525400326973406
 0.4520455172969502
 0.4538143913653596
 0.4534556710535141
 0.4529551424024881
 0.4521555016752538
 0.4523769541526323
 0.4532049415968638
 0.4537745069786534
 0.4537650586934848
 0.4534120225763392
 0.4537083884884334
 0.4489626519774311
 0.5397745695935535
 0.5384038627602329
 0.5298084504920523
 0.5338986460946737
 0.5289177416556949
 0.5201169237376627
 0.5194903770110184
 0.5202730351325057
 0.5191207533461023
 0.5163530596650269
 0.5044754588591641
 0.504024837909723
 0.5019582371100461
 0.4944305243540539
 0.5020688129209675
 0.5022313723340442
 0.4993446208137876
 0.5057056283834003
 0.504797001271252
 0.50433232793591
 0.5037086466948321
 0.5043664980272385
 0.4998313398899579
 0.5000248080425249
 0.5096827260244307
 0.5083032196003062
 0.5099806478732632
 0.5100937232015772
 0.5073708174392125
 0.5049156110666575
 0.5049768826646153
 0.5060220876079875
 0.5064831592852164
 0.5061023976540041
 0.5064219321852583
 0.5062249524892946
 0.5067040386843628
 0.5064270946832796
 0.5048221876723347
 0.5040587865109318
 0.5023412223051126
 0.5009190238478276
 0.5035097257648349
 0.5029541022048645
 0.5022865988593401
 0.5021941882100077
 0.5020614628424057
 0.5005814805880402
 0.5363860368509263
 0.5233504638508666
 0.517979806985963
 0.5179472341180044
 0.5186438077880073
 0.5178956274510821
 0.517664743352196
 0.517224304474971
 0.5148209333404903
 0.5133936074645061
 0.5106294026431302
 0.5108903906486641
 0.5087139626594313
 0.5143420126814446
 0.5143649226351468
 0.5134610735624936
 0.5138560170350066
 0.5102927207281518
 0.5098763402876669
 0.5104566625094445
 0.5100182242735468
 0.5072065306774609
 0.5066071234864958
 0.5066657568748647
 0.5065222340559317
 0.5058575886110355
 0.5049331296448413
 0.5055674038266027
 0.5050410243021753
 0.5058989974690731
 0.5312473059708448
 0.5278827073557461
 0.5163388618459777
 0.5179967609662722
 0.518871023358799
 0.5163749599002987
 0.5148534415614482
 0.5212737978087418
 0.5115925413394186
 0.5110454949125887
 0.5058496325906545
 0.5019125603302914
 0.5070990734573569
 0.4978473959739323
 0.4980085067109893
 0.4979717333017412
 0.4986181651950769
 0.5001066695359544
 0.500172715180642
 0.4991622099524983
 0.5043508526039121
 0.5036845972525851
 0.5011904782270696
 0.5002933231262074
 0.4999858456807552
 0.5020935819003444
 0.5008395405826784
 0.5008112452709559
 0.500083062507292
 0.5009014878225935
 0.4996664621141222
 0.4989955731902969
 0.4985957775688351
 0.5312105543210841
 0.5237696573108399
 0.5222650221561302
 0.5214728074792087
 0.5211772024309897
 0.5086244018122759
 0.5070244512454664
 0.4992641176622312
 0.4974624450124717
 0.4968007335025934
 0.4954352471368827
 0.4883236594024158
 0.4918885776595935
 0.4970426734641885
 0.4968741563558171
 0.496070744487919
 0.4955018877442968
 0.4994156883345509
 0.4990573982593681
 0.4981041145890702
 0.4975277432087346
 0.4946653173100699
 0.4942855513945912
 0.4945600649724654
 0.4945341858598981
 0.491712360111974
 0.4927406310249808
 0.4901763279012722
 0.4933180637018747
 0.4931836361469147
 0.4907572574789986
 0.490581622035183
 0.541819141314702
 0.4774188267966931
 0.4685937079073115
 0.4878170632652886
 0.4861981768149394
 0.4908865938368473
 0.4954758975714887
 0.4969406045536945
 0.4957906397556308
 0.5047938861968877
 0.5052738535985254
 0.5040208927660628
 0.4924271181130094
 0.500723508230941
 0.5105667906604624
 0.5097124241791772
 0.5075607065410319
 0.5025139605742908
 0.5016947204155386
 0.5012320483455358
 0.5008185235489051
 0.4993827750755805
 0.4984729996976697
 0.4966729843108785
 0.494832013694556
 0.4962557399998452
 0.492974511051627
 0.487963972472774
 0.4901099782771414
 0.4899298952297025
 0.4901283596158432
 0.4891433126797134
 0.4889584627597248
 0.5492054617983484
 0.5332318957076031
 0.5460906476365043
 0.5443147774924046
 0.5413381996916444
 0.5401384496715561
 0.5367900732669558
 0.5259503144570932
 0.5208285179538228
 0.5182741450724981
 0.5064136269454769
 0.4818829900972759
 0.4873736182188528
 0.5035225741813083
 0.5037117664055751
 0.4953104297108005
 0.4937302368203879
 0.4935754809635465
 0.4914575474372649
 0.4950352350192356
 0.4942585854132688
 0.4923832578149089
 0.5477453929124716
 0.5437309923930028
 0.5388950505771881
 0.5369657666842849
 0.5328365514002871
 0.5074261430583457
 0.5099070950147757
 0.5031842159411237
 0.5056467137201578
 0.503053706112773
 0.5064683079732872
 0.5047810621704786
 0.5057643811662758
 0.4963303220649594
 0.494763965586034
 0.4925599500786058
 0.4950449690051688
 0.4940165126384863
 0.5008905029348034
 0.499193526279332
 0.4987291779043805
 0.4982980620755767
 0.4954208270605763
 0.4950830234406715
 0.4888117140865784
 0.5034539657856005
 0.502348699971866
 0.4991172919209201
 0.4985092732670452
 0.5001413946777268
 0.5467335442515469
 0.5407184487096315
 0.5244503738876715
 0.5251123343358745
 0.5037637779738272
 0.5101966631776313
 0.5111960844879208
 0.5142558658867921
 0.5229329010268163
 0.5191088240107555
 0.4966703811293057
 0.5012521959685903
 0.5026374425985064
 0.5175362608717181
 0.5116452707206803
 0.5094598240037309
 0.5149125368415446
 0.5081319382085601
 0.5133820916758024
 0.5113635975731565
 0.5081725491634772
 0.5083623642432008
 0.50822059943404
 0.5027323480485142
 0.5040888273937008
 0.5496553830717485
 0.5331991213625855
 0.5364168861477471
 0.5372584843558432
 0.5330137933941422
 0.5351976307704476
 0.530943784831495
 0.5324425046101988
 0.5018415085150844
 0.5031359258714311
 0.502621985159136
 0.500974481812422
 0.5325933419529447
 0.5125519305743589
 0.5107344270587942
 0.5049353581661121
 0.5028992005153278
 0.5027795805931033
 0.5034995670316708
 0.5045357551744484
 0.5016421240424037
 0.5322630348918538
 0.542711460553979
 0.5328958983892751
 0.5271194342052163
 0.5318411543794423
 0.5311743406933335
 0.5300592151730531
 0.5274166457065421
 0.5259819323149812
 0.5237984595325273
 0.5212639646654197
 0.5200263189980028
 0.5132316008427065
 0.5136315373504561
 0.5142769802404401
 0.5167380705925865
 0.5174707224770578
 0.5127245235827113
 0.537063157900923
 0.5172081121800063
 0.5014207886298141
 0.5127499718656741
 0.5123377339318339
 0.5114060532805287
 0.521863196632706
 0.5286919599047756
 0.5242312701265174
 0.5309186321055804
 0.523390960818116
 0.5084748052005722
 0.511684064220716
 0.5107213657473088
 0.5179219259864667
 0.5198633876336348
 0.5225064251875267
 0.5277443160125734
 0.5280356960890088
 0.5169064718275579
 0.5464119201102701
 0.5317769462550296
 0.5325401575754298
 0.5282589985617243
 0.5303073444945152
 0.5260175385747961
 0.5327859877548273
 0.5279564270517972
 0.5315612835704073
 0.5346094267633815
 0.5392736009317816
 0.5388977396371402
 0.544000941290336
 0.5347506981761373
 0.5326168700111527
 0.5392325138501425
 0.5354871907575733
 0.5405384699881366
 0.5416108477780996
 0.5475489238733454
 0.5475187735104986
 0.5367672452455662
 0.5399729142795404
 0.5416800233187855
 0.5372207377539632
 0.5486086890613835
 0.5498334473489151
 0.5481519801474352
 0.5475684044582355
 0.5432887505498607
 0.5458075152952252
 0.5411370268008832
 0.5366125198647841
 0.5341841720988489
 0.5333843733500148
 0.532186611052465
 0.5291115207831231
 0.5274347286180325
 0.5284574852525503
 0.5300567759648961
 0.5318672612252803
 0.528753617500059
 0.5309075034034533
 0.5371317752760281
 0.5487221038144859
 0.5295913161750874
 0.5373799077477672
 0.5342837630640282
 0.5292343356912976
 0.5332522295032635
 0.5366369390936884
 0.530115909278197
 0.5528008625319105
 0.5517852365290392
 0.5538725056983957
 0.5489044632718356
 0.5496053114673844
 0.5507900305394633
 0.5530969663284221
 0.5514256764446934
 0.5473494878019938
 0.5547611053193012
 0.5570412970806965
 0.5542424698919232
 0.5542747162435429
 0.5532538501850536
 0.5555733054853533
 0.5513125942153219
 0.5685581043917332
 0.5565260343847516
 0.5593185113768558
 0.5545245436810793
 0.5513103481111619
 0.55035625840846
 0.5522049141123319
 0.5534071702271782
 0.5546527379376448
 0.5532652665937758
 0.5519154722371313
 0.5486709553496134
 0.551849018325582
 0.5709588308588016
 0.558926202050203
 0.5568113904552641
 0.5445384811544001
 0.5485768846347348
 0.5341363957641316
 0.5395981547002443
 0.5519196202971379
 0.5767496762695433
 0.5541769105194346
 0.5591333293411695
 0.5489980285252524
 0.5577396753087001
 0.5585113326140931
 0.5512953467654489
 0.5445565437101157
 0.5797109379758687
 0.5740771353431471
 0.570623056046146
 0.5609499524616643
 0.5450603528197426
 0.5623035002959564
 0.5572470472047316
 0.5526751902294611
 0.5533610042114923
 0.5581710094138324
 0.5547746356714118
 0.5476277091661303
 0.5541149977715911
 0.5514382621229764
 0.5557339536431961
 0.5499017725334422
 0.5508529892045693
 0.5833003875520958
 0.5707288862219136
 0.567593315189227
 0.557497785655841
 0.5477943012683915
 0.5289192564588039
 0.5550209835637695
 0.5520962025097946
 0.5503064415422126
 0.5447690617794826
 0.5466795315929207
 0.5409593134587563
 0.5365513814211993
 0.5369246882263505
 0.5464602183399501
 0.5847451716682057
 0.5690914152428629
 0.5695609564019274
 0.5613364327389255
 0.5645812016102715
 0.5619869252554368
 0.5673227870850109
 0.5594987763992856
 0.5620008440207439
 0.5638781414750861
 0.5646554907510346
 0.554753972097803
 0.5648031906093748
 0.5646763567965367
 0.5568501815651857
 0.5607753975484931
 0.5663151490350412
 0.5563011903708214
 0.5584459768980657
 0.5465558378569378
 0.5810849180623656
 0.5700955726036508
 0.5639888369232114
 0.5576466960598758
 0.5586107216568529
 0.5552484532467377
 0.5580439683374376
 0.5617726155013848
 0.5610430223343154
 0.5632365799565088
 0.5502289986818629
 0.5856276382122354
 0.5693420714952659
 0.5677900666044768
 0.5543577598238763
 0.5511387966356255
 0.5641447138545846
 0.5591069407694694
 0.5581945714808534
 0.5654605955281886
 0.5592149475150643
 0.5601248986843019
 0.5592789222583289
 0.5835659280491308
 0.5803394515809255
 0.572987335847466
 0.5702982292117499
 0.5562529040456603
 0.551048892842514
 0.5627688907728917
 0.5655991831595261
 0.5622753805437106
 0.5716513571201955
 0.5689724736061986
 0.5853987397506148
 0.5749909034155847
 0.5667739402609808
 0.5706993203920139
 0.5608797920921267
 0.5636934456751084
 0.5619225948160309
 0.5730071009747169
 0.5657518143109155
 0.5631800487766079
 0.562688992732658
 0.5649939133049402
 0.5680538865893776
 0.5612045586309884
 0.5863709345010703
 0.5481339066679224
 0.5365620611368122
 0.5492209762601082
 0.5577673204269697
 0.5469922357839551
 0.5639718149540436
 0.5604421093533776
 0.5650936637383551
 0.5504366723127818
 0.5578002894340039
 0.5600140741823804
 0.5847186278301787
 0.5775862987864475
 0.5791363124716373
 0.5745372928576553
 0.5747810897381093
 0.5862079448455384
 0.5800970642779069
 0.5821517807140022
 0.586881403144256
 0.5815105325184688
 0.5699284835776062
 0.570070710741837
 0.5683977960609015
 0.5668283938205059
 0.5679857194189444
 0.5611682506460278
 0.5522576525624738
 0.5674093259333638
 0.5624537830994509
 0.5685261254465055
 NaN
 NaN
 NaN
 NaN
 NaN
 NaN
 NaN
 NaN
 NaN
 NaN
 NaN
 NaN
 NaN
 NaN
 NaN
 NaN
 NaN
 NaN
 NaN
 NaN
 NaN
 NaN
 NaN
 NaN
 NaN
 NaN
 NaN
 NaN
 NaN
 NaN
 NaN
 NaN
 NaN
 NaN
 NaN
 NaN
 NaN
 NaN
 NaN
 NaN
 NaN
 NaN
 NaN
 NaN
 NaN
 NaN
 NaN
 NaN
 NaN
 NaN
 NaN
 NaN
 NaN
 NaN
 NaN
 NaN
 NaN
 NaN
 NaN
 NaN
 NaN
 NaN
 NaN
 NaN
 NaN


# name: mean_error
# type: matrix
# rows: 792
# columns: 1
 1.463182300745802
 1.458830439622357
 1.452960266238201
 1.450801776803247
 1.444068919473659
 1.434336515765595
 1.429845169290895
 1.37844407053913
 1.378047048544869
 1.376546836295861
 1.361869534117277
 1.352946029411018
 1.343824948072804
 1.326958131135223
 1.325228606244419
 1.323736319227306
 1.302688984196875
 1.247142378667657
 1.251755606174461
 1.291909087849542
 1.294257885252299
 1.302260216756685
 1.302234952173339
 1.307540167640668
 1.306984210168948
 1.307792361000621
 1.315734721913378
 1.317774421577605
 1.314225583636881
 1.313330146067123
 1.313109888249278
 1.318109914482081
 1.315299631720513
 1.314962829705873
 1.304334591441386
 1.308554483354782
 1.293233473191991
 1.30446278758906
 1.30415519709833
 1.309532914188418
 1.328526327911869
 1.32786896494887
 1.322981941403795
 1.325543411300194
 1.325305761567639
 1.307603935443377
 1.21587425217551
 1.233921314002632
 1.236316658953523
 1.235201612232618
 1.245001234792745
 1.228944246079067
 1.230178085735029
 1.243471684313205
 1.245665590837046
 1.23973658038196
 1.242931418469148
 1.240621361879508
 1.250808752071395
 1.250633831563313
 1.251563312000078
 1.251741315543963
 1.254083937010746
 1.250701585850308
 1.240541868299723
 1.243076148361549
 1.243215666238953
 1.24544183674446
 1.249247847167485
 1.245790396097598
 1.248380730318038
 1.248043539579658
 1.246611516925961
 1.247068800324817
 1.250308619373824
 1.261083252456951
 1.263230044290963
 1.264333726724512
 1.270917588494153
 1.267736302179204
 1.271351761994238
 1.269685598330163
 1.266119166025164
 1.26936941593155
 1.26801102438879
 1.269248563263776
 1.199974068632762
 1.199105564810601
 1.202473573154615
 1.203394657596764
 1.205372516542221
 1.212301455913622
 1.210726939480307
 1.211917537873579
 1.211970070479401
 1.214091033852432
 1.222994917909228
 1.221212220850936
 1.223807838071906
 1.233849327161684
 1.236407393638586
 1.242688807908047
 1.242294728562193
 1.252849962498676
 1.252542841797842
 1.253082298991248
 1.254158313342148
 1.25500202916811
 1.257113215345529
 1.259251971682288
 1.262123510510808
 1.258152499481211
 1.258271378662426
 1.257887602986424
 1.260308040244811
 1.260424766904906
 1.264833508945741
 1.260688782007355
 1.260999848861205
 1.263457986119504
 1.264157986029404
 1.264290246992339
 1.263325467291669
 1.261831340226862
 1.260413905022246
 1.26167671312289
 1.264680572417372
 1.263651183674106
 1.265234809681991
 1.278516292091842
 1.277895281070111
 1.277204511122099
 1.276499451364759
 1.274374740077777
 1.263154689182743
 1.263515684514209
 1.27072949402098
 1.269100505771155
 1.267373085365445
 1.262319773466954
 1.263193851676343
 1.265467513970151
 1.264086546789518
 1.258490143607041
 1.257249267855131
 1.257887147600223
 1.257557823897014
 1.259288515443218
 1.207038436252474
 1.213094246643692
 1.211236790354588
 1.222839019639991
 1.249532440687843
 1.244661310458404
 1.244113054653414
 1.243267514415481
 1.252631709200219
 1.256080403167899
 1.258488403059459
 1.257138617101983
 1.255666753783337
 1.256357622714964
 1.257413680746224
 1.258797895670117
 1.257597957116528
 1.262438736817699
 1.265294097526756
 1.260929813510214
 1.259982759926014
 1.263479007144805
 1.263344009274671
 1.259766994526058
 1.260216766492536
 1.251799178413019
 1.24901357379837
 1.249273827280909
 1.249576809686332
 1.251498624165513
 1.251371598911913
 1.253114807894579
 1.252796080823361
 1.253507611118509
 1.252858843543749
 1.254970763936525
 1.255925104107547
 1.251948834512825
 1.213729840051734
 1.223932337001071
 1.222132589606231
 1.223772890348229
 1.223267503048918
 1.220525232883161
 1.221337839773933
 1.224898498619918
 1.228928066263079
 1.227857943547431
 1.238179753643955
 1.2392608138957
 1.233422217553101
 1.238249269561621
 1.236193620576814
 1.236439581174554
 1.239851325943691
 1.239268819318866
 1.237291903201118
 1.240430377444537
 1.240669292338838
 1.240179326661942
 1.247692393008258
 1.245865144808225
 1.229819471222816
 1.229260936097801
 1.234312230944914
 1.234080744658766
 1.22614839689015
 1.225425439077347
 1.225732788076429
 1.225221057132305
 1.224326599127459
 1.225114706423655
 1.223450846264027
 1.223436871381662
 1.221335760995653
 1.222474700286747
 1.22482884338708
 1.223334877701954
 1.22823665500825
 1.22546799256671
 1.224731197740696
 1.223189964165877
 1.222805164269322
 1.222172265331511
 1.224156142915615
 1.224524382183928
 1.202615166159809
 1.219014977068976
 1.226207055368371
 1.232196879607038
 1.232963106622679
 1.235556289528005
 1.236605644974783
 1.236564148384641
 1.238959592290938
 1.239830364868305
 1.241489919010733
 1.242902790208332
 1.241562468454713
 1.239469654424743
 1.241570863971817
 1.239541265712627
 1.23940319715095
 1.238585833917537
 1.23794773346844
 1.236822949788
 1.23543575008701
 1.233157657431683
 1.232733344897163
 1.232700728130961
 1.232603480348212
 1.232410835855869
 1.231577052186597
 1.232687311369135
 1.229414329245243
 1.228487409867692
 1.207574063392155
 1.218711652892601
 1.200139358185797
 1.201104819543511
 1.199281139530179
 1.201113498866884
 1.200897997760108
 1.208763987880504
 1.220396004009427
 1.225688008458802
 1.222148615359649
 1.218560018457889
 1.218870074490958
 1.21697680302183
 1.218438753399
 1.218001029848023
 1.215432156675428
 1.215985081392297
 1.217029452891418
 1.218327401568938
 1.225922929275507
 1.227343029097199
 1.227374833046102
 1.229057050435093
 1.230103933846536
 1.227705994430318
 1.227903535232092
 1.227057237529332
 1.227186868635972
 1.225091999221512
 1.223648637682494
 1.226417056077077
 1.223470498175286
 1.209734371557842
 1.215923289632994
 1.218642623904504
 1.21908780972674
 1.221883814270711
 1.232066822627214
 1.229603116739405
 1.233655496123694
 1.233459483609475
 1.232816958623331
 1.233400978099432
 1.230558902882571
 1.239998496726775
 1.237226219854305
 1.232991247560479
 1.234699195109599
 1.234636816813832
 1.232845866191596
 1.231603080685277
 1.232081576569033
 1.232299952813042
 1.229020676145069
 1.229935380805673
 1.228855968275325
 1.228617428168222
 1.229356061627721
 1.2308383149985
 1.23093507291111
 1.228424543520141
 1.228103861483657
 1.228918304406366
 1.226404898221435
 1.19180900060327
 1.226612237752369
 1.232908930477064
 1.225798159870037
 1.225815878539118
 1.230586308729631
 1.227956692341854
 1.232501682860976
 1.233223011752371
 1.220258927008924
 1.218773967662345
 1.220643772045041
 1.227597838936268
 1.217953652392593
 1.214398767367116
 1.212703396838477
 1.214662430414106
 1.221632758534352
 1.219039283630203
 1.216813773576279
 1.218323445226979
 1.219338027996809
 1.216553160408556
 1.217399612144563
 1.217301087011587
 1.214724656135361
 1.215884390566009
 1.217690027121588
 1.216002392892063
 1.215696646119711
 1.21813495048988
 1.216576254493974
 1.217430334612995
 1.178415962769199
 1.187677589329143
 1.187240044173063
 1.186458574460318
 1.183913525060464
 1.194586721627078
 1.200186773031501
 1.193409322275544
 1.194449630488305
 1.193568842168732
 1.206127992985788
 1.213726171620036
 1.211654019934746
 1.207872267096285
 1.212137614881426
 1.213772219269251
 1.214793868355797
 1.214541626767087
 1.213096476391395
 1.211834960520038
 1.211802458104525
 1.211878326588019
 1.179010319045045
 1.19657882165002
 1.195048998496106
 1.192893212863158
 1.196109129611069
 1.201424181319463
 1.201762351868335
 1.200540007417409
 1.208162646277358
 1.207852132129385
 1.205256909916981
 1.206632194823756
 1.209988721297199
 1.21674392567963
 1.213206217913467
 1.211623834519965
 1.21119842786168
 1.21109192845133
 1.206322510592467
 1.207220461502957
 1.203831267927822
 1.203431846007127
 1.201179389699043
 1.201863938875661
 1.200128159203973
 1.206156218120716
 1.202266215054744
 1.201086175510141
 1.200203378885287
 1.205195377184897
 1.177887526276911
 1.178901707821853
 1.185865733678628
 1.186090776357697
 1.200537159261948
 1.198112513024732
 1.197480818376149
 1.197858022118994
 1.200395866987453
 1.20032420551796
 1.210835219905099
 1.210355833210153
 1.21040556980928
 1.208557857963204
 1.210370267673257
 1.208630192865923
 1.209648567468864
 1.212848873614
 1.212189110513299
 1.208680544572463
 1.212345030546906
 1.210500141573974
 1.209588482762107
 1.212106800484691
 1.211122407483339
 1.192100215388542
 1.186485656789573
 1.187233880510387
 1.187902816000208
 1.186980789222389
 1.183720093460506
 1.187074350879724
 1.189739138503263
 1.204131843886569
 1.201793200864051
 1.200881172348951
 1.201678735636237
 1.190051126362469
 1.210510591025578
 1.206544688930621
 1.214628407649353
 1.216357533115894
 1.217863123257352
 1.219082954312365
 1.218650184533187
 1.218499613608876
 1.196748425613865
 1.195208847648762
 1.183201952259801
 1.183438013042324
 1.188619203501499
 1.191185109819694
 1.191257970610609
 1.19274506992257
 1.190736894911994
 1.191120617791363
 1.187315731026478
 1.186248172480294
 1.193402797799151
 1.191861877266005
 1.191017098865351
 1.189710375352286
 1.191928597295694
 1.195362126362945
 1.182956450414771
 1.19846274204964
 1.199259468708185
 1.18907812079569
 1.201888285387998
 1.197641375233914
 1.191501662155375
 1.183585424332209
 1.196192327649696
 1.193858078481101
 1.201068736790266
 1.202512005827319
 1.189935721580309
 1.187565491396303
 1.189760345865789
 1.197950875807023
 1.205837081256838
 1.188674045960544
 1.185338760810251
 1.184595711217234
 1.174419266732581
 1.169175685651852
 1.162374921162292
 1.172572025679915
 1.176048513016783
 1.182143366820122
 1.184447246103768
 1.17790780804657
 1.178060853241997
 1.174281296026102
 1.181131396646989
 1.182326153784787
 1.175848146500433
 1.181963162962695
 1.175057504770923
 1.179089816388441
 1.178069480951321
 1.183382326952403
 1.182755751025972
 1.181753884887486
 1.190067267392058
 1.178982500320643
 1.174779387918585
 1.186690102515428
 1.17525800873009
 1.183045797521092
 1.179670796437707
 1.180219768398182
 1.186474233287538
 1.189010697055254
 1.191628491983344
 1.196523772349245
 1.179834594230694
 1.183119767869094
 1.185558131280552
 1.179820497346295
 1.174921163443481
 1.174631283062196
 1.171719904912575
 1.189918706267067
 1.195028408251025
 1.19561757554305
 1.191734269106395
 1.196702781572375
 1.196760474403714
 1.223245475544138
 1.221548863807711
 1.212008472137481
 1.201145968262967
 1.212795701106274
 1.20633715873879
 1.213824649743618
 1.19426318459409
 1.187865538592819
 1.179053673106429
 1.180613548251695
 1.178316007238611
 1.169445735273657
 1.160385899338606
 1.166778604978846
 1.171327666647007
 1.167495458388176
 1.164149909934375
 1.156428873607569
 1.172304378186759
 1.175320785942621
 1.17048663156602
 1.186073178883612
 1.163763078167245
 1.165455360804956
 1.164023555050309
 1.16084232734114
 1.162231342973908
 1.168350185891803
 1.166248542731587
 1.16460544025682
 1.169509275198576
 1.157657276223745
 1.183342765621864
 1.183101628891239
 1.189659133314829
 1.159979917941833
 1.164402932450165
 1.164670458183562
 1.176745923719077
 1.172467652847099
 1.181957855145817
 1.191831877664235
 1.17377309706219
 1.146736816474676
 1.15806052837553
 1.152170120875983
 1.161128645680369
 1.146459003665264
 1.153120062429106
 1.162723417020874
 1.166880147566663
 1.146379396226645
 1.154339382217962
 1.151056751063239
 1.14566797611828
 1.14980638507283
 1.145118107578879
 1.150914631340218
 1.144375615963984
 1.15026687479704
 1.134715092345982
 1.139600366117834
 1.152717450630982
 1.145619038449097
 1.143410187050331
 1.149844594340292
 1.150888945019979
 1.151073992635264
 1.143179859950618
 1.148517467729882
 1.141895106642642
 1.151905107198402
 1.155545606707335
 1.172242732409157
 1.157641849010717
 1.150994644587985
 1.152337870054728
 1.159814002608565
 1.154799541654083
 1.153853392158507
 1.157359846425634
 1.157210872695414
 1.157273459384474
 1.142154410695646
 1.149469108150363
 1.143687325600407
 1.141460037324305
 1.146425582775846
 1.151806393821065
 1.143462634625551
 1.158953320552777
 1.155866124265996
 1.159331991013387
 1.14251126384047
 1.15509229186102
 1.140204936974701
 1.145193823276768
 1.149584502084663
 1.137113893575866
 1.139985010435682
 1.140595903005299
 1.134564322597037
 1.137268750684703
 1.139590142394202
 1.150159457631102
 1.148337759539334
 1.144854083689068
 1.144612367206365
 1.151926981454503
 1.153755846045616
 1.14060943229696
 1.155405169363323
 1.154754098620248
 1.147727294326193
 1.147745300602681
 1.155772137789318
 1.145961731180803
 1.163525638286638
 1.153702489873826
 1.151635101770347
 1.15211136004755
 1.159390664111865
 1.155964787072636
 1.159753588286902
 1.155927971903618
 1.15338684109611
 1.145517948565563
 1.144695264371476
 1.145590574709831
 1.147439426595555
 1.163034292686989
 1.166897411593582
 1.147697626855291
 1.155162463759302
 1.145552750075425
 1.142949812146097
 1.142315535695104
 1.136859661134464
 1.145081440381071
 1.140917916205232
 1.137847143624012
 1.157584060965158
 1.141161319067869
 1.141417268893649
 1.148160884020251
 1.147987168211151
 1.145832781708042
 1.143697480859181
 1.138546713078905
 1.129603983221028
 1.131692785432685
 1.128316324295733
 1.149728950008349
 1.151187066483125
 1.15188495650071
 1.146045071329868
 1.158611000623781
 1.125802955766337
 1.137924383753843
 1.129924648380271
 1.150143900469968
 1.153816305488722
 1.149423269297608
 1.138525837674733
 1.141143806624062
 1.145382002185595
 1.14208047934266
 1.135941675489711
 1.140732028340002
 1.143981564477478
 1.140724960341063
 1.129220140164035
 1.13155303418999
 1.145540850206508
 1.140872791053628
 1.13519978284803
 1.156057028885323
 1.144512824332496
 1.156403976689033
 1.172750233920116
 1.14401519761143
 1.151245712886719
 1.137854827683784
 NaN
 NaN
 NaN
 NaN
 NaN
 NaN
 NaN
 NaN
 NaN
 NaN
 NaN
 NaN
 NaN
 NaN
 NaN
 NaN
 NaN
 NaN
 NaN
 NaN
 NaN
 NaN
 NaN
 NaN
 NaN
 NaN
 NaN
 NaN
 NaN
 NaN
 NaN
 NaN
 NaN
 NaN
 NaN
 NaN
 NaN
 NaN
 NaN
 NaN
 NaN
 NaN
 NaN
 NaN
 NaN
 NaN
 NaN
 NaN
 NaN
 NaN
 NaN
 NaN
 NaN
 NaN
 NaN
 NaN
 NaN
 NaN
 NaN
 NaN
 NaN
 NaN
 NaN
 NaN
 NaN


# name: iter_improve
# type: matrix
# rows: 792
# columns: 1
 1
 9
 18
 29
 48
 54
 62
 69
 71
 134
 187
 193
 237
 252
 271
 313
 337
 531
 534
 540
 547
 549
 577
 591
 611
 636
 650
 657
 681
 695
 699
 704
 718
 722
 765
 919
 934
 938
 941
 943
 950
 954
 959
 964
 987
 996
 1000
 1009
 1022
 1024
 1025
 1034
 1046
 1062
 1075
 1087
 1089
 1100
 1101
 1107
 1108
 1117
 1124
 1149
 1196
 1216
 1227
 1239
 1255
 1258
 1320
 1356
 1374
 1390
 1403
 1410
 1534
 1540
 1555
 1557
 1589
 1711
 1712
 1756
 1917
 1956
 2000
 2001
 2004
 2008
 2029
 2036
 2041
 2058
 2062
 2065
 2073
 2092
 2097
 2099
 2102
 2104
 2109
 2114
 2120
 2137
 2144
 2149
 2152
 2176
 2183
 2203
 2205
 2207
 2220
 2225
 2226
 2237
 2244
 2268
 2271
 2308
 2312
 2328
 2357
 2375
 2384
 2396
 2397
 2399
 2414
 2448
 2479
 2490
 2499
 2520
 2560
 2608
 2623
 2677
 2693
 2839
 2856
 2874
 2876
 2882
 2911
 2918
 3000
 3004
 3010
 3022
 3027
 3040
 3044
 3057
 3059
 3116
 3117
 3119
 3128
 3135
 3137
 3154
 3227
 3262
 3265
 3268
 3315
 3316
 3336
 3396
 3419
 3422
 3536
 3547
 3572
 3589
 3629
 3721
 3725
 3753
 3789
 3792
 3858
 3938
 4000
 4001
 4006
 4012
 4013
 4028
 4035
 4042
 4043
 4054
 4071
 4088
 4107
 4115
 4121
 4134
 4136
 4145
 4146
 4178
 4179
 4201
 4205
 4238
 4249
 4253
 4254
 4256
 4287
 4311
 4315
 4332
 4356
 4369
 4374
 4408
 4439
 4446
 4447
 4485
 4545
 4623
 4680
 4708
 4847
 4863
 4864
 4964
 5000
 5005
 5012
 5015
 5028
 5045
 5054
 5063
 5070
 5079
 5122
 5136
 5155
 5160
 5209
 5210
 5222
 5240
 5245
 5281
 5282
 5316
 5327
 5340
 5375
 5457
 5510
 5598
 5759
 5992
 6000
 6008
 6009
 6032
 6040
 6043
 6061
 6075
 6083
 6091
 6102
 6105
 6130
 6170
 6175
 6176
 6186
 6191
 6245
 6248
 6251
 6252
 6259
 6266
 6274
 6302
 6366
 6405
 6535
 6545
 6548
 6570
 6951
 7000
 7005
 7007
 7022
 7046
 7047
 7056
 7090
 7154
 7324
 7429
 7504
 7520
 7536
 7540
 7542
 7573
 7599
 7606
 7616
 7633
 7712
 7718
 7745
 7748
 7769
 7780
 7788
 7796
 7873
 7928
 7951
 8000
 8004
 8017
 8047
 8064
 8065
 8067
 8069
 8104
 8145
 8205
 8219
 8302
 8311
 8346
 8361
 8378
 8393
 8411
 8424
 8448
 8465
 8533
 8544
 8549
 8586
 8605
 8665
 8696
 8753
 8786
 8798
 8996
 9000
 9006
 9011
 9013
 9039
 9046
 9047
 9055
 9060
 9061
 9065
 9082
 9093
 9100
 9101
 9112
 9117
 9373
 9406
 9575
 9665
 9731
 10000
 10004
 10006
 10007
 10010
 10014
 10020
 10026
 10046
 10061
 10118
 10126
 10127
 10158
 10375
 10492
 10498
 10518
 10557
 10564
 10573
 10577
 10588
 10604
 10639
 10790
 10798
 10808
 10822
 10948
 11000
 11007
 11009
 11024
 11025
 11045
 11053
 11061
 11093
 11103
 11115
 11124
 11136
 11156
 11192
 11194
 11224
 11231
 11243
 11258
 11265
 11274
 11301
 11317
 11388
 12000
 12021
 12031
 12033
 12055
 12057
 12067
 12086
 12106
 12160
 12197
 12224
 13000
 13016
 13019
 13032
 13056
 13156
 13162
 13474
 13675
 14000
 14003
 14006
 14021
 14023
 14027
 14031
 14035
 14070
 14072
 14080
 14081
 14089
 14098
 14100
 14117
 14118
 14276
 15000
 15003
 15005
 15135
 15151
 15206
 15263
 15276
 15289
 15305
 15327
 15344
 15377
 15431
 15532
 15695
 15732
 15738
 15753
 15949
 16000
 16105
 16298
 16303
 16528
 16578
 16668
 16671
 16718
 17000
 17084
 17204
 17212
 17315
 17341
 17404
 17514
 17552
 17719
 17729
 18000
 18024
 18065
 18126
 18388
 19000
 19004
 19009
 19032
 19041
 19097
 19132
 19252
 19292
 19330
 19591
 19628
 19667
 19754
 19812
 19942
 19996
 20000
 20005
 20006
 20060
 20137
 20450
 20456
 20639
 20957
 20961
 21000
 21004
 21009
 21016
 21075
 21094
 21128
 21215
 21305
 21309
 21313
 21323
 21563
 21696
 21735
 21754
 22000
 22009
 22084
 22124
 22128
 22166
 22173
 22215
 22263
 22313
 22332
 22349
 22497
 23000
 23006
 23054
 23075
 23086
 23104
 23118
 23216
 24000
 24029
 24034
 24040
 24050
 24083
 24126
 24530
 25000
 25001
 25021
 25034
 25062
 25166
 25192
 25211
 25221
 25275
 25349
 25360
 25483
 25504
 25520
 25627
 25700
 26000
 26013
 26018
 26027
 26035
 26052
 26060
 26072
 26073
 26112
 26119
 26346
 26602
 26618
 26655
 27000
 27003
 27022
 27036
 27039
 27040
 27061
 27076
 27102
 27109
 27133
 27137
 27388
 27391
 27402
 27412
 27723
 27796
 27813
 27970
 28000
 28021
 28040
 28052
 28057
 28244
 28261
 28308
 28314
 28348
 28548
 29000
 29005
 29018
 29039
 29054
 29061
 29073
 29089
 29483
 29491
 29747
 29846
 30000
 30013
 30014
 30081
 30141
 30149
 30299
 30339
 30466
 30604
 30973
 31000
 31001
 31004
 31008
 31009
 31010
 31021
 31111
 31257
 31311
 31316
 31332
 31362
 31687
 32000
 32018
 32020
 32061
 32066
 32205
 32273
 32291
 32420
 32529
 32785
 32886
 33000
 33020
 33021
 33035
 33106
 33213
 33501
 33620
 34000
 34008
 34022
 34041
 34092
 34120
 34207
 34239
 34403
 34559
 34567
 34715
 35000
 36000
 37000
 38000
 39000
 40000
 41000
 42000
 43000
 44000
 45000
 46000
 47000
 48000
 49000
 50000
 51000
 52000
 53000
 54000
 55000
 56000
 57000
 58000
 59000
 60000
 61000
 62000
 63000
 64000
 65000
 66000
 67000
 68000
 69000
 70000
 71000
 72000
 73000
 74000
 75000
 76000
 77000
 78000
 79000
 80000
 81000
 82000
 83000
 84000
 85000
 86000
 87000
 88000
 89000
 90000
 91000
 92000
 93000
 94000
 95000
 96000
 97000
 98000
 99000


# name: optim_start
# type: scalar
531


# name: optim_steps
# type: matrix
# rows: 1
# columns: 100
 18 47 87 149 187 235 265 298 330 363 385 415 440 452 461 479 499 508 519 524 541 551 567 580 588 596 613 628 648 659 671 682 696 708 716 728 729 730 731 732 733 734 735 736 737 738 739 740 741 742 743 744 745 746 747 748 749 750 751 752 753 754 755 756 757 758 759 760 761 762 763 764 765 766 767 768 769 770 771 772 773 774 775 776 777 778 779 780 781 782 783 784 785 786 787 788 789 790 791 792


# name: VPVP_params
# type: scalar struct
# ndims: 2
 1 1
# length: 8
# name: lambda
# type: scalar
300000000


# name: downsample
# type: scalar
10


# name: MaxIter_X
# type: scalar
200


# name: MaxIter
# type: scalar
50


# name: optTol_X
# type: scalar
1e-06


# name: progTol_X
# type: scalar
1e-10


# name: optTol_aW
# type: scalar
0.0001


# name: progTol_aW
# type: scalar
1e-07




