# Created by Octave 3.8.1, Mon Jan 08 03:09:33 2018 ART <gabrevaya@ws17.labo2>
# name: y_start
# type: matrix
# rows: 10
# columns: 1
 4.275193529130644e-05
 4.04153985362527e-05
 -1.156796635630811e-05
 -2.631355924877902e-05
 -2.666513535628166e-05
 -2.645259195090428e-05
 4.638771705647634e-05
 1.450743985175447e-05
 -1.438725695988208e-05
 2.804038960813328e-05


# name: alphas
# type: cell
# rows: 1
# columns: 3
# name: <cell-element>
# type: matrix
# rows: 10
# columns: 1
 -0.0630039460311808
 1.83118950502275
 1.254146380512619
 1.890779117138879
 0.3020264117285515
 1.408946315035698
 2.214487244043206
 2.05624976067641
 0.5572327004016479
 2.215375029608716



# name: <cell-element>
# type: matrix
# rows: 10
# columns: 1
 0.6359493186801886
 0.834514379044056
 1.085610717564233
 0.3310524859876557
 1.027850890381249
 0.5314996850456853
 0.811881808414627
 0.4845746975156122
 0.6980754760602615
 1.309862601138565



# name: <cell-element>
# type: matrix
# rows: 10
# columns: 1
 11.52662703219931
 12.42788155731105
 11.67085267173312
 12.58882944257388
 11.08913792658369
 10.34934011476219
 11.72940912280052
 10.71966265928211
 10.68689793610904
 10.35996178304269





# name: W
# type: matrix
# rows: 10
# columns: 10
 0.4397707297883882 -1.079156302049783 1.785564985448169 -0.3214965429263335 0.2438190217979886 0.2788477883041119 -0.03268039801292409 -0.5303257871238672 -0.3550013492217831 0.7790476261332757
 0.07159162885554242 -0.4364742334588899 -0.3604826690712434 0.3864058727682706 -0.1045502116544937 0.2051727891285434 0.310063301640056 -0.06512602186907616 0.1973636879723467 0.08709335159304936
 -0.5966025307147808 0.8366989903444945 -0.7619133432927238 -0.02709458466287722 0.6674450251332916 0.3134080819475277 0.186669660428887 0.4845301734356863 0.4201952922682877 0.5867554055590959
 -1.076369180184247 -0.4734365671483737 -0.03133010677398853 0.1916165772128463 0.5523352281033015 0.3070998026942697 -0.5064411587829785 -0.4156024045883691 -0.4439208666188634 -0.2238466225162901
 -0.4799762822665793 -0.02062145485374767 0.6754769241089608 -0.409029539523041 0.2554787577338596 0.2625503128086462 0.2935967999583184 -0.5869019349643341 0.2909741818999151 -0.4167024270212337
 -0.4935720263004933 0.07197671098920748 0.342454934005171 -0.3723966679888474 0.3486310223851755 -0.3416741728030844 -0.2510477134354104 -0.1547589022815674 0.04955339832269844 0.2901687298395333
 0.4212464503699367 0.06889633456539355 0.348225966172313 0.255430743646602 0.2378198813471148 0.2570196848439268 -0.6036947746391179 -0.1366525989247501 -0.1349227943129254 0.4079988786781715
 -0.05431225139175051 -0.5095598619505153 -0.05199274837624974 0.1024544251048084 0.005767417426892821 0.2734357815256928 -0.4965471187840182 -0.4007312526295577 -0.5630707372473703 0.3712033500145362
 -0.06169218528121573 -0.2727902574605645 0.770156174590085 0.5825109838613375 0.8082064346401486 0.45120501388942 -0.09232312972544787 -0.4505951478177708 -0.3631377326656743 0.7188445933220946
 0.1844477127919118 -0.2866862215598815 -0.9103522904879442 -0.06218686705948039 -0.769701547575028 -0.3297185822955337 0.8981684990150717 0.7900828464194716 0.1371881817441389 -1.112548648442313


# name: iter
# type: scalar
200000


# name: c
# type: matrix
# rows: 1
# columns: 10
 NaN NaN NaN NaN NaN NaN NaN NaN NaN NaN


# name: mean_corr
# type: matrix
# rows: 975
# columns: 1
 -0.09452818197101208
 -0.07212149369737181
 -0.06720672989801978
 -0.06438061753543554
 -0.1178283923758036
 -0.09409012035787409
 -0.09183250728183504
 -0.07352008102117971
 -0.06438414586905361
 -0.05091020929366023
 0.002668019212702555
 0.02527184751876139
 0.4016742784722359
 0.3915064684566098
 0.3827940727332994
 0.3781041014371582
 0.3761883476285161
 0.370614684351786
 0.3525453464522113
 0.3561078176907373
 0.3599785287996118
 0.3558824851440814
 0.347857591375753
 0.3382709093585087
 0.3294780678613093
 0.3432317676813436
 0.3538203365536913
 0.3566647610052083
 0.355195444627355
 0.3605278499267054
 0.3647570843414187
 0.365239992129277
 0.3617205298490884
 0.3601054017362127
 0.3623794838290301
 0.3595899693835582
 0.3539395839383946
 0.3579848962147382
 0.3613043664306071
 0.3631719835941181
 0.3626437766362164
 0.3578846496823595
 0.3545618189287603
 0.3545078794262042
 0.3574417124468682
 0.3527917384523969
 0.3535426138877005
 0.3525391007083675
 0.4568967688194178
 0.4537719865068471
 0.4354304133521795
 0.4327911542758206
 0.4036412094926852
 0.4105238734565368
 0.4107288676703055
 0.4013686792698283
 0.401026617978388
 0.3934081217251923
 0.3989041379741812
 0.3964514383223233
 0.3942937051860859
 0.3983978586018836
 0.3972930012779024
 0.3997409601784052
 0.3995706065218393
 0.3963479246354862
 0.4000933146841424
 0.4007116594600898
 0.4012462934774622
 0.4023815691288163
 0.4031943620426525
 0.3961450145109093
 0.3966563811725001
 0.3943407650496192
 0.3964091376028553
 0.3957520173084109
 0.3942999308181133
 0.3868171817827127
 0.391198266795049
 0.393500264269968
 0.3981368944443521
 0.4059222090456186
 0.4039045466189316
 0.4061735929857521
 0.4017909059498289
 0.4000558417802249
 0.4042145872030946
 0.4028857064424464
 0.3979484641308547
 0.4003907918210369
 0.4034992387156156
 0.406434375288686
 0.4044683098222806
 0.4060521356867531
 0.4053003746061327
 0.4092087082590547
 0.4073539824661578
 0.4016188418508542
 0.4026678865120612
 0.4025428684097322
 0.4009263396737241
 0.4054322521345879
 0.4065061385557341
 0.40068616324344
 0.3936257111050547
 0.3928967936019244
 0.3919196943350162
 0.4058628425329193
 0.4090798766797429
 0.4039983003779652
 0.4093850024900639
 0.4084593552213036
 0.4065340451452314
 0.4080677414922837
 0.4087091363935997
 0.4881736626942844
 0.4744936355918553
 0.4748871188194198
 0.4683090895394687
 0.4637381188974558
 0.4634753063910679
 0.4642192202118489
 0.4631614354479822
 0.4496287847552056
 0.4494413866388219
 0.4496323252772924
 0.4490190454355386
 0.4316482673748211
 0.4226696255642882
 0.4222462431124542
 0.4144607317347838
 0.4221595639507897
 0.4288353859466646
 0.4203326830531195
 0.4213929593434674
 0.4175269124602812
 0.4161736824422949
 0.4161977223563092
 0.4162016074133129
 0.4186861636060152
 0.4187622972663384
 0.4106824799908364
 0.4142372266623687
 0.4102241642732155
 0.4096642498987027
 0.4124069635973672
 0.4072518759604315
 0.4033599165714382
 0.4079065452113534
 0.4109776169656633
 0.4159214456043402
 0.4197416563602836
 0.4078823898439515
 0.4170545392817807
 0.4125913596934676
 0.4070142793919637
 0.4119503272042618
 0.4065517351108702
 0.4111541017647364
 0.4128923333139027
 0.4126018278664008
 0.4169298586218756
 0.4170933429872193
 0.4172872287805954
 0.4172125675351548
 0.4144222585491817
 0.4107373458848498
 0.4145780203186
 0.4120618864914423
 0.4117975460326536
 0.4158992383508287
 0.4178008152552168
 0.4174790670231904
 0.4170685816123897
 0.4203328366146106
 0.4293381346000458
 0.4279012731893648
 0.4275377713962552
 0.4270741034486931
 0.4321579740499544
 0.429330432730295
 0.4273216850444108
 0.4255555292919418
 0.4089953063235042
 0.4095304010164577
 0.4042817487030499
 0.402680352853126
 0.4022818365502971
 0.4962241285210791
 0.4923193955217724
 0.4884864015752605
 0.4896501532400412
 0.4373041144523396
 0.4439663655743226
 0.4451417053995333
 0.4433834982090108
 0.4282217165797059
 0.4281577398923541
 0.427843152939535
 0.43356438213987
 0.4339418171586134
 0.4360373672789916
 0.4371720437355033
 0.4341907172366568
 0.4300061485390584
 0.4238416040222296
 0.4290017006174504
 0.4287732709511486
 0.4309949713039122
 0.4457340944624919
 0.4426885375526131
 0.44135166612503
 0.4399860841257073
 0.4361653782239962
 0.4414737800782337
 0.4471424011271536
 0.4352873313663426
 0.4320305162933891
 0.4313667172268597
 0.4234759386609698
 0.4308186685602401
 0.4284000777564592
 0.4303878482824729
 0.4305761529134977
 0.4295386402996387
 0.4299663444676139
 0.4324007479671957
 0.4266396118595413
 0.4276324779113903
 0.4275079939709087
 0.4287375354201462
 0.4286247105958364
 0.4234268099517392
 0.4229242154082725
 0.5199406606226742
 0.5168245775589717
 0.5192350291599066
 0.518205958863976
 0.5104594790729691
 0.4708618640385149
 0.471917705456845
 0.4713266194327921
 0.4632786047378545
 0.489865921105741
 0.486635471435962
 0.4869746617878975
 0.4877408585318769
 0.4845843829211584
 0.4851514236457627
 0.472137122980031
 0.4776043177291041
 0.4753900536782283
 0.4751201991800775
 0.475628782987878
 0.4682359839740681
 0.4626532670467638
 0.4536406302147534
 0.4484730605877053
 0.4437362128612136
 0.4418000726202282
 0.4374524454909244
 0.4358990658287526
 0.5377099949688798
 0.5396559699957869
 0.5392157779869524
 0.5189654262588905
 0.5059585842288484
 0.4946995188184845
 0.5011789430333449
 0.5049495695700488
 0.506516833135676
 0.4823198392074608
 0.490905279323934
 0.4907277599540067
 0.4907590376905274
 0.4880612671458543
 0.4817441631252405
 0.4796512873307197
 0.4763075855872864
 0.4694455527972528
 0.4788327948095369
 0.4706018141947387
 0.4718814318069348
 0.5583921390001024
 0.557989900988251
 0.5437588019774098
 0.5439402334074076
 0.5448910189921501
 0.5416624682371932
 0.54151402919445
 0.5492225021534489
 0.5240160133468199
 0.5149812937480576
 0.5098421315417634
 0.4982453887783992
 0.4991185128458809
 0.5066278965961637
 0.5008881550566207
 0.5044482663154966
 0.4833111996442391
 0.4845182712954794
 0.5614161728451357
 0.5435930475751476
 0.5429677001317624
 0.537042185315433
 0.531998131988298
 0.5318411652234001
 0.5278582045747132
 0.4960421565376605
 0.5338578600982429
 0.521255497124543
 0.5320184862611924
 0.5321417982112683
 0.5329721645136786
 0.5340602377446727
 0.5341850687763834
 0.5247580061787838
 0.5266384132352953
 0.5211050286422998
 0.5191300935057861
 0.5258292711644296
 0.4972670260172971
 0.5020752462656428
 0.4945330734838704
 0.5669180904723891
 0.5652983452886915
 0.5624123691142712
 0.531457562846861
 0.5053785291908197
 0.5023047722037004
 0.4988099475621739
 0.5021347352534602
 0.5041055356282896
 0.4967594507648265
 0.4972479585108665
 0.4968426850579518
 0.4951796259239202
 0.496869768724755
 0.49832451957076
 0.4979569990325496
 0.495502145220397
 0.5051668929812111
 0.5067820154293436
 0.5025732996000948
 0.5028029549316931
 0.4989815547796583
 0.4967489875092994
 0.5735688960460045
 0.5735363909507132
 0.5726145582861605
 0.5734635290817357
 0.572816833336085
 0.5725937127576165
 0.5715365994634374
 0.5680697733498318
 0.5490125217797102
 0.5443820720613444
 0.5348449805610216
 0.5421959102385545
 0.5429280805978633
 0.5357965263472575
 0.5396423578502281
 0.5275258490022237
 0.5297729973403313
 0.5307402209485504
 0.5768178039604526
 0.5698748179601952
 0.573268622363598
 0.5714094596637731
 0.5682106900775888
 0.563968035366379
 0.554399587310949
 0.5617506891471247
 0.5601783426608857
 0.5588280133184
 0.5589168753443603
 0.5509808619717693
 0.5510268952143197
 0.5511237877665029
 0.5493074923801506
 0.5487730836013642
 0.5461565824932564
 0.5358314046088869
 0.5277865421589577
 0.5301314357852975
 0.523822403125185
 0.5280435035686948
 0.5317344736898615
 0.5325252960914694
 0.5735444052894626
 0.5731248915255835
 0.5668119052770131
 0.5689681927676136
 0.5710460714153678
 0.5705372590201342
 0.572020537405812
 0.5557220981604893
 0.5565505854159338
 0.5779653216016439
 0.5780601454081178
 0.5774022459907335
 0.579644723752369
 0.5769694324559931
 0.5724616695987426
 0.5734525068411878
 0.5729637794908718
 0.5716924244349662
 0.5762299222278821
 0.5766417880025145
 0.5745837337715968
 0.5683806917553959
 0.5676317852950383
 0.5643128928717784
 0.5616235097099445
 0.5606300191791644
 0.562795025595232
 0.5639982500036664
 0.5651820662501523
 0.5648878473042513
 0.5643421674211276
 0.5544816458311679
 0.5757518099539636
 0.57765913307918
 0.5851357079927217
 0.5847590349970671
 0.5850776651187656
 0.5819203387265193
 0.5783094935190807
 0.5726674637893243
 0.5707021802507466
 0.5703838771724139
 0.5729918223461091
 0.5722485865268182
 0.5733729891394422
 0.5742621403079482
 0.5700110079973955
 0.5837803873929981
 0.5801352435667797
 0.5838453759776117
 0.5830878434501997
 0.5830901113040936
 0.5905343387759305
 0.5801861734511194
 0.5778970748529694
 0.5807151618186229
 0.5809795118820036
 0.5739216991370146
 0.5714908039003237
 0.5773848297238143
 0.5793153895185759
 0.5635146396661626
 0.5666327054164916
 0.5604559126109605
 0.5634202745130527
 0.572936760847621
 0.5922008084729193
 0.5907369373866334
 0.5824086252209314
 0.5858117063874524
 0.5830340399187339
 0.578737817362883
 0.5655284254129683
 0.5690324877307323
 0.5890565282039497
 0.5761050338371574
 0.5768715053486007
 0.5858966632962936
 0.5719729923424244
 0.5875798190637523
 0.5868954702574345
 0.5756310313599547
 0.5894622036072439
 0.5815669153278642
 0.5711884232337859
 0.5697621771534254
 0.5891130142165859
 0.5865038802440103
 0.5764246485806735
 0.590265388598638
 0.5973041255098276
 0.5973701461406972
 0.6003535761976131
 0.5816048377751626
 0.6009320454517482
 0.6094664728214587
 0.6035185514351152
 0.6015948910619966
 0.6098716705134853
 0.6059370633779553
 0.6059762642676387
 0.6060152555286994
 0.5966813741078288
 0.6044499916297292
 0.6065353724998641
 0.6039785304888866
 0.6084965362293776
 0.6042766915382753
 0.6065642535137152
 0.6058535362691048
 0.6060854891827979
 0.6060855450700756
 0.598116794741254
 0.597623027144235
 0.4939005531116046
 0.5124885120208675
 0.5654400594227786
 0.5687139536815319
 0.5579783371415576
 0.5592951113577729
 0.5693684104874082
 0.5479658751067358
 0.5159482440554607
 0.5492355695370336
 0.5431128568684088
 0.5193147919916697
 0.5252126504456011
 0.5150080587522361
 0.5121844865319181
 0.5281340824549361
 0.5105827164299001
 0.5217205640404806
 0.5282640228814526
 0.5148564343740618
 0.5227319084162991
 0.5357402992125706
 0.5455192016891608
 0.5433175853559731
 0.5516283104155475
 0.5629630245084862
 0.5267081593996201
 0.5282896861186256
 0.5435502903155507
 0.2459143399932481
 0.2231745589299645
 0.2540332021451351
 0.2931096243407673
 0.3751237036661323
 0.3576962649496108
 0.356236774514511
 0.3997093077376042
 0.3861433396334233
 0.4241777762912354
 0.4288352040029323
 0.4113660960571225
 0.3968566862127038
 0.4007908257442578
 0.4080300509806073
 0.4127470187170411
 0.4324457396038204
 0.4485860577751256
 0.4522816751765492
 0.446391288853157
 0.4386875946965724
 0.4356484048970056
 0.4401148362264231
 0.4381087125074831
 0.4358862100086107
 0.4350651159738986
 0.434702507436882
 0.43416620679362
 0.4340662292829341
 0.436720288078551
 0.4401838254448334
 0.437968160425721
 0.4388715172368943
 0.444045563570988
 0.4423824262436531
 0.4396826465982269
 0.5265555998118009
 0.5187210933219736
 0.5009272676644063
 0.4956743204400124
 0.5170990022973878
 0.516565763631643
 0.4993989102585893
 0.4956312182495269
 0.4922317280486171
 0.4928003320542901
 0.5020821834411107
 0.4963242742423552
 0.4968793695837194
 0.475499760852301
 0.481517250440923
 0.5490714747530243
 0.5426862756757213
 0.5386212767450711
 0.5331952361296992
 0.5370819471812289
 0.5402737141670536
 0.5276541140550257
 0.5164657774215355
 0.5069310550672419
 0.5245832536216221
 0.5102956752799295
 0.5168644002949544
 0.5287926441522093
 0.5135472329882086
 0.5125038721894729
 0.520991822848472
 0.5215637959163948
 0.5175068317154101
 0.5225220441112262
 0.5483941606557334
 0.5330126630516897
 0.5187352492087978
 0.5120457757866441
 0.5095241751425278
 0.5155784026921183
 0.5132925593380282
 0.5172422379703624
 0.5218449454627787
 0.5220472841887258
 0.5165390212275602
 0.5164761689705338
 0.5177358199006237
 0.5318197615118972
 0.5562853763461725
 0.5386500048329078
 0.5361701892723237
 0.5311440297089373
 0.5272823903255263
 0.525350798185898
 0.5248708694180614
 0.5641295895294711
 0.5613026636847529
 0.5433298129836135
 0.5372616599275878
 0.5340010115117527
 0.5463072861506884
 0.5436697364532748
 0.5469724863174852
 0.5393690507870933
 0.5454765269106995
 0.5514155026490327
 0.5891816462310334
 0.583758547684589
 0.5842251090426849
 0.5815353303105983
 0.5804194835879494
 0.5805791506965086
 0.5757901792049104
 0.5866737885877102
 0.5800018624004909
 0.5747276286897081
 0.5694513180391684
 0.5517726953456785
 0.5588591938609572
 0.5750506225508873
 0.5565150146161419
 0.5534942870319479
 0.591517472998406
 0.5755054918114102
 0.5799906652448559
 0.5640818791947647
 0.5790462771627048
 0.5678071019279424
 0.5713772065084972
 0.5654821614107874
 0.5717420478142612
 0.5597562613956814
 0.5649859624634177
 0.5656891227670421
 0.562915347888152
 0.5680941719865232
 0.5615765622491267
 0.5456442650699966
 0.5583985367911446
 0.5623842767594229
 0.5720693031375756
 0.5663062311785658
 0.5579286623741027
 0.5550807711483022
 0.5600801277936209
 0.5534485985072386
 0.5613890925973272
 0.5498821892738464
 0.574332853203028
 0.5752519159187197
 0.5864117818853797
 0.5845421592249722
 0.5787572926614459
 0.5724873725894495
 0.5762725923231369
 0.589745603316312
 0.583281774122544
 0.5804422027658318
 0.5775341295925368
 0.5682651889565059
 0.5654767659002187
 0.5529048646015576
 0.5640364302896698
 0.5621374310207549
 0.5861218710796
 0.5687606667286571
 0.58384333206739
 0.5940778374946771
 0.5691561730131238
 0.5783202419201852
 0.5741539955175801
 0.582043477353005
 0.5987060462490866
 0.5642962791870145
 0.575435623145353
 0.5767626254369412
 0.5799038450551193
 0.574521436337321
 0.5864696793007012
 0.5657033185995468
 0.5684862609987416
 0.5587954627729818
 0.5648484328332469
 0.5650144239751074
 0.5652285782658112
 0.5667810207574723
 0.5676804237171136
 0.5920474317856729
 0.5652529350284465
 0.5852654382872468
 0.5754209874242662
 0.5801845236671473
 0.5745165523484103
 0.5644207459097659
 0.5717073810896761
 0.5841083111769743
 0.573707859676555
 0.5697834607958594
 0.5739321133137869
 0.5764805343195059
 0.5959610776760608
 0.5967362350487216
 0.5805556377028351
 0.5785734721945075
 0.5911338504788981
 0.5940414086530021
 0.5833301891053885
 0.5765870081608366
 0.6023508183122492
 0.5899334528582052
 0.5939577891790966
 0.5796603733404597
 0.5863323462639979
 0.5790713218066115
 0.5775976819483344
 0.6045007099765969
 0.6010730867350483
 0.5896551184116673
 0.588447869158565
 0.5837338284186575
 0.5835615022855212
 0.5867425350973695
 0.5875377723300101
 0.5823286671281434
 0.5801482287967401
 0.6055791022264501
 0.6040314137879544
 0.5973952849016475
 0.597615423306077
 0.5892934285772835
 0.6087934997186994
 0.6045400300100217
 0.6004816645260993
 0.5901474555677936
 0.5800837652048856
 0.5892887891496753
 0.585170051261664
 0.605626592443853
 0.6080602958530469
 0.6043444171416873
 0.5982654788530543
 0.5936780675546374
 0.6030946870123406
 0.5875723591188503
 0.6023628043752619
 0.6071555487123479
 0.6091052257663955
 0.6073217584122221
 0.6098449116898188
 0.5948580863876858
 0.5982202053845456
 0.5977605839714631
 0.5917555459501679
 0.5989648860200443
 0.6015662926348145
 0.6036905127795559
 0.6022759697195835
 0.6077411342544015
 0.5814964175061648
 0.5869332058312015
 0.5736556157984367
 0.5968271202220723
 0.6131345074371918
 0.6036367389534218
 0.6055816108829897
 0.6022428184467949
 0.5996842888311391
 0.6106579416674387
 0.6062828728909563
 0.5999337569313319
 0.5911647866992096
 0.5936840966104546
 0.5975997934660946
 0.5953116827108802
 0.5862971709252865
 0.5866169196862165
 0.6114796208697184
 0.6126135521744678
 0.5962029495807177
 0.5964653914866047
 0.5837911218377373
 0.5962986976972769
 0.59844370189406
 0.5956011432903754
 0.6167528462304244
 0.6135718503570671
 0.6182230251709784
 0.6029385426560997
 0.6097012007472283
 0.6188171273426281
 0.617438861069325
 0.622661719971455
 0.6083913289871213
 0.6209000650321911
 0.6145714448855747
 0.6073862958132636
 0.6092768428652959
 0.6012955567732368
 0.615314279350874
 0.6082581767240943
 0.6114479190642146
 0.5997244404134834
 0.597579656225514
 0.6102818757940982
 0.6095329630066232
 0.6139765797571326
 0.610761631192514
 0.6107058126046928
 0.6084117622717199
 0.6143257917881886
 0.6014458252102222
 0.6133577995314224
 0.600084245587604
 0.6002376644853459
 0.6101172323185468
 0.614727534152711
 0.6129810617471805
 0.6085335279744074
 0.6032517148710407
 0.6037897238071752
 0.5988483247513443
 NaN
 NaN
 NaN
 NaN
 NaN
 NaN
 NaN
 NaN
 NaN
 NaN
 NaN
 NaN
 NaN
 NaN
 NaN
 NaN
 NaN
 NaN
 NaN
 NaN
 NaN
 NaN
 NaN
 NaN
 NaN
 NaN
 NaN
 NaN
 NaN
 NaN
 NaN
 NaN
 NaN
 NaN
 NaN
 NaN
 NaN
 NaN
 NaN
 NaN
 NaN
 NaN
 NaN
 NaN
 NaN
 NaN
 NaN
 NaN
 NaN
 NaN
 NaN
 NaN
 NaN
 NaN
 NaN
 NaN
 NaN
 NaN
 NaN
 NaN
 NaN
 NaN
 NaN
 NaN
 NaN
 NaN
 NaN
 NaN
 NaN
 NaN
 NaN
 NaN
 NaN
 NaN
 NaN
 NaN
 NaN
 NaN
 NaN
 NaN
 NaN
 NaN
 NaN
 NaN
 NaN
 NaN
 NaN
 NaN
 NaN
 NaN
 NaN
 NaN
 NaN
 NaN
 NaN
 NaN
 NaN
 NaN
 NaN
 NaN
 NaN
 NaN
 NaN
 NaN
 NaN
 NaN
 NaN
 NaN
 NaN
 NaN
 NaN
 NaN
 NaN
 NaN
 NaN
 NaN
 NaN
 NaN
 NaN
 NaN
 NaN
 NaN
 NaN
 NaN
 NaN
 NaN


# name: mean_error
# type: matrix
# rows: 975
# columns: 1
 1.491587892137838
 1.478422976175059
 1.475080728286112
 1.473959137568325
 1.447587212970437
 1.437123591983257
 1.436461262144133
 1.423876848845213
 1.420365284415466
 1.415331793012941
 1.399925347783832
 1.376062911219163
 1.277818212372633
 1.280076273293378
 1.279832124407511
 1.275881782115319
 1.279944676108366
 1.283849589227195
 1.302787977432135
 1.304088218102214
 1.299946279606733
 1.294858762472463
 1.301631516735829
 1.305557506781526
 1.306035107832685
 1.299567229864069
 1.289857055632175
 1.288996985633694
 1.291031958391411
 1.289360712911734
 1.285973912581418
 1.279603678013829
 1.279949671638212
 1.266806033588342
 1.272019380704263
 1.27355380308976
 1.27285944198258
 1.270671946158644
 1.268064184776448
 1.26736149212629
 1.268737703919734
 1.274686765936916
 1.273281342332945
 1.272295521660707
 1.26713569435165
 1.261818972556028
 1.257895126121859
 1.259071676855945
 1.233692950990595
 1.241113726956618
 1.254108156960529
 1.254565425935321
 1.254232621730234
 1.246989724173887
 1.248549692689111
 1.24700963084486
 1.24746880704486
 1.247024178053381
 1.24571506287725
 1.255420520087986
 1.253500903984326
 1.250790829876034
 1.253246534931214
 1.249657250782963
 1.249627489823704
 1.251787639244645
 1.253852966311707
 1.2516112862894
 1.250790441823828
 1.248843542548379
 1.246063037920975
 1.255030419548155
 1.25502100465934
 1.252788688427362
 1.251542643764629
 1.254241807180075
 1.250345171153215
 1.255042729460005
 1.257611767742079
 1.25727231183037
 1.2549661317176
 1.25066995030417
 1.249799674487348
 1.248579410684715
 1.252448213813037
 1.251549427213718
 1.247143984864294
 1.247848004232309
 1.248294824952031
 1.253852206933095
 1.252206087236245
 1.248419802026202
 1.251241847239561
 1.251004075849689
 1.248855586060027
 1.243271851480397
 1.246245979736874
 1.252599946708132
 1.253825323688579
 1.252846764650397
 1.254804850957127
 1.24879170538546
 1.246325819071874
 1.247446104043831
 1.254281197775545
 1.253851027911914
 1.251112133727269
 1.245490223214772
 1.24716005266245
 1.25092301186466
 1.244267331915744
 1.24301487194147
 1.243835289189359
 1.243399766036492
 1.244090397092729
 1.223523201158623
 1.227829457507825
 1.222925869927414
 1.228332852499635
 1.232851254333054
 1.232576315323806
 1.227255758318606
 1.22872895284136
 1.236552087804679
 1.235256572853431
 1.235370803056698
 1.234755625476321
 1.245254564573601
 1.247137740631566
 1.244326027781963
 1.249960762437821
 1.230821147766306
 1.219786435465128
 1.225808389226833
 1.220064153259122
 1.222650893825977
 1.230527037836289
 1.230357665040909
 1.230333270781005
 1.229556705940974
 1.229602760648375
 1.235483636971378
 1.232498577462466
 1.232346449411672
 1.234282662787924
 1.228028415438251
 1.230635064895885
 1.239217034634232
 1.238398163031706
 1.240402677099673
 1.237916712530175
 1.230480732819891
 1.233854834363141
 1.234915281029684
 1.239000550346241
 1.244165302654775
 1.246741124224093
 1.25815539462313
 1.249785299092082
 1.249274743102971
 1.249305843330636
 1.241289907125348
 1.236650049684042
 1.234765127550169
 1.235183178864051
 1.23410673043786
 1.230261079580875
 1.233403695681054
 1.236809999683232
 1.233677311936262
 1.220179017501807
 1.215990648883029
 1.215820796938307
 1.215125495840787
 1.21586898631954
 1.215182527614962
 1.215812132706035
 1.216761452721042
 1.215754891383446
 1.220565399586772
 1.216561047956701
 1.219326719289725
 1.216902647651218
 1.227033220549212
 1.227530162017993
 1.229721346286673
 1.229284938854396
 1.228177673335517
 1.184724167599673
 1.182149659223445
 1.183439425089484
 1.196850053468838
 1.237543822450153
 1.233184033520464
 1.231703946472235
 1.230462752373682
 1.228938803010973
 1.229831004851625
 1.231446447388108
 1.218746463339823
 1.218616547161748
 1.221195923147016
 1.221905561757328
 1.22929032428429
 1.23109119341949
 1.234218250953987
 1.230293476206809
 1.228333698151253
 1.220689548138612
 1.211929682234851
 1.216809844763034
 1.217403327299609
 1.215839595475427
 1.217613381318937
 1.211743208871162
 1.205040773936097
 1.209437912908403
 1.212386356239686
 1.212879652859476
 1.20509932472911
 1.206506780863568
 1.2068597256207
 1.206667583416704
 1.206187471516114
 1.210846013490571
 1.210123564869214
 1.208937268618971
 1.211175212556477
 1.208435280537029
 1.207644832294836
 1.205309494548246
 1.204854794669232
 1.207765450052231
 1.203777401595439
 1.161430104721343
 1.159480468973591
 1.171936788766811
 1.174986272943739
 1.188692324487666
 1.190988337381242
 1.188131285319693
 1.186572178520219
 1.191433935523653
 1.172197838360489
 1.172865251604456
 1.173771892298746
 1.174801113549167
 1.177774812386881
 1.18191755127576
 1.197138153414142
 1.19558659384477
 1.196313882730683
 1.19775558297341
 1.197903912738689
 1.207012915720392
 1.214370217940393
 1.217575193026688
 1.215878674053819
 1.217398936427531
 1.218560280095507
 1.221442363051144
 1.221306231135207
 1.176470113029092
 1.172837046525181
 1.173629784275769
 1.178827691886241
 1.168421759231696
 1.175261780006955
 1.16908885343354
 1.164717882441089
 1.164201953920346
 1.185739163012186
 1.185517189849431
 1.178713081884481
 1.178708222474351
 1.18058823331901
 1.181530252485522
 1.18414663701747
 1.186971751301153
 1.190274311676308
 1.184821519431238
 1.19063888921549
 1.188231192395053
 1.151499035854728
 1.160075442795658
 1.156499266148381
 1.160981311026377
 1.157734840903393
 1.159084636313529
 1.161084758128704
 1.154571515365856
 1.171924927903779
 1.193098469500482
 1.196553448502817
 1.205938875559374
 1.205152101081775
 1.20034136356705
 1.198183367014653
 1.195057319883476
 1.214078892881838
 1.213827575404897
 1.142708870538943
 1.15999769645418
 1.169748989782723
 1.180619102333161
 1.18307571800154
 1.180810548029843
 1.182388207697947
 1.200923346729173
 1.17466305595805
 1.188786948578666
 1.175113954640195
 1.174917868349403
 1.174764639195578
 1.176746415435464
 1.175666985307368
 1.182739875068175
 1.178886634239495
 1.182395441213563
 1.184874280452999
 1.171303190610295
 1.193188175335205
 1.189942839727784
 1.196593532218411
 1.1412155187658
 1.138847161684488
 1.138806421289305
 1.160396966453231
 1.146443405075425
 1.146134777949422
 1.14906984950891
 1.14985636651997
 1.148232193571192
 1.149942434752469
 1.148335863043461
 1.147566567230298
 1.148494390861341
 1.153136480268076
 1.149096919924682
 1.147861791278582
 1.145003902873485
 1.154774899566111
 1.150408814355663
 1.153220344351175
 1.151118049747186
 1.15787822720308
 1.164328525735542
 1.132664826607789
 1.130666453546763
 1.128122349117474
 1.127487006996816
 1.127508715143955
 1.128999521725353
 1.132863471855322
 1.124525582734019
 1.160123985739093
 1.165542840973455
 1.170253316526634
 1.153951648112782
 1.154198998795705
 1.157958648119516
 1.150769525605751
 1.161085317252442
 1.159741560585474
 1.159902289893958
 1.134077982272254
 1.132727364171052
 1.136236775407132
 1.133311752296336
 1.129988956824488
 1.131289975751534
 1.119414803494938
 1.115316973005053
 1.113178569296557
 1.108917563350277
 1.112543406183441
 1.138182549351373
 1.136418029923024
 1.141933679864265
 1.148354702685971
 1.148631279013782
 1.146733967977403
 1.158133448309413
 1.154654162992121
 1.152964683787966
 1.150109723042724
 1.145181857988507
 1.141904145560614
 1.133068419898492
 1.122267980511143
 1.131224896603376
 1.141340267514112
 1.137096718717941
 1.125912297847644
 1.125169590533383
 1.122421627567364
 1.123522722796536
 1.122683180060181
 1.123373968229676
 1.125334875450258
 1.123112244362122
 1.12437676570859
 1.119862555913262
 1.116330788397907
 1.115649315766383
 1.118431067742444
 1.115957135016599
 1.115613442615706
 1.118597619317816
 1.117182550814536
 1.115708338689583
 1.125859889197433
 1.107815981870398
 1.106744219723575
 1.10821772760579
 1.103080672129622
 1.106930359193822
 1.103048689728687
 1.1064086302162
 1.106877562129733
 1.138582261266083
 1.118231794062985
 1.116671357431327
 1.117762553598641
 1.108281071934446
 1.11557339393124
 1.120185896170659
 1.124653236594441
 1.121376776523127
 1.127340065952432
 1.120735254267466
 1.117014808454885
 1.116262326067291
 1.108480126747865
 1.104323285036603
 1.107112165180681
 1.115253132168896
 1.098373496449771
 1.101848527635341
 1.103693696664295
 1.103835596873787
 1.113446878126501
 1.110343901486779
 1.114698897061388
 1.107132493404471
 1.104214143784774
 1.116603071551851
 1.117088719689822
 1.113260905417107
 1.109991246958667
 1.109510604292159
 1.103804914946923
 1.11312411310782
 1.108230000224563
 1.107412152422006
 1.104792967934246
 1.106779097142802
 1.113958001644684
 1.107117385854714
 1.113609507894176
 1.113360740014116
 1.115580095370822
 1.118022990664228
 1.109013170036629
 1.119189704448998
 1.107462990185101
 1.097255245341284
 1.109896070124131
 1.114374483014005
 1.120583531141342
 1.125351532877376
 1.121757823361669
 1.136873170380296
 1.128881144226522
 1.111137119607087
 1.108334619399924
 1.114814349679626
 1.115769854398814
 1.110853573420427
 1.108282438570042
 1.106635100841223
 1.105064832247369
 1.118337981472842
 1.106147986067684
 1.097383818256116
 1.107430607070233
 1.109766218967814
 1.100116129839488
 1.111936414244837
 1.111879610201542
 1.111823346922493
 1.112637202567733
 1.102563608594079
 1.110816112276093
 1.127702827748365
 1.106393499197216
 1.10523908500466
 1.101887717592077
 1.101812816942703
 1.101783808741396
 1.101783864303922
 1.11535943758289
 1.116793221784815
 1.143312966265091
 1.140501922696792
 1.110606768853611
 1.105118912632221
 1.116424291650598
 1.107347230284799
 1.103673447173085
 1.130381155059184
 1.159590738141584
 1.138377148690162
 1.141356440869084
 1.152361748621394
 1.150261210710332
 1.162549398919231
 1.155669546061465
 1.149481501800518
 1.154440659128772
 1.150846283441532
 1.149420692343392
 1.154344317820862
 1.1517029070136
 1.141402411530588
 1.13635453169543
 1.133788578626338
 1.123490106224952
 1.116529489496552
 1.150814248232257
 1.160267990912395
 1.137507494748293
 1.291598757946943
 1.295191913394838
 1.303230368993958
 1.277323891202378
 1.228203974648698
 1.242402992359605
 1.244418402888223
 1.201149480639728
 1.218718943081997
 1.1848650957756
 1.18118887498842
 1.202644027681195
 1.214224471541847
 1.211777959369175
 1.207102334936187
 1.21191552003832
 1.183192690087111
 1.17343816820179
 1.176797689781039
 1.172144556655748
 1.178508929659067
 1.178985095285417
 1.170916903814445
 1.177220413183105
 1.176219046641781
 1.175860292949491
 1.180352282875325
 1.17992743623268
 1.17798581722336
 1.176739673172614
 1.174039301655886
 1.171162546918015
 1.17086039682976
 1.174956086535264
 1.170041470585325
 1.167913405363123
 1.127999719334509
 1.144526782783485
 1.152155263699611
 1.158159415216513
 1.144257281869331
 1.155933069145833
 1.162504545159354
 1.155436101402687
 1.149964016284101
 1.151469141666467
 1.148669053123681
 1.150983264996869
 1.155331379168438
 1.163010618567795
 1.159967184164461
 1.111292675305295
 1.12227650473886
 1.129452469736193
 1.131609627841699
 1.12625328237137
 1.127037063976622
 1.128023913835643
 1.135524587558661
 1.134392155245809
 1.12543898111147
 1.132966588049358
 1.128704866769838
 1.120884881654689
 1.137498780236933
 1.135766421038504
 1.135026879809656
 1.130033748838417
 1.132532860685367
 1.128813610365744
 1.116208917243099
 1.11251234781766
 1.120379820928342
 1.126071440429326
 1.128108805593521
 1.134711137175869
 1.13300225237528
 1.127328899279401
 1.125758687421486
 1.121790030776265
 1.125707267908868
 1.130751178737758
 1.128889363263818
 1.115902534295712
 1.114203501807018
 1.113422828650628
 1.10898670441886
 1.114043251935021
 1.114050592039711
 1.114058116127473
 1.117821960752043
 1.105385505566171
 1.097118929579615
 1.099010496064875
 1.09848639209004
 1.105857059659911
 1.10119306758454
 1.109444872122834
 1.105852803712663
 1.104098869981521
 1.102627877298814
 1.099284749100916
 1.075513321513773
 1.089456403180719
 1.083823363525525
 1.071980453577913
 1.073574075070823
 1.070000513421223
 1.07842482791777
 1.076289297001226
 1.080852043006042
 1.079787807680157
 1.075975696306506
 1.10633457570856
 1.099711143299491
 1.097190719023741
 1.094970294014226
 1.091857939054762
 1.086963897640064
 1.105323208710682
 1.083644541822022
 1.109534933742222
 1.095346299202109
 1.101568092920144
 1.085371618571984
 1.093510097427302
 1.105543198723219
 1.11071834431072
 1.09639714678356
 1.091984057540728
 1.093892469303112
 1.070731800903664
 1.087769586585289
 1.123409878313652
 1.137898348529442
 1.126914724411284
 1.117313374815961
 1.109978365804316
 1.115812476346972
 1.120687466262646
 1.116246102907087
 1.11538032851871
 1.122030152930042
 1.123074512225795
 1.097236305631061
 1.097061831406402
 1.102712114070542
 1.09688724380043
 1.093290470568875
 1.11837067272682
 1.097999792898835
 1.107760265560477
 1.10527556875863
 1.104367548310079
 1.107342017832758
 1.099667649273153
 1.090773959041931
 1.101756560841756
 1.091596443229779
 1.107836001974762
 1.097832770116972
 1.105268247099375
 1.09176080021886
 1.09274963373887
 1.105272468718862
 1.094834493054707
 1.090477066992853
 1.097539045845708
 1.089365528471088
 1.102396625089772
 1.090845572594563
 1.090416478082913
 1.089156459529899
 1.097045964814357
 1.097654199250205
 1.106526154965553
 1.104479698235191
 1.108496022059131
 1.09190876949432
 1.091993986325147
 1.087866157537831
 1.07647951567802
 1.08558398070758
 1.10399175082065
 1.119811899461268
 1.103635793637866
 1.10926990275357
 1.100724973119974
 1.117376586115235
 1.115064598824533
 1.104967413307752
 1.105513083352529
 1.105320040369183
 1.093163633134769
 1.083393973272792
 1.086761794164378
 1.104858424291015
 1.089543096607887
 1.097493024876633
 1.09823059821565
 1.094485596665501
 1.082090177615339
 1.085732496705135
 1.09172687353825
 1.09221933719112
 1.100566297891486
 1.089293067785482
 1.102252119532469
 1.094140287144671
 1.103471262961309
 1.102031218902071
 1.09373057105345
 1.083766122395835
 1.092594752121855
 1.086846120907646
 1.081269156030348
 1.084443761677069
 1.06407014075846
 1.066800354905967
 1.06761936869277
 1.082627389914684
 1.086268283906518
 1.085417623236394
 1.068159031921676
 1.086696739267814
 1.063481920419135
 1.083091756240105
 1.068854337366386
 1.065008454680946
 1.095778109810305
 1.09914971132148
 1.083091191371126
 1.085661844978242
 1.093583532876228
 1.07944509915164
 1.067064176335899
 1.073148782384731
 1.088541807437805
 1.099918264923307
 1.100527348175254
 1.084142629720109
 1.099815193324899
 1.084525147992244
 1.080506521111131
 1.09131171068018
 1.079565100666131
 1.079837146228468
 1.079527944592387
 1.082110678740737
 1.073244652570441
 1.067812762884262
 1.067154021097284
 1.07093449915124
 1.089363367423434
 1.104876110994786
 1.102767806739569
 1.104852291543065
 1.0841075117296
 1.081773564409591
 1.077480212021311
 1.079552356694186
 1.061242246089833
 1.063030769907279
 1.089543370669527
 1.07743434704645
 1.081067165254441
 1.063790117709307
 1.064238569763423
 1.062491814634108
 1.070401082357574
 1.073862184937254
 1.073379556374775
 1.083885823584601
 1.060251276736792
 1.07471251615181
 1.078308538905555
 1.077009039818071
 1.079469955125114
 1.07855533775655
 1.087548109965913
 1.080822171009752
 1.074436781591707
 1.084219384800076
 1.082059576916734
 1.073795373377342
 1.070631552794545
 1.070281718136086
 1.073869307200175
 1.077810253637415
 1.074476030185833
 1.066515481293427
 1.072900186895676
 1.058414303235906
 1.059068159195282
 1.076043575997135
 1.079834021454343
 1.068533716248242
 1.066418458822422
 1.063412451392151
 1.073832703182225
 1.075460677341777
 1.072502085626768
 1.066786429309567
 1.066539323622996
 1.066900943341323
 1.072346445369685
 1.071149030690759
 1.05758896576454
 1.070008264325105
 1.076918911010749
 1.077890800106019
 1.074309573660481
 1.076565798470738
 1.072166305118368
 1.069232296827896
 1.0684118411897
 1.067186074407835
 NaN
 NaN
 NaN
 NaN
 NaN
 NaN
 NaN
 NaN
 NaN
 NaN
 NaN
 NaN
 NaN
 NaN
 NaN
 NaN
 NaN
 NaN
 NaN
 NaN
 NaN
 NaN
 NaN
 NaN
 NaN
 NaN
 NaN
 NaN
 NaN
 NaN
 NaN
 NaN
 NaN
 NaN
 NaN
 NaN
 NaN
 NaN
 NaN
 NaN
 NaN
 NaN
 NaN
 NaN
 NaN
 NaN
 NaN
 NaN
 NaN
 NaN
 NaN
 NaN
 NaN
 NaN
 NaN
 NaN
 NaN
 NaN
 NaN
 NaN
 NaN
 NaN
 NaN
 NaN
 NaN
 NaN
 NaN
 NaN
 NaN
 NaN
 NaN
 NaN
 NaN
 NaN
 NaN
 NaN
 NaN
 NaN
 NaN
 NaN
 NaN
 NaN
 NaN
 NaN
 NaN
 NaN
 NaN
 NaN
 NaN
 NaN
 NaN
 NaN
 NaN
 NaN
 NaN
 NaN
 NaN
 NaN
 NaN
 NaN
 NaN
 NaN
 NaN
 NaN
 NaN
 NaN
 NaN
 NaN
 NaN
 NaN
 NaN
 NaN
 NaN
 NaN
 NaN
 NaN
 NaN
 NaN
 NaN
 NaN
 NaN
 NaN
 NaN
 NaN
 NaN
 NaN


# name: iter_improve
# type: matrix
# rows: 975
# columns: 1
 1
 7
 15
 27
 31
 70
 79
 81
 101
 138
 157
 167
 176
 179
 182
 185
 192
 194
 209
 232
 235
 280
 282
 283
 299
 302
 365
 375
 388
 397
 400
 531
 534
 535
 539
 551
 555
 557
 571
 581
 607
 628
 641
 676
 686
 708
 756
 975
 1000
 1014
 1016
 1021
 1037
 1038
 1047
 1051
 1056
 1064
 1071
 1076
 1079
 1081
 1092
 1093
 1098
 1121
 1128
 1136
 1170
 1189
 1197
 1207
 1244
 1246
 1259
 1262
 1323
 1332
 1345
 1353
 1372
 1386
 1428
 1450
 1484
 1492
 1506
 1518
 1527
 1574
 1577
 1626
 1635
 1644
 1651
 1675
 1676
 1683
 1686
 1700
 1721
 1732
 1755
 1764
 1770
 1780
 1809
 1815
 1835
 1876
 1932
 1939
 1941
 1958
 1982
 2000
 2001
 2004
 2005
 2009
 2013
 2025
 2026
 2029
 2038
 2042
 2044
 2049
 2060
 2065
 2084
 2093
 2099
 2109
 2111
 2118
 2125
 2144
 2149
 2161
 2178
 2197
 2214
 2229
 2234
 2239
 2266
 2271
 2280
 2368
 2377
 2380
 2383
 2385
 2400
 2423
 2428
 2451
 2464
 2466
 2488
 2550
 2561
 2564
 2586
 2593
 2595
 2631
 2642
 2644
 2649
 2669
 2673
 2691
 2704
 2729
 2767
 2780
 2793
 2794
 2799
 2808
 2814
 2875
 2886
 2895
 2971
 2979
 3000
 3004
 3005
 3014
 3026
 3029
 3071
 3074
 3083
 3094
 3133
 3141
 3144
 3150
 3163
 3166
 3171
 3186
 3197
 3200
 3203
 3253
 3276
 3294
 3296
 3302
 3303
 3319
 3362
 3390
 3445
 3468
 3474
 3523
 3577
 3593
 3609
 3642
 3644
 3646
 3670
 3695
 3826
 3862
 3894
 3915
 4000
 4001
 4002
 4027
 4039
 4040
 4048
 4054
 4059
 4071
 4076
 4087
 4112
 4115
 4122
 4124
 4184
 4189
 4219
 4230
 4239
 4257
 4258
 4261
 4294
 4342
 4404
 4546
 5000
 5006
 5011
 5013
 5016
 5030
 5137
 5138
 5158
 5161
 5201
 5231
 5234
 5262
 5276
 5295
 5325
 5497
 5592
 5617
 5951
 6000
 6012
 6028
 6036
 6047
 6051
 6090
 6091
 6232
 6234
 6238
 6284
 6381
 6390
 6557
 6589
 6667
 6919
 7000
 7002
 7010
 7022
 7046
 7058
 7106
 7112
 7126
 7165
 7222
 7445
 7451
 7612
 7645
 7759
 7772
 7783
 7822
 7834
 7928
 7966
 7995
 8000
 8001
 8022
 8034
 8037
 8040
 8043
 8050
 8140
 8170
 8174
 8198
 8206
 8366
 8446
 8485
 8492
 8539
 8549
 8582
 8702
 8823
 8954
 9000
 9024
 9032
 9108
 9162
 9196
 9220
 9221
 9275
 9329
 9421
 9468
 9541
 9574
 9718
 9726
 9902
 9983
 10000
 10007
 10040
 10042
 10060
 10123
 10128
 10147
 10153
 10214
 10328
 10370
 10371
 10485
 10487
 10503
 10530
 10543
 10599
 10601
 10636
 10701
 10715
 10725
 11000
 11037
 11072
 11080
 11201
 11223
 11457
 11689
 11696
 12000
 12016
 12020
 12022
 12038
 12191
 12252
 12299
 12312
 12315
 12316
 12340
 12357
 12458
 12469
 12494
 12649
 12733
 12820
 12853
 12863
 12944
 12974
 13000
 13012
 13038
 13111
 13123
 13152
 13170
 13212
 13289
 13327
 13367
 13375
 13558
 13583
 13612
 14000
 14013
 14015
 14027
 14040
 14171
 14293
 14359
 14385
 14468
 14555
 14573
 14583
 14603
 14644
 14763
 14797
 14928
 15000
 15005
 15053
 15924
 15991
 16000
 16010
 16029
 16843
 17000
 17035
 17263
 17489
 17494
 18000
 18172
 18867
 19000
 19015
 19191
 19381
 20000
 20644
 20717
 21000
 22000
 23000
 24000
 24561
 25000
 26000
 26189
 26634
 27000
 27078
 28000
 29000
 29028
 30000
 30081
 30311
 30405
 30796
 31000
 32000
 33000
 34000
 34969
 34971
 35000
 35006
 35009
 35011
 35021
 35027
 35028
 35034
 35039
 35049
 35053
 35057
 35067
 35076
 35077
 35104
 35144
 35146
 35212
 35217
 35241
 35381
 35444
 35513
 35519
 35549
 35552
 35807
 35856
 36000
 36004
 36011
 36018
 36023
 36031
 36056
 36090
 36091
 36092
 36096
 36107
 36109
 36122
 36129
 36139
 36156
 36172
 36197
 36199
 36220
 36229
 36237
 36246
 36247
 36277
 36291
 36321
 36331
 36358
 36441
 36758
 36761
 36869
 36919
 36956
 37000
 37004
 37027
 37047
 37185
 37216
 37294
 37307
 37345
 37565
 37575
 37605
 37609
 37670
 37827
 38000
 38055
 38123
 38142
 38154
 38156
 38162
 38197
 38227
 38268
 38275
 38289
 38294
 38367
 38664
 38694
 38796
 38884
 38891
 39000
 39005
 39011
 39013
 39040
 39049
 39077
 39104
 39108
 39126
 39329
 39598
 39816
 39949
 40000
 40024
 40226
 40293
 40392
 40404
 40888
 41000
 41144
 41154
 41196
 41221
 41268
 41320
 41451
 41589
 41634
 41951
 42000
 42003
 42048
 42135
 42182
 42230
 42577
 43000
 43007
 43226
 43250
 43265
 43422
 44000
 44008
 44810
 45000
 45042
 45048
 45068
 45082
 45209
 45243
 46000
 46015
 46027
 46388
 46428
 46443
 46465
 46533
 47000
 47006
 47049
 47109
 47113
 47121
 47217
 47228
 47254
 47291
 47323
 47332
 47423
 48000
 48005
 48012
 48094
 48339
 49000
 49025
 49026
 49074
 49096
 49374
 49725
 49739
 49754
 50000
 50023
 50063
 50086
 50135
 50218
 50395
 51000
 51042
 51265
 51462
 51535
 51848
 51878
 52000
 52005
 52021
 52029
 52163
 52184
 52285
 52338
 52634
 53000
 53016
 53042
 53218
 53235
 53254
 53479
 53672
 54000
 54011
 54031
 54037
 54798
 55000
 55026
 55061
 55083
 55157
 55576
 55813
 55927
 56000
 56004
 56026
 56229
 56500
 56759
 56847
 57000
 57014
 57371
 57393
 57473
 57534
 57585
 57663
 57714
 57834
 58000
 58130
 58270
 58673
 58772
 59000
 59012
 59082
 59108
 59337
 59887
 59942
 60000
 60034
 60081
 60610
 60993
 61000
 61002
 61036
 61056
 61069
 61123
 62000
 62026
 62187
 62188
 62221
 62295
 62328
 62751
 62977
 63000
 63007
 63066
 63255
 63406
 64000
 64006
 64024
 64063
 64069
 65000
 65028
 65039
 65215
 65249
 65293
 65390
 65402
 65607
 66000
 66010
 66119
 66159
 66186
 66256
 66272
 66378
 67000
 67336
 68000
 68077
 68307
 68605
 68721
 68741
 68825
 69000
 69134
 69376
 69435
 69702
 70000
 70097
 70161
 70382
 70734
 71000
 72000
 72127
 72411
 72496
 72544
 73000
 73045
 73055
 73478
 73573
 74000
 74162
 74187
 74224
 74432
 74467
 74581
 75000
 76000
 77000
 78000
 79000
 80000
 81000
 82000
 83000
 84000
 85000
 86000
 87000
 88000
 89000
 90000
 91000
 92000
 93000
 94000
 95000
 96000
 97000
 98000
 99000
 100000
 101000
 102000
 103000
 104000
 105000
 106000
 107000
 108000
 109000
 110000
 111000
 112000
 113000
 114000
 115000
 116000
 117000
 118000
 119000
 120000
 121000
 122000
 123000
 124000
 125000
 126000
 127000
 128000
 129000
 130000
 131000
 132000
 133000
 134000
 135000
 136000
 137000
 138000
 139000
 140000
 141000
 142000
 143000
 144000
 145000
 146000
 147000
 148000
 149000
 150000
 151000
 152000
 153000
 154000
 155000
 156000
 157000
 158000
 159000
 160000
 161000
 162000
 163000
 164000
 165000
 166000
 167000
 168000
 169000
 170000
 171000
 172000
 173000
 174000
 175000
 176000
 177000
 178000
 179000
 180000
 181000
 182000
 183000
 184000
 185000
 186000
 187000
 188000
 189000
 190000
 191000
 192000
 193000
 194000
 195000
 196000
 197000
 198000
 199000
 200000


# name: optim_start
# type: scalar
176


# name: optim_steps
# type: matrix
# rows: 1
# columns: 201
 13 49 116 189 235 263 284 302 325 348 366 390 399 422 437 455 460 464 469 472 476 479 480 481 482 484 485 488 490 491 493 498 499 500 501 504 533 569 584 603 617 624 635 642 648 651 658 666 679 684 693 700 707 716 724 729 737 744 754 759 766 771 777 786 791 796 805 813 815 822 827 832 833 838 843 850 851 852 853 854 855 856 857 858 859 860 861 862 863 864 865 866 867 868 869 870 871 872 873 874 875 876 877 878 879 880 881 882 883 884 885 886 887 888 889 890 891 892 893 894 895 896 897 898 899 900 901 902 903 904 905 906 907 908 909 910 911 912 913 914 915 916 917 918 919 920 921 922 923 924 925 926 927 928 929 930 931 932 933 934 935 936 937 938 939 940 941 942 943 944 945 946 947 948 949 950 951 952 953 954 955 956 957 958 959 960 961 962 963 964 965 966 967 968 969 970 971 972 973 974 975


# name: VPVP_params
# type: scalar struct
# ndims: 2
 1 1
# length: 8
# name: lambda
# type: scalar
300000000


# name: downsample
# type: scalar
10


# name: MaxIter_X
# type: scalar
200


# name: MaxIter
# type: scalar
50


# name: optTol_X
# type: scalar
1e-06


# name: progTol_X
# type: scalar
1e-10


# name: optTol_aW
# type: scalar
0.0001


# name: progTol_aW
# type: scalar
1e-07




