# Created by Octave 3.8.1, Sun Jan 07 06:55:35 2018 ART <gabrevaya@ws6.labo2>
# name: y_start
# type: matrix
# rows: 10
# columns: 1
 -0.6635654699293897
 -0.03664481315089594
 -2.458550087987563
 -0.8649957258328757
 -1.551623399916252
 -1.967655751925828
 0.08822814329277967
 -0.9332855335481565
 -1.792813977461856
 0.2206224104173332


# name: alphas
# type: cell
# rows: 1
# columns: 3
# name: <cell-element>
# type: matrix
# rows: 10
# columns: 1
 0.3540184962816071
 0.7214922235414006
 0.6433425792895261
 0.8957122989752189
 0.3001902093399574
 1.082008146845193
 0.8436477141303954
 0.2812894508878394
 0.1816897846615809
 -0.2985370035164294



# name: <cell-element>
# type: matrix
# rows: 10
# columns: 1
 0.4887982076106736
 0.9956653221587303
 1.027027908460702
 0.5874510087537559
 1.084314361299902
 1.852671872216427
 0.585777795636326
 0.6288948318987607
 0.3898996135824073
 0.2234772026822363



# name: <cell-element>
# type: matrix
# rows: 10
# columns: 1
 12.95636141344336
 11.45996838899142
 11.89410013253385
 10.74618679892872
 10.60392867200303
 10.06530502458989
 11.41022350474807
 11.54745721776461
 11.88450340510529
 9.5666702139445





# name: W
# type: matrix
# rows: 10
# columns: 10
 0.6312680893911597 -0.4042505268238695 1.764320515102154 -0.3396321984558862 -0.1264502743634025 -0.4416879297065638 -0.05244282959370532 -1.02704597781126 0.03439302182264926 -0.03987148311620476
 -0.1962572281253531 -0.07017603093820651 -0.3165902672207844 0.06873342701991152 -0.2721284292590483 0.4444932477597194 0.4520133471487712 -0.4258343112523355 0.2363843321637061 -0.5496756213179457
 -0.4945947634602018 0.4539853336731056 -0.3404530707295776 0.08339055967080927 0.7926122007069882 0.6924312886917072 -0.06494549646528379 0.1619186013560062 0.07111001422659903 -0.0762932730870325
 -1.333544067529897 -0.5632339525884039 0.1990931279262134 0.121465744957812 1.117144900507898 0.9029320580561612 -0.3380626330909888 -0.4902534162292219 -0.7599067460861606 -0.8187669858731751
 0.3269938998191256 -0.2306530837782936 0.1173187700619958 0.1553543073989355 0.3371230482324546 -0.9138245309412095 0.2755270644043187 -0.6278143694142284 0.3256587977434824 0.494289328385099
 0.04267332113198998 -0.3738664228893487 0.05327918824828067 -0.6255487350597364 -0.07302218275917934 0.2037389394947244 0.2816644694716756 -0.7843365348034051 -0.6549126215437837 1.220107065145441
 -0.03704926274115112 -0.06017793014766826 0.9050014147826727 -0.1519029941010661 0.4292845788155702 0.04233833102561824 -0.5890407824548759 -0.6191477990683687 -0.1007498700630193 0.1968324743343867
 0.1500442774593513 -0.5335222210675942 0.3613606191922021 0.03210191370426251 0.05305176531453349 0.380314544419416 -0.360828827105698 -0.4744381327407801 0.01497795641747288 -0.8626651953333617
 -0.2963338011810626 -0.1365426591783086 0.3292872681134974 0.1723802408629598 1.00650062725565 0.2204959675249797 0.03439750400359832 -0.1499586983591317 -0.256174066407853 -0.2557678653369577
 -0.3750719048992836 0.3680767449120235 -0.6512986577575045 0.00118241530893246 0.2159261951128328 0.9105486373842254 0.4310840418657368 0.2052635435505525 0.06113154515558217 -0.5886426262585462


# name: iter
# type: scalar
100000


# name: c
# type: matrix
# rows: 1
# columns: 10
 0.8064073475353485 0.5830926114252278 0.5857058631269976 0.8151261405153828 0.723241280000351 0.7170876235354343 0.5904342409038595 0.6529137850563729 0.6694184005332231 0.7981442635463445


# name: mean_corr
# type: matrix
# rows: 621
# columns: 1
 -0.002197329497816015
 -0.001697620414142998
 0.0491103705080621
 0.03895266614952549
 0.05173780797769265
 0.05673280354676793
 0.0712518862877643
 0.1032471582512867
 0.1212713113755067
 0.1223814036767523
 0.1432636316953771
 0.1625540485097824
 0.1736598350442236
 0.1743090919247947
 0.1744215045396754
 0.2102531071911566
 0.2238107946660377
 0.237764028769738
 0.2377615032265842
 0.2384495044039618
 0.4593139285437967
 0.4540669292529851
 0.4537986949808137
 0.4549070202623428
 0.4503689648956157
 0.4428645880907786
 0.4353997346914494
 0.4286466472631879
 0.429057937582853
 0.4267867881399493
 0.4274429860311288
 0.4292304355452264
 0.3939805117639161
 0.3552288421549215
 0.3491083567916736
 0.3462251632088733
 0.3399501272633725
 0.3793956540941906
 0.3847806148367357
 0.3838005695663116
 0.3700028516977476
 0.3674502837609157
 0.4828691689357507
 0.4776703991064899
 0.477435035809249
 0.4571448202090235
 0.456909104457545
 0.4563229105936357
 0.4594430377215105
 0.4502639169349008
 0.4535668514850527
 0.4609152733574611
 0.4633246133251187
 0.4622702905636896
 0.4601200153825513
 0.4603077020925188
 0.4546002033600766
 0.4522035353167073
 0.4496790209381136
 0.4543733373879326
 0.4544750690558227
 0.4433006824695487
 0.4409327976962043
 0.4357870024639103
 0.4315598379190844
 0.4149397785412312
 0.4156352020826839
 0.4152140242871717
 0.4131916156351912
 0.4139836553850875
 0.4073132888590911
 0.4093983440010917
 0.4094611199917148
 0.4098612440992228
 0.4101975311394176
 0.4085385123955711
 0.410032820141723
 0.4134873176036929
 0.4124511132869073
 0.4127064744284261
 0.4115621813288154
 0.5005379591665552
 0.4330432244716889
 0.4338397049682802
 0.4407163475255119
 0.4448639880972588
 0.443472065104407
 0.4552701788272736
 0.4575865094984296
 0.4471838610426005
 0.4482210751288346
 0.4239297984049788
 0.4208047068688429
 0.4227815296784055
 0.4224300648188777
 0.4276657153773176
 0.4262170137146971
 0.4209359550134521
 0.4305516745251744
 0.420328286021444
 0.4145870773926609
 0.4034730679515962
 0.4103036257595405
 0.399404525421604
 0.396372956655849
 0.4076508075710557
 0.40873538796461
 0.3994953801456517
 0.3879425281323142
 0.3845941981444768
 0.3833675697328151
 0.3833043530338928
 0.3950831462379868
 0.4147969710068042
 0.4203042905279796
 0.4406964233696296
 0.4368680951766528
 0.4284682113820314
 0.4306093859929112
 0.4319320240772656
 0.41942284174539
 0.4260485529200458
 0.4274571654545755
 0.4290168921979985
 0.4204604183449606
 0.4211749928125097
 0.4231006105117481
 0.4108542584486395
 0.4031254144036306
 0.401754058100073
 0.4114049624151416
 0.4135575425260848
 0.4143219624117204
 0.4061779060924585
 0.4057513335265609
 0.408604933467729
 0.4076794488324201
 0.4071954448645727
 0.4084980974036735
 0.4049924051974498
 0.4019091042359939
 0.4021959712190825
 0.3976005916371028
 0.3980216321811878
 0.4054286165968535
 0.4049020158864975
 0.3958533471382929
 0.3971331506433238
 0.4008383563000898
 0.4028391716595935
 0.4030403111468172
 0.4031644539274996
 0.402300857564964
 0.3997022574986273
 0.3994872734354562
 0.401752726819293
 0.4021870157950087
 0.3941061328070659
 0.3961248191694827
 0.523862247061647
 0.5238663413467697
 0.5237033334641918
 0.5192505848112297
 0.5235848889565048
 0.5204892112334762
 0.5074455197117159
 0.5006264803660374
 0.5002586847066841
 0.5001662555532322
 0.504833921072892
 0.5025127817387052
 0.4929340430342374
 0.4928585903921004
 0.4930527692949053
 0.4942592396853424
 0.4927070508141148
 0.4927294476739192
 0.5053019125110353
 0.5108539195233173
 0.5123605468325552
 0.5141188584854089
 0.5145229378120141
 0.5009860133211734
 0.5001607746098606
 0.5095814797890007
 0.5097632723968764
 0.5071997896013137
 0.5015912076839446
 0.4882245976649123
 0.4886021570114301
 0.4897206231362136
 0.4887428292744175
 0.4871656342866605
 0.4884795062094406
 0.4862394738987253
 0.4886883025854184
 0.4999591159960836
 0.4975572963894277
 0.5026293773430568
 0.5028224835481725
 0.553874729806392
 0.5536335485546997
 0.5393426158556034
 0.5398776864272289
 0.5341389028734158
 0.5308779386513408
 0.5285994841477377
 0.5277895247717155
 0.5219200152514906
 0.5212445383323676
 0.5204675688253056
 0.5212382758519442
 0.5148066599146578
 0.5159799700109435
 0.5172168345459738
 0.5200912512844228
 0.5170873414532077
 0.5233601223657092
 0.5257178009658827
 0.5272429987805208
 0.5281045845195834
 0.5272453392762587
 0.5272419192029314
 0.5271709128996964
 0.5256527375849885
 0.5287407298193045
 0.5243250672172401
 0.520934874358611
 0.5232809163880932
 0.5188002401659821
 0.509105456825059
 0.506832402163677
 0.5115626553874387
 0.5087041772871446
 0.5071907359145519
 0.5062468518066747
 0.5418367513627828
 0.5522036048521697
 0.5460050400205788
 0.5282125752908371
 0.5400824476192734
 0.5429904769194099
 0.5470348986500756
 0.5473219936544502
 0.548094526517621
 0.5440855341739821
 0.5428470459628356
 0.5429806247107672
 0.5431170035011782
 0.5413493660582237
 0.5396325093580324
 0.5381762919929558
 0.5371160896267325
 0.5371222250705182
 0.5397188577066137
 0.539894351857851
 0.540145804211108
 0.5437655206690498
 0.5444918234098505
 0.5254443641819746
 0.5228682237174246
 0.5362536565448039
 0.5388901016831233
 0.5411597707611939
 0.5423912692971072
 0.5776697820124876
 0.5653681739792353
 0.5663582442176757
 0.5587095743724666
 0.5554914682264673
 0.5540640426920219
 0.5544667519005742
 0.5570986173086522
 0.5564010094086832
 0.5465870995788349
 0.5510716683853238
 0.5514641795573664
 0.5516833582072426
 0.5578697943775195
 0.5552162177898164
 0.5508898375881423
 0.5556197179951051
 0.5556485492047549
 0.5564050664004506
 0.5559096030015629
 0.554639756670208
 0.5525147552734944
 0.5517007756660639
 0.5524379892839677
 0.552092782871504
 0.5521108429791195
 0.5521548889888436
 0.5854719149761392
 0.5854757578979639
 0.5763156363487346
 0.5760524562386911
 0.5491995501263651
 0.5548472006979285
 0.5631859287468053
 0.5692485368167211
 0.5725999621002964
 0.572596405418222
 0.5684723330094361
 0.5670257654344601
 0.5637479540708867
 0.5638276971942717
 0.5631617375417772
 0.5632114225650964
 0.5621669378508888
 0.5583701822884839
 0.5582504957109633
 0.5592167481334454
 0.5593405864658811
 0.5576962529940755
 0.5610058524832605
 0.5609282539638507
 0.5608681388115958
 0.5608737292677499
 0.6053754121374657
 0.605529156058588
 0.6062387616727654
 0.6048975697984279
 0.5884139533167924
 0.5876244862280481
 0.5866874348393373
 0.5847266558859492
 0.5818028388043616
 0.582955344835741
 0.5808591172992458
 0.5810711130065018
 0.580077677082657
 0.5799898470445625
 0.5793514696819398
 0.5751291728842862
 0.5741284270947606
 0.5719673814502551
 0.5734765360460437
 0.5742113671025135
 0.5745233152540979
 0.6148231933070745
 0.5988761833470975
 0.6000457987210487
 0.5931911522907102
 0.5938912431475794
 0.5724868745260698
 0.5709926317690026
 0.5701789185727778
 0.576460203883431
 0.5695896018980079
 0.5756282201910848
 0.5858391331312126
 0.5803401041729302
 0.5766357654057305
 0.5735799126534352
 0.5778225897723218
 0.5771604557292954
 0.576216135055995
 0.619371167393645
 0.6097885593209068
 0.620246227944128
 0.6107873640627954
 0.6099353816877704
 0.5709728834595033
 0.5704310640354361
 0.5871226197174007
 0.5800473028528544
 0.5877602428922231
 0.593800431810569
 0.5910979414345696
 0.5953920949760401
 0.5913856000181391
 0.5849320810167027
 0.5834858176559768
 0.5831756056593316
 0.5837315971018849
 0.5831237040325237
 0.5849766759353809
 0.5848415126863254
 0.5870226844113609
 0.5868569847739538
 0.5895561575519108
 0.5808174043987264
 0.579541154067994
 0.570312104035835
 0.574726991609591
 0.5740239877004286
 0.573817142941882
 0.5682128846481197
 0.5722587171003695
 0.5714652031704903
 0.567484755746184
 0.5626670765301917
 NaN
 NaN
 NaN
 0.6344766558092942
 0.6365164672558506
 0.6329472233962425
 0.6346839230081249
 0.633221485036884
 0.6273388153405031
 0.6219718171316939
 0.6231320628261414
 0.6232672260233858
 0.6236254526963282
 0.6219442140112372
 0.6268294228946183
 0.6281974311791947
 0.6264709242801654
 NaN
 NaN
 NaN
 NaN
 NaN
 NaN
 NaN
 NaN
 NaN
 NaN
 NaN
 NaN
 NaN
 NaN
 NaN
 NaN
 NaN
 NaN
 NaN
 NaN
 NaN
 NaN
 NaN
 NaN
 NaN
 NaN
 NaN
 NaN
 NaN
 NaN
 NaN
 NaN
 NaN
 NaN
 NaN
 NaN
 NaN
 NaN
 0.6783078774991096
 0.680196795088036
 0.6790479695737294
 0.657974870110327
 0.6619218050450507
 0.643559470084224
 0.6414706561415427
 0.656483526217887
 0.6650328650679385
 0.6604004929677556
 0.6641734613059805
 0.6481424282762711
 0.6401569842629472
 0.6408661769773388
 0.6434835232615104
 0.6458287458108383
 0.6110695235675514
 0.6558756482480472
 0.6690955428415669
 0.666258491143349
 0.6489197241616289
 0.6455923247212537
 0.6403943123573699
 0.6467894662484533
 0.6546357957558957
 0.6499830520786258
 0.6542614089198278
 0.6560350618919449
 0.6610979609995795
 0.664898389572833
 0.6614388069344617
 0.6640952544526318
 0.6668067363694932
 0.6628002483791411
 0.6597313944261736
 0.6614136492197786
 0.6650708092309738
 0.6612899669264534
 0.6569682055861178
 0.6224498345366515
 0.5596306817364124
 0.6476487393582927
 0.667555930628778
 0.6638204737041959
 0.6708393552345064
 0.6641030959960983
 0.6587175174687305
 0.6574566492315413
 0.6614765677914459
 0.664795725350165
 NaN
 NaN
 NaN
 NaN
 NaN
 NaN
 NaN
 NaN
 NaN
 NaN
 NaN
 NaN
 NaN
 NaN
 NaN
 NaN
 NaN
 NaN
 NaN
 NaN
 NaN
 NaN
 NaN
 NaN
 NaN
 NaN
 NaN
 NaN
 NaN
 NaN
 NaN
 NaN
 NaN
 NaN
 NaN
 NaN
 NaN
 0.6504423937346163
 0.6544344557284045
 0.6512932898075003
 0.636492713926234
 0.6296165904152708
 0.6376196969932367
 0.6329858325541338
 0.6361402591076816
 0.6298142609584223
 0.6354750302008244
 0.635883610587903
 0.6210235963361618
 0.6089099909689316
 0.6101405167943201
 0.61455513944741
 0.6296694997450436
 0.6114896994855969
 0.6224325559929188
 0.6109833167451224
 0.6712999552857148
 0.663261442683713
 0.649140929045365
 0.650295606884128
 0.6554032602955867
 0.6522189206052569
 0.6502312160634605
 0.6487293847806223
 0.6442247089682183
 0.6430129933736539
 0.6372203855963077
 0.6404274180591875
 0.6382769995864601
 0.638891521548312
 0.6334508067460619
 0.6753913696225925
 0.648889998006797
 0.66829168589099
 0.6692707091288449
 0.6694221014852446
 0.6680125713369737
 0.6664528901640028
 0.6544141532531562
 0.6578704654410278
 0.6481164113439954
 0.6477061829469843
 0.6592447862738327
 0.6570835233331647
 0.6457933762995982
 0.6404777310723594
 0.6877454004473821
 0.6843006361268282
 0.6675864069127802
 0.6669593207859613
 0.6695081516977692
 0.6740696523294755
 0.6684789378198693
 0.6644741765785415
 0.6566167867553223
 0.6523522933123308
 0.6907888680355162
 0.6829634668805814
 0.6785409630367998
 0.6582903841010839
 0.6658935674648895
 0.6648486013501346
 0.6592917700011622
 0.6549555223180203
 0.661713104399738
 0.6503945194824319
 0.6944489413797614
 0.6881114722697041
 0.6847985837619065
 0.6745582561026416
 0.6616915517999484
 0.6559029699755594
 0.6641544904143409
 0.6925612897315537
 0.6929940626205282
 0.6546059298210726
 0.6523162176384967
 0.6617896647357905
 0.6559795933937912
 0.667380476617309
 0.6648757636166255
 0.6589383526533596
 0.6564329239426026
 0.6941571556178542


# name: mean_error
# type: matrix
# rows: 621
# columns: 1
 1.436562197510102
 1.43576305708988
 1.406260828322899
 1.406442991838212
 1.396692812529161
 1.394155796893359
 1.367898857576321
 1.341789725858726
 1.331683473390691
 1.327609146075234
 1.328738687243206
 1.314816431820739
 1.304019986558615
 1.30516228905034
 1.30550016775287
 1.302171527879977
 1.295948105100531
 1.274229285933717
 1.272983455865957
 1.274066480450871
 1.191002954398531
 1.187653638328885
 1.18750092813216
 1.186751047938362
 1.18775134177426
 1.189146533851065
 1.18686776893822
 1.204030773332079
 1.203400880554667
 1.20492140293075
 1.20508414228035
 1.203790774641065
 1.210935680388598
 1.231779705782238
 1.230374597951223
 1.230944807629728
 1.233617144491986
 1.216561865836618
 1.217223880316331
 1.219023695011855
 1.223459156106506
 1.229098615196185
 1.19124182857481
 1.193450184800814
 1.193050315050697
 1.195205855721591
 1.202149976035968
 1.211544269144091
 1.197658913050417
 1.19838385130652
 1.200122813213984
 1.196843212276579
 1.196347378144067
 1.192433433698126
 1.192820675985745
 1.207642596558001
 1.200841515874336
 1.198952835935994
 1.201028932874158
 1.203495966914156
 1.195481320529305
 1.195398650639433
 1.195570508443172
 1.206181636260818
 1.203947977209199
 1.202420094875763
 1.200455054773342
 1.204481102399917
 1.203154038023251
 1.202543043706327
 1.211940096331017
 1.211891708775234
 1.213059575440627
 1.21301600294058
 1.210323925114087
 1.209770232396399
 1.207975670478727
 1.207677728329418
 1.20876828461519
 1.207085799331169
 1.209778859574022
 1.182069278315843
 1.218680781963719
 1.221228894694119
 1.223435716410933
 1.213926112607657
 1.212304990010519
 1.207099703888926
 1.203257028415809
 1.199483045234292
 1.200415114672061
 1.207616598331227
 1.20862615703863
 1.209307365589372
 1.208591161660806
 1.204859856497392
 1.205227483637332
 1.20962787977043
 1.204755710861461
 1.220286393314467
 1.216855836974372
 1.217348741949569
 1.213756915057351
 1.219045070841343
 1.220180596957306
 1.22495457135134
 1.220664685900818
 1.224866067030583
 1.219077846445362
 1.223100303730089
 1.227021974013104
 1.226812817878234
 1.22417733516168
 1.214897179424398
 1.214366341122931
 1.199728947101778
 1.203102711117084
 1.206628163317879
 1.20575345231549
 1.207575683192072
 1.208710180201475
 1.207114479209359
 1.206383338961711
 1.203444170110212
 1.196540650308021
 1.197806596649734
 1.195860146007473
 1.199943912585307
 1.207422865288564
 1.207854508759955
 1.196698740182495
 1.200434215736308
 1.199814626784251
 1.200701584786159
 1.200422209621571
 1.202850850616973
 1.203246010210459
 1.203379396863783
 1.209881986707685
 1.215493031366723
 1.219101886659491
 1.221662247141904
 1.228913008257166
 1.227346355462718
 1.222388826032575
 1.222190571178066
 1.228582813319493
 1.235174709138539
 1.236452005853058
 1.238986649575807
 1.23245729014003
 1.233571227847743
 1.235128898142905
 1.233150935947601
 1.236221116676181
 1.235252025567727
 1.240087631444299
 1.241156988291337
 1.241500397340803
 1.206113618392797
 1.205714504757126
 1.201733100679126
 1.210536817304319
 1.199264391011236
 1.195713396366437
 1.188257226967423
 1.204716989658176
 1.207218416143045
 1.203680028307279
 1.194843655239664
 1.195716788108907
 1.200205120046288
 1.201720265422467
 1.199173003939361
 1.198955764940968
 1.194502224642752
 1.194898274120223
 1.187365889141171
 1.187469246073012
 1.186196382216283
 1.182392463286809
 1.182061448380341
 1.201486013896508
 1.198386975123272
 1.202351020278217
 1.199471966749349
 1.19128321758903
 1.181966158580693
 1.194471485184366
 1.191923942965103
 1.195632493509733
 1.192827192465314
 1.191348162112395
 1.191288105926063
 1.19098176087686
 1.188092708823021
 1.185719329485956
 1.183361570745039
 1.175208568149943
 1.176433769674993
 1.164528999709053
 1.161936676979498
 1.161435556234034
 1.160685893904108
 1.164514275540003
 1.171383166138161
 1.183612626040825
 1.184784281006106
 1.185044877089172
 1.185564393939552
 1.185092091307578
 1.183904431326311
 1.198156878011696
 1.205566201779819
 1.208154187542604
 1.199485035784425
 1.200141796810543
 1.194056461090689
 1.188600423987737
 1.186753508779297
 1.186512871562013
 1.18593156379599
 1.176889647019346
 1.179142872922213
 1.178251761596333
 1.176119798921456
 1.179916333844887
 1.178038678202186
 1.179552720481775
 1.181310632870748
 1.186499022224549
 1.184138283805798
 1.178639608154626
 1.179327723912072
 1.17260100864887
 1.172158666184294
 1.167033292382647
 1.17040450701862
 1.182929454958708
 1.177510922348161
 1.178687861926226
 1.181633429358484
 1.168660222592711
 1.160122414593326
 1.165658903659583
 1.165455966248227
 1.165523423183944
 1.163224287189605
 1.163631205026522
 1.167517137365274
 1.166562887876798
 1.166011793437447
 1.165040766973732
 1.16187903081791
 1.160279142214365
 1.165292556322749
 1.162989486169362
 1.164808889375497
 1.173806290933973
 1.183966789855126
 1.186802433696079
 1.179635708118588
 1.173984971358361
 1.167988765926393
 1.165185189523203
 1.15160374618246
 1.145690029691566
 1.157604171493069
 1.168651634580338
 1.170940121928407
 1.16877700500059
 1.161840061977586
 1.162358788097643
 1.167828129134619
 1.150057148509865
 1.157671879000665
 1.157834142531994
 1.160468890149085
 1.159736452202526
 1.165925034246675
 1.157231267858411
 1.153055968550458
 1.159108589223933
 1.156256826651636
 1.15563392389026
 1.157093024712547
 1.159542124086471
 1.159480385467976
 1.159798103723579
 1.159419384905502
 1.15933091667202
 1.158788283804059
 1.146761943788518
 1.146382580869574
 1.141901244735104
 1.146112954149062
 1.154534753567551
 1.148682504360586
 1.149629418039266
 1.150910680766841
 1.157563789834392
 1.155910496975097
 1.150479073717471
 1.153177589625418
 1.149974103896055
 1.148304349528908
 1.149196086770428
 1.149407524286955
 1.152206689463664
 1.158137838090098
 1.156446861230233
 1.158596137887624
 1.159672295794483
 1.157943454270585
 1.168678832425768
 1.167113738811898
 1.166475640320483
 1.169685721822368
 1.107760832772514
 1.107553935516768
 1.107990745091433
 1.102163815144538
 1.118597058190554
 1.120925376626011
 1.119731309390141
 1.121060751640902
 1.12725303873905
 1.127776607543747
 1.125831181798441
 1.133131543538812
 1.132746380213535
 1.133440926491659
 1.134033511181067
 1.138294220217172
 1.137497784607781
 1.135702428429349
 1.13506992536727
 1.137683773562262
 1.142620084572036
 1.105533577858188
 1.09259167404832
 1.092929788540108
 1.101070655165643
 1.098751947108891
 1.114391936976757
 1.12633685827369
 1.128602582628326
 1.121850348442204
 1.126360244434123
 1.125310871567782
 1.120248452304036
 1.119681403670664
 1.123449488104768
 1.131497818142756
 1.128199852796409
 1.130723076179136
 1.130962067299112
 1.095321217671329
 1.097156813393645
 1.102888388194205
 1.091778512024472
 1.085130631154011
 1.09193346085532
 1.092990155399713
 1.091166957734626
 1.093612920612257
 1.093066075854752
 1.093841132491508
 1.097497738587512
 1.098282148316327
 1.106746192445939
 1.109271521145653
 1.109904967095915
 1.109681436247107
 1.119440054161761
 1.119055958468488
 1.115919035355428
 1.124417954827973
 1.123518959385688
 1.121697681607571
 1.120379583993124
 1.130509046838555
 1.126850451569001
 1.129314449264761
 1.127820337192825
 1.133757872537851
 1.134192941359823
 1.142368420006296
 1.137495050165778
 1.135518972555206
 1.133426518012396
 1.140622059485997
 NaN
 NaN
 NaN
 1.063869400243086
 1.060879887004635
 1.057081220884015
 1.059130130610166
 1.058425819599322
 1.060951650616308
 1.071121065351406
 1.069698688057155
 1.0641080864809
 1.0658361597572
 1.059843938941158
 1.060708890165397
 1.061567319411217
 1.063048531601552
 NaN
 NaN
 NaN
 NaN
 NaN
 NaN
 NaN
 NaN
 NaN
 NaN
 NaN
 NaN
 NaN
 NaN
 NaN
 NaN
 NaN
 NaN
 NaN
 NaN
 NaN
 NaN
 NaN
 NaN
 NaN
 NaN
 NaN
 NaN
 NaN
 NaN
 NaN
 NaN
 NaN
 NaN
 NaN
 NaN
 NaN
 NaN
 1.016665519329087
 1.006869101718381
 1.011924177850629
 1.039508794141865
 1.018813469743753
 1.028913026654773
 1.02981569048531
 1.026016602714175
 1.018757731090717
 1.026392543774074
 1.023149198878754
 1.01276022783842
 1.017536457316685
 1.02444524418545
 1.027133154666252
 1.022237410539616
 1.081830797448863
 1.035408465041432
 1.0278891270277
 1.039891712676867
 1.059711180601888
 1.074361136693815
 1.080700822632308
 1.067756757902421
 1.064713579513229
 1.070324419402662
 1.059092543230795
 1.031760146333695
 1.03185236318553
 1.017741222038717
 1.033904161644736
 1.031229471281111
 1.030824975829627
 1.031189153603568
 1.031993927713467
 1.029576235999756
 1.01637362495771
 1.023229078896703
 1.01861141215787
 1.063871740167363
 1.116279204639218
 1.04023428177734
 1.010797270488794
 1.008247707515918
 1.003173527028707
 1.005083822188145
 1.0132686642778
 1.031834392870466
 1.033434267991354
 1.02604525072093
 NaN
 NaN
 NaN
 NaN
 NaN
 NaN
 NaN
 NaN
 NaN
 NaN
 NaN
 NaN
 NaN
 NaN
 NaN
 NaN
 NaN
 NaN
 NaN
 NaN
 NaN
 NaN
 NaN
 NaN
 NaN
 NaN
 NaN
 NaN
 NaN
 NaN
 NaN
 NaN
 NaN
 NaN
 NaN
 NaN
 NaN
 1.058877456142014
 1.050981034632189
 1.038548055935754
 1.061669443190509
 1.076007973591103
 1.065340652929474
 1.07006725037134
 1.074376039704972
 1.07753897092379
 1.067350235240318
 1.063854850989154
 1.080697374425715
 1.083644565247802
 1.084887915022051
 1.075687276659368
 1.065194940016721
 1.075456757529376
 1.06734608809706
 1.071694533769204
 1.038531140203285
 1.049538339938916
 1.051682108067789
 1.051335191458045
 1.055338333574239
 1.053308841278484
 1.058821429068193
 1.06715051368034
 1.07136687200731
 1.064120562121769
 1.063087241400766
 1.067564428466962
 1.0760121103198
 1.077236513300466
 1.08004827637857
 1.045307312307151
 1.061607973277959
 1.047638942243713
 1.051490464331187
 1.047830001845713
 1.05188171078871
 1.049264625163348
 1.054729560724119
 1.051139156346659
 1.053700168117806
 1.057725242127124
 1.047724281732892
 1.052894715652939
 1.059404629724767
 1.063433140112059
 1.025863045634801
 1.027705396105768
 1.051419547977112
 1.047865386646484
 1.039874480218333
 1.037424533684442
 1.041538130788248
 1.046920587815417
 1.043895930758649
 1.049427498104561
 1.029930212440822
 1.032281887857579
 1.030585753069675
 1.041243676447157
 1.025980362589826
 1.029258820610185
 1.037162162671966
 1.048105984323375
 1.037295765534373
 1.046984788207146
 1.02768655324907
 1.025270449952586
 1.024790348386236
 1.037735864725722
 1.038695695548412
 1.033107740356731
 1.025284193876224
 1.023739837000744
 1.019180174360549
 1.041961046823555
 1.047921814883992
 1.040311760155272
 1.047157124611581
 1.034656360441194
 1.034005327385774
 1.037511365479678
 1.036589013766278
 1.01861853169431


# name: iter_improve
# type: matrix
# rows: 621
# columns: 1
 1
 7
 10
 31
 36
 44
 52
 53
 57
 58
 81
 99
 111
 141
 150
 159
 161
 171
 189
 672
 853
 854
 855
 856
 857
 869
 870
 871
 874
 875
 878
 882
 883
 898
 912
 933
 936
 941
 946
 953
 965
 981
 1000
 1004
 1008
 1009
 1011
 1012
 1024
 1030
 1042
 1046
 1057
 1059
 1062
 1132
 1134
 1142
 1144
 1150
 1154
 1181
 1182
 1186
 1191
 1195
 1207
 1211
 1224
 1284
 1315
 1335
 1336
 1518
 1534
 1559
 1570
 1817
 1820
 1844
 1859
 2000
 2006
 2010
 2019
 2033
 2039
 2060
 2065
 2068
 2074
 2097
 2135
 2143
 2147
 2194
 2197
 2199
 2200
 2202
 2205
 2206
 2221
 2231
 2237
 2242
 2248
 2250
 2259
 2266
 2281
 2286
 2287
 2293
 2295
 2298
 2303
 2309
 2317
 2333
 2340
 2353
 2452
 2490
 2494
 2519
 2555
 2564
 2567
 2589
 2605
 2623
 2645
 2646
 2651
 2655
 2657
 2667
 2669
 2679
 2681
 2683
 2686
 2690
 2716
 2718
 2721
 2731
 2738
 2750
 2762
 2768
 2801
 2830
 2833
 2877
 2904
 2934
 2966
 3000
 3002
 3005
 3008
 3011
 3014
 3024
 3025
 3037
 3050
 3052
 3061
 3074
 3077
 3092
 3106
 3109
 3110
 3123
 3130
 3132
 3141
 3146
 3147
 3153
 3156
 3157
 3163
 3170
 3178
 3276
 3315
 3319
 3325
 3335
 3339
 3342
 3346
 3374
 3412
 3594
 4000
 4002
 4004
 4007
 4010
 4017
 4018
 4023
 4028
 4035
 4101
 4129
 4256
 4306
 4313
 4343
 4377
 4383
 4387
 4389
 4397
 4440
 4459
 4475
 4482
 4492
 4537
 4540
 4565
 4569
 4641
 4680
 4732
 4762
 4907
 4948
 5000
 5012
 5013
 5016
 5037
 5049
 5067
 5074
 5078
 5087
 5097
 5174
 5299
 5308
 5322
 5575
 5602
 5620
 5621
 5762
 5799
 5822
 5826
 5831
 5835
 5892
 5905
 5953
 5968
 6000
 6007
 6009
 6018
 6030
 6047
 6062
 6073
 6075
 6084
 6113
 6120
 6121
 6124
 6125
 6131
 6132
 6134
 6162
 6170
 6228
 6230
 6403
 6499
 6583
 6695
 6858
 7000
 7002
 7007
 7022
 7039
 7044
 7057
 7058
 7066
 7081
 7103
 7129
 7165
 7185
 7186
 7195
 7197
 7201
 7245
 7334
 7369
 7489
 7571
 7696
 7933
 7955
 8000
 8002
 8004
 8006
 8008
 8020
 8042
 8045
 8069
 8116
 8120
 8193
 8229
 8263
 8270
 8322
 8332
 8412
 8712
 8750
 8883
 9000
 9002
 9007
 9008
 9019
 9028
 9044
 9045
 9062
 9063
 9156
 9172
 9194
 9198
 9256
 9295
 9334
 9627
 10000
 10003
 10004
 10006
 10023
 10029
 10032
 10072
 10081
 10088
 10132
 10141
 10172
 10180
 10201
 10213
 10214
 10271
 10332
 10345
 10346
 10418
 10476
 10699
 10706
 10707
 10716
 10748
 10782
 10839
 10848
 10870
 10872
 10969
 10992
 11000
 12000
 13000
 14000
 14002
 14003
 14023
 14032
 14080
 14121
 14185
 14215
 14274
 14376
 14440
 14599
 14833
 15000
 16000
 17000
 18000
 19000
 20000
 21000
 22000
 23000
 24000
 25000
 26000
 27000
 28000
 29000
 30000
 31000
 32000
 33000
 34000
 35000
 36000
 37000
 38000
 39000
 40000
 41000
 42000
 43000
 44000
 45000
 46000
 47000
 48000
 49000
 50000
 51000
 52000
 53000
 53008
 53013
 53015
 53030
 53035
 53046
 53198
 53199
 53236
 53257
 53530
 53643
 53684
 53735
 53896
 54000
 54001
 54013
 54015
 54018
 54034
 54054
 54055
 54056
 54076
 54114
 54147
 54170
 54179
 54194
 54212
 54216
 54382
 54460
 54643
 54687
 54754
 54800
 54822
 55000
 55004
 55011
 55017
 55052
 55059
 55075
 55076
 55248
 55296
 56000
 57000
 58000
 59000
 60000
 61000
 62000
 63000
 64000
 65000
 66000
 67000
 68000
 69000
 70000
 71000
 72000
 73000
 74000
 75000
 76000
 77000
 78000
 79000
 80000
 81000
 82000
 83000
 84000
 85000
 86000
 87000
 88000
 89000
 90000
 91000
 92000
 93000
 93009
 93018
 93022
 93024
 93043
 93066
 93088
 93179
 93189
 93193
 93236
 93293
 93417
 93583
 93688
 93779
 93889
 93957
 94000
 94003
 94025
 94026
 94030
 94047
 94059
 94112
 94163
 94166
 94198
 94236
 94511
 94514
 94603
 95000
 95013
 95064
 95093
 95094
 95117
 95167
 95171
 95181
 95372
 95478
 95489
 95576
 95608
 95841
 96000
 96012
 96018
 96042
 96067
 96214
 96271
 96301
 96552
 96725
 97000
 97024
 97040
 97093
 97117
 97163
 97586
 97697
 97968
 97971
 98000
 98051
 98090
 98168
 98212
 98429
 98986
 99000
 99043
 99051
 99067
 99082
 99257
 99375
 99384
 99548
 99852
 100000


# name: optim_start
# type: scalar
853


# name: optim_steps
# type: matrix
# rows: 1
# columns: 101
 21 43 82 160 201 237 266 293 319 340 358 393 394 395 396 410 411 412 413 414 415 416 417 418 419 420 421 422 423 424 425 426 427 428 429 430 431 432 433 434 435 436 437 438 439 440 441 442 443 444 445 446 447 448 464 488 498 499 500 501 502 503 504 505 506 507 508 509 510 511 512 513 514 515 516 517 518 519 520 521 522 523 524 525 526 527 528 529 530 531 532 533 534 535 554 569 584 594 604 611 621


# name: VPVP_params
# type: scalar struct
# ndims: 2
 1 1
# length: 8
# name: lambda
# type: scalar
300000000


# name: downsample
# type: scalar
10


# name: MaxIter_X
# type: scalar
200


# name: MaxIter
# type: scalar
50


# name: optTol_X
# type: scalar
1e-06


# name: progTol_X
# type: scalar
1e-10


# name: optTol_aW
# type: scalar
0.0001


# name: progTol_aW
# type: scalar
1e-07




