# Created by Octave 3.8.1, Sun Jan 07 19:33:38 2018 ART <gabrevaya@ws6.labo2>
# name: y_start
# type: matrix
# rows: 10
# columns: 1
 -0.6111188347939366
 -1.222113972379314
 -1.751443008131139
 -1.028325884102412
 -1.571158603018839
 -1.76643684017557
 -0.5456944388660196
 -0.5408578074942849
 -1.283526146017687
 0.1709454487187262


# name: alphas
# type: cell
# rows: 1
# columns: 3
# name: <cell-element>
# type: matrix
# rows: 10
# columns: 1
 1.051077662321378
 -0.9416249790893386
 0.6502576120789405
 0.6982470865770134
 0.1010145799010375
 1.145113820427074
 -0.203479888139314
 0.4846462135383665
 2.869841341454253
 -0.3212681901462727



# name: <cell-element>
# type: matrix
# rows: 10
# columns: 1
 0.5726141966253238
 0.9150671660763799
 0.9963636899813105
 0.6723379729605018
 1.004152179177811
 1.981392765790913
 0.1858106093494126
 0.6521540370479272
 0.4562446413669977
 0.2245987703360607



# name: <cell-element>
# type: matrix
# rows: 10
# columns: 1
 12.94168721368463
 10.7244088277443
 12.35174888601341
 9.963998094426481
 10.88084422950434
 9.93502080284301
 11.3607628398195
 11.19000997287729
 11.85794659370423
 9.059563436902151





# name: W
# type: matrix
# rows: 10
# columns: 10
 0.6212360292400575 -0.5457936047686535 1.982381395064813 -0.514242695641249 -0.2326996736587191 -0.1676467604453579 -0.108656172794115 -1.193811332892348 -0.1542317590231519 -0.3384098171327848
 -0.2448573892050895 -0.05412086391100054 -0.6070175827925125 0.1429657675557683 -0.2749571441244944 0.5221905143183568 0.2514541486582302 -0.3687505656116853 0.2952220688708926 -0.6288756429024156
 -0.6380162518224359 0.3989736452349891 -0.274980448000752 0.02302853938767119 0.9606392884612105 0.6737827166674486 0.09364049059147099 0.02657498767421063 -0.05356343071295122 -0.3391142649597785
 -1.294619888659081 -0.8584387822169681 0.5860111870495913 0.1404311274350169 1.28497805909559 0.9684225416818633 -0.4753502246673018 -0.4894816052822937 -0.779394929800473 -0.965006156491015
 0.4031622844286901 -0.04201217440179556 0.1756344069887622 0.08942325934960735 0.4187895471224163 -0.937666698862905 0.2195035326623997 -0.5406192811298174 0.4230597736511662 0.5924166702280329
 0.2356440095326783 -0.427001789800813 0.1326846543406175 -0.6753801720948831 0.01732848375276318 0.2647707600462298 0.3163426728180752 -1.127258968017689 -0.4188019535245779 1.258912015708516
 -0.1097113190551122 0.007252984971699483 0.999591955832741 -0.07734166401634004 0.6712371622578162 0.08736273893146339 -0.6499798267997903 -0.6236325250751639 0.1810057833466533 -0.02480771954986495
 0.2029420017081515 -0.45355037539933 0.6560287192709985 0.07472006597932157 0.2054237547331408 0.4819244558955065 -0.4681224074211196 -0.5064746049156112 0.01194666286695993 -0.8053270153758433
 -0.1948424525564257 -0.006314106553487108 0.3729166709080141 -0.01660640364269277 0.890335697969786 0.3622133999572381 -0.03731946778095163 -0.0615829988486304 -0.3854690701844932 -0.4001248542704524
 -0.5738532746932464 0.4307780598784826 -0.4235425935784554 0.1284936918480644 0.3631332393636175 1.24985198021902 0.3213900228840278 0.1403707366602484 0.0976982132857334 -0.5401695221204342


# name: iter
# type: scalar
200000


# name: c
# type: matrix
# rows: 1
# columns: 10
 0.7439220223939136 0.6346053630330799 0.6403132864739257 0.789232913836078 0.7171861695126828 0.7061749959639497 0.6737289522552917 0.6494933867269224 0.6587879375024065 0.8294928766736503


# name: mean_corr
# type: matrix
# rows: 963
# columns: 1
 -0.002197329497816015
 -0.001697620414142998
 0.0491103705080621
 0.03895266614952549
 0.05173780797769265
 0.05673280354676793
 0.0712518862877643
 0.1032471582512867
 0.1212713113755067
 0.1223814036767523
 0.1432636316953771
 0.1625540485097824
 0.1736598350442236
 0.1743090919247947
 0.1744215045396754
 0.2102531071911566
 0.2238107946660377
 0.237764028769738
 0.2377615032265842
 0.2384495044039618
 0.4593139285437967
 0.4540669292529851
 0.4537986949808137
 0.4549070202623428
 0.4503689648956157
 0.4428645880907786
 0.4353997346914494
 0.4286466472631879
 0.429057937582853
 0.4267867881399493
 0.4274429860311288
 0.4292304355452264
 0.3939805117639161
 0.3552288421549215
 0.3491083567916736
 0.3462251632088733
 0.3399501272633725
 0.3793956540941906
 0.3847806148367357
 0.3838005695663116
 0.3700028516977476
 0.3674502837609157
 0.4828691689357507
 0.4776703991064899
 0.477435035809249
 0.4571448202090235
 0.456909104457545
 0.4563229105936357
 0.4594430377215105
 0.4502639169349008
 0.4535668514850527
 0.4609152733574611
 0.4633246133251187
 0.4622702905636896
 0.4601200153825513
 0.4603077020925188
 0.4546002033600766
 0.4522035353167073
 0.4496790209381136
 0.4543733373879326
 0.4544750690558227
 0.4433006824695487
 0.4409327976962043
 0.4357870024639103
 0.4315598379190844
 0.4149397785412312
 0.4156352020826839
 0.4152140242871717
 0.4131916156351912
 0.4139836553850875
 0.4073132888590911
 0.4093983440010917
 0.4094611199917148
 0.4098612440992228
 0.4101975311394176
 0.4085385123955711
 0.410032820141723
 0.4134873176036929
 0.4124511132869073
 0.4127064744284261
 0.4115621813288154
 0.5005379591665552
 0.4330432244716889
 0.4338397049682802
 0.4407163475255119
 0.4448639880972588
 0.443472065104407
 0.4552701788272736
 0.4575865094984296
 0.4471838610426005
 0.4482210751288346
 0.4239297984049788
 0.4208047068688429
 0.4227815296784055
 0.4224300648188777
 0.4276657153773176
 0.4262170137146971
 0.4209359550134521
 0.4305516745251744
 0.420328286021444
 0.4145870773926609
 0.4034730679515962
 0.4103036257595405
 0.399404525421604
 0.396372956655849
 0.4076508075710557
 0.40873538796461
 0.3994953801456517
 0.3879425281323142
 0.3845941981444768
 0.3833675697328151
 0.3833043530338928
 0.3950831462379868
 0.4147969710068042
 0.4203042905279796
 0.4406964233696296
 0.4368680951766528
 0.4284682113820314
 0.4306093859929112
 0.4319320240772656
 0.41942284174539
 0.4260485529200458
 0.4274571654545755
 0.4290168921979985
 0.4204604183449606
 0.4211749928125097
 0.4231006105117481
 0.4108542584486395
 0.4031254144036306
 0.401754058100073
 0.4114049624151416
 0.4135575425260848
 0.4143219624117204
 0.4061779060924585
 0.4057513335265609
 0.408604933467729
 0.4076794488324201
 0.4071954448645727
 0.4084980974036735
 0.4049924051974498
 0.4019091042359939
 0.4021959712190825
 0.3976005916371028
 0.3980216321811878
 0.4054286165968535
 0.4049020158864975
 0.3958533471382929
 0.3971331506433238
 0.4008383563000898
 0.4028391716595935
 0.4030403111468172
 0.4031644539274996
 0.402300857564964
 0.3997022574986273
 0.3994872734354562
 0.401752726819293
 0.4021870157950087
 0.3941061328070659
 0.3961248191694827
 0.523862247061647
 0.5238663413467697
 0.5237033334641918
 0.5192505848112297
 0.5235848889565048
 0.5204892112334762
 0.5074455197117159
 0.5006264803660374
 0.5002586847066841
 0.5001662555532322
 0.504833921072892
 0.5025127817387052
 0.4929340430342374
 0.4928585903921004
 0.4930527692949053
 0.4942592396853424
 0.4927070508141148
 0.4927294476739192
 0.5053019125110353
 0.5108539195233173
 0.5123605468325552
 0.5141188584854089
 0.5145229378120141
 0.5009860133211734
 0.5001607746098606
 0.5095814797890007
 0.5097632723968764
 0.5071997896013137
 0.5015912076839446
 0.4882245976649123
 0.4886021570114301
 0.4897206231362136
 0.4887428292744175
 0.4871656342866605
 0.4884795062094406
 0.4862394738987253
 0.4886883025854184
 0.4999591159960836
 0.4975572963894277
 0.5026293773430568
 0.5028224835481725
 0.553874729806392
 0.5536335485546997
 0.5393426158556034
 0.5398776864272289
 0.5341389028734158
 0.5308779386513408
 0.5285994841477377
 0.5277895247717155
 0.5219200152514906
 0.5212445383323676
 0.5204675688253056
 0.5212382758519442
 0.5148066599146578
 0.5159799700109435
 0.5172168345459738
 0.5200912512844228
 0.5170873414532077
 0.5233601223657092
 0.5257178009658827
 0.5272429987805208
 0.5281045845195834
 0.5272453392762587
 0.5272419192029314
 0.5271709128996964
 0.5256527375849885
 0.5287407298193045
 0.5243250672172401
 0.520934874358611
 0.5232809163880932
 0.5188002401659821
 0.509105456825059
 0.506832402163677
 0.5115626553874387
 0.5087041772871446
 0.5071907359145519
 0.5062468518066747
 0.5418367513627828
 0.5522036048521697
 0.5460050400205788
 0.5282125752908371
 0.5400824476192734
 0.5429904769194099
 0.5470348986500756
 0.5473219936544502
 0.548094526517621
 0.5440855341739821
 0.5428470459628356
 0.5429806247107672
 0.5431170035011782
 0.5413493660582237
 0.5396325093580324
 0.5381762919929558
 0.5371160896267325
 0.5371222250705182
 0.5397188577066137
 0.539894351857851
 0.540145804211108
 0.5437655206690498
 0.5444918234098505
 0.5254443641819746
 0.5228682237174246
 0.5362536565448039
 0.5388901016831233
 0.5411597707611939
 0.5423912692971072
 0.5776697820124876
 0.5653681739792353
 0.5663582442176757
 0.5587095743724666
 0.5554914682264673
 0.5540640426920219
 0.5544667519005742
 0.5570986173086522
 0.5564010094086832
 0.5465870995788349
 0.5510716683853238
 0.5514641795573664
 0.5516833582072426
 0.5578697943775195
 0.5552162177898164
 0.5508898375881423
 0.5556197179951051
 0.5556485492047549
 0.5564050664004506
 0.5559096030015629
 0.554639756670208
 0.5525147552734944
 0.5517007756660639
 0.5524379892839677
 0.552092782871504
 0.5521108429791195
 0.5521548889888436
 0.5854719149761392
 0.5854757578979639
 0.5763156363487346
 0.5760524562386911
 0.5491995501263651
 0.5548472006979285
 0.5631859287468053
 0.5692485368167211
 0.5725999621002964
 0.572596405418222
 0.5684723330094361
 0.5670257654344601
 0.5637479540708867
 0.5638276971942717
 0.5631617375417772
 0.5632114225650964
 0.5621669378508888
 0.5583701822884839
 0.5582504957109633
 0.5592167481334454
 0.5593405864658811
 0.5576962529940755
 0.5610058524832605
 0.5609282539638507
 0.5608681388115958
 0.5608737292677499
 0.6053754121374657
 0.605529156058588
 0.6062387616727654
 0.6048975697984279
 0.5884139533167924
 0.5876244862280481
 0.5866874348393373
 0.5847266558859492
 0.5818028388043616
 0.582955344835741
 0.5808591172992458
 0.5810711130065018
 0.580077677082657
 0.5799898470445625
 0.5793514696819398
 0.5751291728842862
 0.5741284270947606
 0.5719673814502551
 0.5734765360460437
 0.5742113671025135
 0.5745233152540979
 0.6148231933070745
 0.5988761833470975
 0.6000457987210487
 0.5931911522907102
 0.5938912431475794
 0.5724868745260698
 0.5709926317690026
 0.5701789185727778
 0.576460203883431
 0.5695896018980079
 0.5756282201910848
 0.5858391331312126
 0.5803401041729302
 0.5766357654057305
 0.5735799126534352
 0.5778225897723218
 0.5771604557292954
 0.576216135055995
 0.619371167393645
 0.6097885593209068
 0.620246227944128
 0.6107873640627954
 0.6099353816877704
 0.5709728834595033
 0.5704310640354361
 0.5871226197174007
 0.5800473028528544
 0.5877602428922231
 0.593800431810569
 0.5910979414345696
 0.5953920949760401
 0.5913856000181391
 0.5849320810167027
 0.5834858176559768
 0.5831756056593316
 0.5837315971018849
 0.5831237040325237
 0.5849766759353809
 0.5848415126863254
 0.5870226844113609
 0.5868569847739538
 0.5895561575519108
 0.5808174043987264
 0.579541154067994
 0.570312104035835
 0.574726991609591
 0.5740239877004286
 0.573817142941882
 0.5682128846481197
 0.5722587171003695
 0.5714652031704903
 0.567484755746184
 0.5626670765301917
 NaN
 NaN
 NaN
 0.6344766558092942
 0.6365164672558506
 0.6329472233962425
 0.6346839230081249
 0.633221485036884
 0.6273388153405031
 0.6219718171316939
 0.6231320628261414
 0.6232672260233858
 0.6236254526963282
 0.6219442140112372
 0.6268294228946183
 0.6281974311791947
 0.6264709242801654
 NaN
 NaN
 NaN
 NaN
 NaN
 NaN
 NaN
 NaN
 NaN
 NaN
 NaN
 NaN
 NaN
 NaN
 NaN
 NaN
 NaN
 NaN
 NaN
 NaN
 NaN
 NaN
 NaN
 NaN
 NaN
 NaN
 NaN
 NaN
 NaN
 NaN
 NaN
 NaN
 NaN
 NaN
 NaN
 NaN
 NaN
 NaN
 0.6783078774991096
 0.680196795088036
 0.6790479695737294
 0.657974870110327
 0.6619218050450507
 0.643559470084224
 0.6414706561415427
 0.656483526217887
 0.6650328650679385
 0.6604004929677556
 0.6641734613059805
 0.6481424282762711
 0.6401569842629472
 0.6408661769773388
 0.6434835232615104
 0.6458287458108383
 0.6110695235675514
 0.6558756482480472
 0.6690955428415669
 0.666258491143349
 0.6489197241616289
 0.6455923247212537
 0.6403943123573699
 0.6467894662484533
 0.6546357957558957
 0.6499830520786258
 0.6542614089198278
 0.6560350618919449
 0.6610979609995795
 0.664898389572833
 0.6614388069344617
 0.6640952544526318
 0.6668067363694932
 0.6628002483791411
 0.6597313944261736
 0.6614136492197786
 0.6650708092309738
 0.6612899669264534
 0.6569682055861178
 0.6224498345366515
 0.5596306817364124
 0.6476487393582927
 0.667555930628778
 0.6638204737041959
 0.6708393552345064
 0.6641030959960983
 0.6587175174687305
 0.6574566492315413
 0.6614765677914459
 0.664795725350165
 NaN
 NaN
 NaN
 NaN
 NaN
 NaN
 NaN
 NaN
 NaN
 NaN
 NaN
 NaN
 NaN
 NaN
 NaN
 NaN
 NaN
 NaN
 NaN
 NaN
 NaN
 NaN
 NaN
 NaN
 NaN
 NaN
 NaN
 NaN
 NaN
 NaN
 NaN
 NaN
 NaN
 NaN
 NaN
 NaN
 NaN
 0.6504423937346163
 0.6544344557284045
 0.6512932898075003
 0.636492713926234
 0.6296165904152708
 0.6376196969932367
 0.6329858325541338
 0.6361402591076816
 0.6298142609584223
 0.6354750302008244
 0.635883610587903
 0.6210235963361618
 0.6089099909689316
 0.6101405167943201
 0.61455513944741
 0.6296694997450436
 0.6114896994855969
 0.6224325559929188
 0.6109833167451224
 0.6712999552857148
 0.663261442683713
 0.649140929045365
 0.650295606884128
 0.6554032602955867
 0.6522189206052569
 0.6502312160634605
 0.6487293847806223
 0.6442247089682183
 0.6430129933736539
 0.6372203855963077
 0.6404274180591875
 0.6382769995864601
 0.638891521548312
 0.6334508067460619
 0.6753913696225925
 0.648889998006797
 0.66829168589099
 0.6692707091288449
 0.6694221014852446
 0.6680125713369737
 0.6664528901640028
 0.6544141532531562
 0.6578704654410278
 0.6481164113439954
 0.6477061829469843
 0.6592447862738327
 0.6570835233331647
 0.6457933762995982
 0.6404777310723594
 0.6877454004473821
 0.6843006361268282
 0.6675864069127802
 0.6669593207859613
 0.6695081516977692
 0.6740696523294755
 0.6684789378198693
 0.6644741765785415
 0.6566167867553223
 0.6523522933123308
 0.6907888680355162
 0.6829634668805814
 0.6785409630367998
 0.6582903841010839
 0.6658935674648895
 0.6648486013501346
 0.6592917700011622
 0.6549555223180203
 0.661713104399738
 0.6503945194824319
 0.6944489413797614
 0.6881114722697041
 0.6847985837619065
 0.6745582561026416
 0.6616915517999484
 0.6559029699755594
 0.6641544904143409
 0.6925612897315537
 0.6929940626205282
 0.6546059298210726
 0.6523162176384967
 0.6617896647357905
 0.6559795933937912
 0.667380476617309
 0.6648757636166255
 0.6589383526533596
 0.6564329239426026
 0.6941571556178542
 0.6872711832279125
 0.6858373230165398
 0.6884685758374385
 0.6736611808972784
 0.6596846752518508
 0.6782528965124918
 0.6818715965674407
 0.6812440326918885
 0.6929353711883572
 0.6961562287197058
 0.689835751809582
 0.66717483496671
 0.6781257468924353
 0.6735524710655526
 0.6627188113921413
 0.6737763694846787
 0.6937156356661652
 0.6932706829305546
 0.6862750909869825
 0.6882094665919187
 0.6909420306651313
 0.6868256388682477
 0.6808504382646203
 0.677850469928915
 0.6711500909978193
 0.6672775947527947
 0.6744583302902648
 0.6805634706376392
 0.6593440586070132
 0.6601644822688855
 0.665579533824326
 0.6820458969199972
 0.6832938449200225
 0.6855011492116655
 0.6696810641366299
 0.6759575461160845
 0.6767124375974669
 0.6795933062395455
 0.6736147301936917
 0.6782324832379125
 0.6766733972295481
 0.6820008900258163
 0.6726816832337302
 0.6666291283352355
 0.6651257114999082
 0.677343276225478
 0.6734017783093478
 0.6854098971597818
 0.6620398586307086
 0.6671102561458228
 0.6753166907311017
 0.6715034006396523
 0.685736439763461
 0.6765507687709701
 0.6559349109457828
 0.6697443485135498
 0.6792177123594676
 0.6629217758143625
 0.6705814269917589
 0.6713457268744103
 0.6726310099923991
 0.6663613398155539
 0.6565133933171133
 0.6600915721369124
 0.6727735658031175
 0.6662374304271687
 0.6812846626066911
 0.6930122145988725
 0.6832945156546503
 0.6711904207115891
 0.6675090780319288
 0.6610577919755475
 0.6945242393504684
 0.699031408080899
 0.6798945038512475
 0.6860118175636533
 0.6775098268211842
 0.6655288565853363
 0.6438740446729229
 0.6859350204464492
 0.6720689007469358
 0.665731876664222
 0.6765120974130279
 0.6941290640436384
 0.6888389897524774
 0.6845809072935037
 0.6898958889510358
 0.6898835832036618
 0.6941011505832233
 0.6839916346640262
 0.678517644774411
 0.6685253203791104
 0.6792560944518945
 0.6744571024068831
 0.6764601606144028
 0.6627314572691276
 0.634640146598168
 0.6552608991295796
 0.6535116529784487
 0.6619578237626266
 0.6623415857733449
 0.6620658786794319
 0.662791293583523
 0.6658356834479167
 0.6727927044354469
 0.6584925968000868
 0.6665004187428103
 0.661690547479435
 0.6655049158447498
 0.6643708960378095
 0.6812605819382658
 0.6922065728613015
 0.6679873178111244
 0.6787501741217671
 0.678304083085822
 0.6840394131974195
 0.6786501545765473
 0.6826251488707822
 0.6642892172691651
 0.6692658595139745
 0.6671855253076624
 0.6717216056152691
 0.6689470743791304
 0.6742662169634793
 0.6821053784416325
 0.6866342003700738
 0.6830455651916888
 0.665272588319292
 0.6700503164719613
 0.6668435910673738
 0.6730888141627094
 0.6611293090184225
 0.6647980838659944
 NaN
 0.6311614431147905
 0.6555999410733567
 0.6561029754263572
 0.6516716023817398
 0.6459146400522527
 0.6392507436043942
 0.6502450750560846
 0.6747935121413565
 0.6692297181016511
 0.6679635211803042
 0.6778947519767911
 0.6769469047317995
 0.6733461899324481
 0.6911327795824619
 0.663441772496468
 0.6645136555381506
 0.6765026029530172
 0.6685662090035152
 0.6762195443443266
 0.6800424347385151
 0.662208634504968
 0.6645343313296973
 0.674859955639961
 0.669946409433215
 0.6724695863374182
 0.6847714269953298
 0.685506358526035
 0.6712196487362734
 0.6740114940984752
 0.6813604692547721
 0.6820378684401951
 0.6738548143481378
 0.6789378408989336
 0.6865072268706558
 0.6861747009013447
 0.6782994755440528
 0.6727574688751687
 0.6917798389325872
 0.6720048312953626
 0.6852119541541333
 0.6935099172264227
 0.69025713769566
 0.6722853419457903
 0.6852497234572209
 0.6706391851156395
 0.6778104127195135
 0.7019733588328136
 0.6878887037614815
 0.6747392134860818
 0.6751957428279491
 0.6810509173987718
 0.7037586412232304
 0.7013770309888477
 0.6922944605340778
 0.7006500966849941
 0.6831469551126097
 0.7056206969741012
 0.6926832009623183
 0.6880067625317671
 0.6793896365155179
 0.6832007518582702
 0.706355054670268
 0.69746958627547
 0.6926365310720985
 0.68910266315784
 0.689007340904743
 0.694872491987869
 0.7006376350942692
 0.690032408885304
 0.691693667910002
 0.6897120602895237
 0.6841093824490027
 0.7083992845286431
 0.6949635944117019
 0.6873740446895116
 0.709458434107642
 0.6998219790850794
 0.7031989781809165
 0.7061816270958768
 0.7054659236483519
 0.7040144851567989
 0.6954117472631247
 0.6821593324416609
 0.6822302774399016
 0.7092259841560459
 0.7007258883856393
 0.6932939699585666
 0.7020121490957711
 0.6987069619821215
 0.7002472429672634
 0.6826146084398478
 0.6904828195371557
 0.6979330617383719
 0.6811014655817506
 0.6915613643469862
 0.6849847652986726
 0.6929136781856369
 0.64183046405569
 0.6868629048027458
 0.6944668068222972
 0.6846865618156504
 0.6851143184645508
 0.681355819663248
 0.6842073515679712
 0.6899855223190884
 0.7071803887638697
 0.7023611925695845
 0.6925763994882065
 0.697381594913882
 0.6851817596967843
 0.6729619892370355
 0.6863523449194435
 0.6870444505545192
 0.6918082964642948
 0.6866555272562811
 0.6938975645011014
 0.6750817793181034
 0.6862155232029628
 0.6874234074576275
 0.6874234286034395
 0.6880964938193608
 0.68596753263722
 0.6882469873972011
 0.6774783669886117
 0.6817859311927871
 0.6817858872470414
 0.6817858433083231
 0.6817857993629648
 0.6817857554228169
 0.6817857114775058
 0.6817856675377014
 0.6817856235935371
 0.6817855796534025
 0.6817855357051064
 0.6817854917640285
 0.6817854478193922
 0.6817854038740545
 0.6817853599273244
 0.6817853159846454
 0.6817852720374471
 0.6817852280919519
 0.6817851841436378
 0.6817851401993467
 0.6817850962556034
 0.6817850523091225
 0.6817850083613985
 0.6817849644158362
 0.6817849204725436
 0.6817848765247003
 0.6817848325768097
 0.6817847886304204
 0.6817847446847589
 0.6817847007356824
 0.6817846567870987
 0.6817846128394242
 0.6817845688923381
 0.6817845249416885
 0.6817844809924485
 0.6817844370379283
 0.6817843930938012
 0.6817843491429525
 0.6817843051949104
 0.6817842612386548
 0.6817842172940329
 0.6817841733394294
 0.6817841293909619
 0.6817840854347507
 0.6817840414849903
 0.681783997530349
 0.6817839535787442
 0.6817839096249018
 0.6817838656751611
 0.6817838217225474
 0.6817837777711465
 0.6817837338146092
 0.6817836898635402
 0.6817836459071065
 0.6817836019517467
 0.6817835580011955
 0.681783514048694
 0.6817834700954306
 0.6817834261379337
 0.6817833821839715
 0.6885211674843698
 0.6885200139532627
 0.6885188601106478
 0.6885177059631112
 0.6893013327426109
 0.6860200657615706
 0.6848345493013868
 0.6772487104150373
 0.6733368573806456
 0.675975435494518
 0.6729216406326629
 0.6703451813049247
 0.6753320077879131
 0.6799263780005674
 0.6791947339524174
 0.6799355550386155
 0.6792234283888338
 0.6806998366102875
 0.6864139246986768
 0.6865681587448323
 0.6767146710518731
 0.6855804076325375
 0.6759195058573326
 0.6752611810259692
 0.7042937904371901


# name: mean_error
# type: matrix
# rows: 963
# columns: 1
 1.436562197510102
 1.43576305708988
 1.406260828322899
 1.406442991838212
 1.396692812529161
 1.394155796893359
 1.367898857576321
 1.341789725858726
 1.331683473390691
 1.327609146075234
 1.328738687243206
 1.314816431820739
 1.304019986558615
 1.30516228905034
 1.30550016775287
 1.302171527879977
 1.295948105100531
 1.274229285933717
 1.272983455865957
 1.274066480450871
 1.191002954398531
 1.187653638328885
 1.18750092813216
 1.186751047938362
 1.18775134177426
 1.189146533851065
 1.18686776893822
 1.204030773332079
 1.203400880554667
 1.20492140293075
 1.20508414228035
 1.203790774641065
 1.210935680388598
 1.231779705782238
 1.230374597951223
 1.230944807629728
 1.233617144491986
 1.216561865836618
 1.217223880316331
 1.219023695011855
 1.223459156106506
 1.229098615196185
 1.19124182857481
 1.193450184800814
 1.193050315050697
 1.195205855721591
 1.202149976035968
 1.211544269144091
 1.197658913050417
 1.19838385130652
 1.200122813213984
 1.196843212276579
 1.196347378144067
 1.192433433698126
 1.192820675985745
 1.207642596558001
 1.200841515874336
 1.198952835935994
 1.201028932874158
 1.203495966914156
 1.195481320529305
 1.195398650639433
 1.195570508443172
 1.206181636260818
 1.203947977209199
 1.202420094875763
 1.200455054773342
 1.204481102399917
 1.203154038023251
 1.202543043706327
 1.211940096331017
 1.211891708775234
 1.213059575440627
 1.21301600294058
 1.210323925114087
 1.209770232396399
 1.207975670478727
 1.207677728329418
 1.20876828461519
 1.207085799331169
 1.209778859574022
 1.182069278315843
 1.218680781963719
 1.221228894694119
 1.223435716410933
 1.213926112607657
 1.212304990010519
 1.207099703888926
 1.203257028415809
 1.199483045234292
 1.200415114672061
 1.207616598331227
 1.20862615703863
 1.209307365589372
 1.208591161660806
 1.204859856497392
 1.205227483637332
 1.20962787977043
 1.204755710861461
 1.220286393314467
 1.216855836974372
 1.217348741949569
 1.213756915057351
 1.219045070841343
 1.220180596957306
 1.22495457135134
 1.220664685900818
 1.224866067030583
 1.219077846445362
 1.223100303730089
 1.227021974013104
 1.226812817878234
 1.22417733516168
 1.214897179424398
 1.214366341122931
 1.199728947101778
 1.203102711117084
 1.206628163317879
 1.20575345231549
 1.207575683192072
 1.208710180201475
 1.207114479209359
 1.206383338961711
 1.203444170110212
 1.196540650308021
 1.197806596649734
 1.195860146007473
 1.199943912585307
 1.207422865288564
 1.207854508759955
 1.196698740182495
 1.200434215736308
 1.199814626784251
 1.200701584786159
 1.200422209621571
 1.202850850616973
 1.203246010210459
 1.203379396863783
 1.209881986707685
 1.215493031366723
 1.219101886659491
 1.221662247141904
 1.228913008257166
 1.227346355462718
 1.222388826032575
 1.222190571178066
 1.228582813319493
 1.235174709138539
 1.236452005853058
 1.238986649575807
 1.23245729014003
 1.233571227847743
 1.235128898142905
 1.233150935947601
 1.236221116676181
 1.235252025567727
 1.240087631444299
 1.241156988291337
 1.241500397340803
 1.206113618392797
 1.205714504757126
 1.201733100679126
 1.210536817304319
 1.199264391011236
 1.195713396366437
 1.188257226967423
 1.204716989658176
 1.207218416143045
 1.203680028307279
 1.194843655239664
 1.195716788108907
 1.200205120046288
 1.201720265422467
 1.199173003939361
 1.198955764940968
 1.194502224642752
 1.194898274120223
 1.187365889141171
 1.187469246073012
 1.186196382216283
 1.182392463286809
 1.182061448380341
 1.201486013896508
 1.198386975123272
 1.202351020278217
 1.199471966749349
 1.19128321758903
 1.181966158580693
 1.194471485184366
 1.191923942965103
 1.195632493509733
 1.192827192465314
 1.191348162112395
 1.191288105926063
 1.19098176087686
 1.188092708823021
 1.185719329485956
 1.183361570745039
 1.175208568149943
 1.176433769674993
 1.164528999709053
 1.161936676979498
 1.161435556234034
 1.160685893904108
 1.164514275540003
 1.171383166138161
 1.183612626040825
 1.184784281006106
 1.185044877089172
 1.185564393939552
 1.185092091307578
 1.183904431326311
 1.198156878011696
 1.205566201779819
 1.208154187542604
 1.199485035784425
 1.200141796810543
 1.194056461090689
 1.188600423987737
 1.186753508779297
 1.186512871562013
 1.18593156379599
 1.176889647019346
 1.179142872922213
 1.178251761596333
 1.176119798921456
 1.179916333844887
 1.178038678202186
 1.179552720481775
 1.181310632870748
 1.186499022224549
 1.184138283805798
 1.178639608154626
 1.179327723912072
 1.17260100864887
 1.172158666184294
 1.167033292382647
 1.17040450701862
 1.182929454958708
 1.177510922348161
 1.178687861926226
 1.181633429358484
 1.168660222592711
 1.160122414593326
 1.165658903659583
 1.165455966248227
 1.165523423183944
 1.163224287189605
 1.163631205026522
 1.167517137365274
 1.166562887876798
 1.166011793437447
 1.165040766973732
 1.16187903081791
 1.160279142214365
 1.165292556322749
 1.162989486169362
 1.164808889375497
 1.173806290933973
 1.183966789855126
 1.186802433696079
 1.179635708118588
 1.173984971358361
 1.167988765926393
 1.165185189523203
 1.15160374618246
 1.145690029691566
 1.157604171493069
 1.168651634580338
 1.170940121928407
 1.16877700500059
 1.161840061977586
 1.162358788097643
 1.167828129134619
 1.150057148509865
 1.157671879000665
 1.157834142531994
 1.160468890149085
 1.159736452202526
 1.165925034246675
 1.157231267858411
 1.153055968550458
 1.159108589223933
 1.156256826651636
 1.15563392389026
 1.157093024712547
 1.159542124086471
 1.159480385467976
 1.159798103723579
 1.159419384905502
 1.15933091667202
 1.158788283804059
 1.146761943788518
 1.146382580869574
 1.141901244735104
 1.146112954149062
 1.154534753567551
 1.148682504360586
 1.149629418039266
 1.150910680766841
 1.157563789834392
 1.155910496975097
 1.150479073717471
 1.153177589625418
 1.149974103896055
 1.148304349528908
 1.149196086770428
 1.149407524286955
 1.152206689463664
 1.158137838090098
 1.156446861230233
 1.158596137887624
 1.159672295794483
 1.157943454270585
 1.168678832425768
 1.167113738811898
 1.166475640320483
 1.169685721822368
 1.107760832772514
 1.107553935516768
 1.107990745091433
 1.102163815144538
 1.118597058190554
 1.120925376626011
 1.119731309390141
 1.121060751640902
 1.12725303873905
 1.127776607543747
 1.125831181798441
 1.133131543538812
 1.132746380213535
 1.133440926491659
 1.134033511181067
 1.138294220217172
 1.137497784607781
 1.135702428429349
 1.13506992536727
 1.137683773562262
 1.142620084572036
 1.105533577858188
 1.09259167404832
 1.092929788540108
 1.101070655165643
 1.098751947108891
 1.114391936976757
 1.12633685827369
 1.128602582628326
 1.121850348442204
 1.126360244434123
 1.125310871567782
 1.120248452304036
 1.119681403670664
 1.123449488104768
 1.131497818142756
 1.128199852796409
 1.130723076179136
 1.130962067299112
 1.095321217671329
 1.097156813393645
 1.102888388194205
 1.091778512024472
 1.085130631154011
 1.09193346085532
 1.092990155399713
 1.091166957734626
 1.093612920612257
 1.093066075854752
 1.093841132491508
 1.097497738587512
 1.098282148316327
 1.106746192445939
 1.109271521145653
 1.109904967095915
 1.109681436247107
 1.119440054161761
 1.119055958468488
 1.115919035355428
 1.124417954827973
 1.123518959385688
 1.121697681607571
 1.120379583993124
 1.130509046838555
 1.126850451569001
 1.129314449264761
 1.127820337192825
 1.133757872537851
 1.134192941359823
 1.142368420006296
 1.137495050165778
 1.135518972555206
 1.133426518012396
 1.140622059485997
 NaN
 NaN
 NaN
 1.063869400243086
 1.060879887004635
 1.057081220884015
 1.059130130610166
 1.058425819599322
 1.060951650616308
 1.071121065351406
 1.069698688057155
 1.0641080864809
 1.0658361597572
 1.059843938941158
 1.060708890165397
 1.061567319411217
 1.063048531601552
 NaN
 NaN
 NaN
 NaN
 NaN
 NaN
 NaN
 NaN
 NaN
 NaN
 NaN
 NaN
 NaN
 NaN
 NaN
 NaN
 NaN
 NaN
 NaN
 NaN
 NaN
 NaN
 NaN
 NaN
 NaN
 NaN
 NaN
 NaN
 NaN
 NaN
 NaN
 NaN
 NaN
 NaN
 NaN
 NaN
 NaN
 NaN
 1.016665519329087
 1.006869101718381
 1.011924177850629
 1.039508794141865
 1.018813469743753
 1.028913026654773
 1.02981569048531
 1.026016602714175
 1.018757731090717
 1.026392543774074
 1.023149198878754
 1.01276022783842
 1.017536457316685
 1.02444524418545
 1.027133154666252
 1.022237410539616
 1.081830797448863
 1.035408465041432
 1.0278891270277
 1.039891712676867
 1.059711180601888
 1.074361136693815
 1.080700822632308
 1.067756757902421
 1.064713579513229
 1.070324419402662
 1.059092543230795
 1.031760146333695
 1.03185236318553
 1.017741222038717
 1.033904161644736
 1.031229471281111
 1.030824975829627
 1.031189153603568
 1.031993927713467
 1.029576235999756
 1.01637362495771
 1.023229078896703
 1.01861141215787
 1.063871740167363
 1.116279204639218
 1.04023428177734
 1.010797270488794
 1.008247707515918
 1.003173527028707
 1.005083822188145
 1.0132686642778
 1.031834392870466
 1.033434267991354
 1.02604525072093
 NaN
 NaN
 NaN
 NaN
 NaN
 NaN
 NaN
 NaN
 NaN
 NaN
 NaN
 NaN
 NaN
 NaN
 NaN
 NaN
 NaN
 NaN
 NaN
 NaN
 NaN
 NaN
 NaN
 NaN
 NaN
 NaN
 NaN
 NaN
 NaN
 NaN
 NaN
 NaN
 NaN
 NaN
 NaN
 NaN
 NaN
 1.058877456142014
 1.050981034632189
 1.038548055935754
 1.061669443190509
 1.076007973591103
 1.065340652929474
 1.07006725037134
 1.074376039704972
 1.07753897092379
 1.067350235240318
 1.063854850989154
 1.080697374425715
 1.083644565247802
 1.084887915022051
 1.075687276659368
 1.065194940016721
 1.075456757529376
 1.06734608809706
 1.071694533769204
 1.038531140203285
 1.049538339938916
 1.051682108067789
 1.051335191458045
 1.055338333574239
 1.053308841278484
 1.058821429068193
 1.06715051368034
 1.07136687200731
 1.064120562121769
 1.063087241400766
 1.067564428466962
 1.0760121103198
 1.077236513300466
 1.08004827637857
 1.045307312307151
 1.061607973277959
 1.047638942243713
 1.051490464331187
 1.047830001845713
 1.05188171078871
 1.049264625163348
 1.054729560724119
 1.051139156346659
 1.053700168117806
 1.057725242127124
 1.047724281732892
 1.052894715652939
 1.059404629724767
 1.063433140112059
 1.025863045634801
 1.027705396105768
 1.051419547977112
 1.047865386646484
 1.039874480218333
 1.037424533684442
 1.041538130788248
 1.046920587815417
 1.043895930758649
 1.049427498104561
 1.029930212440822
 1.032281887857579
 1.030585753069675
 1.041243676447157
 1.025980362589826
 1.029258820610185
 1.037162162671966
 1.048105984323375
 1.037295765534373
 1.046984788207146
 1.02768655324907
 1.025270449952586
 1.024790348386236
 1.037735864725722
 1.038695695548412
 1.033107740356731
 1.025284193876224
 1.023739837000744
 1.019180174360549
 1.041961046823555
 1.047921814883992
 1.040311760155272
 1.047157124611581
 1.034656360441194
 1.034005327385774
 1.037511365479678
 1.036589013766278
 1.01861853169431
 1.010552347176191
 1.010021780237302
 1.011791681239011
 1.025113375531562
 1.029582862039099
 1.016807474090138
 1.016170395875066
 1.008281670701836
 1.014752363634597
 1.006623161492789
 1.018268912206914
 1.032134806662693
 1.017052353235506
 1.015923700782736
 1.021819426027272
 1.016315475978881
 1.015103922211468
 1.016329399199457
 1.021857518436718
 1.018292059980379
 1.014887705240407
 1.014885767435527
 1.017965998645719
 1.017848114304112
 1.019882704124448
 1.018745930244172
 1.017441242910204
 1.011681364448317
 1.020465435168792
 1.03099911923843
 1.020709565274862
 1.011071165872684
 1.01639838077323
 1.009676676155706
 1.021850426612705
 1.010733373988761
 1.013209057088038
 1.015884014065458
 1.006657195689996
 1.005977380038855
 1.016105154363052
 1.01394771282898
 1.021625002176427
 1.021942925568926
 1.02223933381238
 1.008787312639473
 1.010129207619953
 1.022184092061871
 1.020396739289414
 1.014915980692861
 1.012750007623119
 1.016735128026557
 1.012143491605197
 1.037325308437958
 1.035188620758434
 1.029459688600513
 1.022888406241047
 1.035654361849485
 1.02803745546265
 1.024128993629396
 1.024388460128641
 1.022465053028257
 1.02783223146839
 1.020465703920908
 1.01353739116966
 1.017051470545905
 1.010425605522742
 1.009251252004579
 1.015466273094904
 1.03943267561452
 1.038908794223985
 1.016782142634327
 1.014870558819878
 1.012398964736178
 1.022300586060954
 1.017744125851216
 1.027395992304324
 1.0155109087809
 1.029181628628089
 1.006892793375267
 1.030358137228658
 1.031563137754614
 1.018378295588362
 0.99641446037619
 1.000059171941089
 1.020976194758096
 1.002987450350443
 0.9971628629844741
 0.9996959765440024
 1.021618599483795
 1.023578619243409
 1.038058002464007
 1.012863448127983
 1.031259607875789
 1.021842348406037
 1.050428820646204
 1.063150853151985
 1.049964729362104
 1.046360080963078
 1.034570053962643
 1.033922752302078
 1.033246105118707
 1.027847525740477
 1.02558949532571
 1.034293333250738
 1.03045452460569
 1.028153172683897
 1.033938748819332
 1.030171789499104
 1.032196769982376
 1.031350175894985
 1.021349292809557
 1.043932441018173
 1.024891120515268
 1.010518415656164
 1.036696581422537
 1.024341925275672
 1.020605860283155
 1.03275574202392
 1.025810622303957
 1.021229392344311
 1.018184050236599
 1.025100059461249
 1.031829976555944
 1.016096329081273
 1.012481456798894
 1.022449738845707
 1.045390033731417
 1.034961354001898
 1.037532307666122
 1.031538836609323
 1.046044406885299
 1.040870089218943
 NaN
 1.057769892210435
 1.051317537397762
 1.040206433391998
 1.049265750412244
 1.051661358106542
 1.055920533687306
 1.047947720848202
 1.019986790389901
 1.022869034253562
 1.025260548321784
 1.03163282510975
 1.023277097757048
 1.028794248032646
 1.021438577194571
 1.038002768664248
 1.024715536555435
 1.017282977653002
 1.024065610715404
 1.018550345506644
 1.032695577164908
 1.045791982352245
 1.042869142212703
 1.021662199932109
 1.029192170858255
 1.020631136409373
 1.023487380664615
 1.022944771193095
 1.021301623397307
 1.021506457921916
 1.014025499933399
 1.020656825217263
 1.010104976422749
 1.014397224981666
 1.011569062190174
 1.005150596591174
 1.018426648988709
 1.019196784325156
 1.018413183827941
 1.023524441642015
 1.008853614398316
 1.016340361153047
 1.015426742490235
 1.025421147135081
 1.019061344264804
 1.021806124692658
 1.017169207770416
 1.015611637922783
 1.016121378051619
 1.018116237208545
 1.02758001115606
 1.025239260157688
 1.01586389440993
 1.001308412230126
 1.012687097363414
 1.002751629200646
 1.014928777715467
 1.017098505882382
 1.012776774981504
 1.011934946314015
 1.015922478255028
 1.017185894941411
 1.01438194256784
 1.003112637143491
 1.005619299720474
 1.007764696033692
 1.013873942000953
 1.016820113729409
 1.01376038218238
 1.016201054631631
 1.020767402426013
 1.022243675735074
 1.01279443578929
 1.019763943103742
 1.021430916835473
 1.029248900000753
 1.021099182880179
 1.018248572277411
 1.014210157969173
 1.014680158342332
 1.020273549828794
 1.019936419192652
 1.019883365737437
 1.021627570502144
 1.01497969117219
 1.019787417743774
 1.016470917310413
 1.021557228744302
 1.01297120814395
 1.01787767329999
 1.006467080919647
 1.027885414989554
 1.010888538214436
 1.009064484430177
 1.018846177807825
 1.01060718401997
 1.014109090117755
 1.011014877448206
 1.070885882819748
 1.040102997041003
 1.022245555714447
 1.021762478105069
 1.017591095720131
 1.019439872975107
 1.0226416324383
 1.012385283076181
 1.00662516363005
 1.012888808913286
 1.019469615117791
 1.012811707132145
 1.01245704975116
 1.028257441036422
 1.011550882654031
 1.012717372135133
 1.011101125167216
 1.009839191838037
 1.003741954525067
 1.018603724966434
 1.008239244858898
 1.003878346387951
 1.003878329848749
 1.00478363899086
 1.00874290279889
 1.009504026414505
 1.017422323762801
 1.006864971977009
 1.006865007374006
 1.006865042762243
 1.00686507815753
 1.006865113546809
 1.006865148941512
 1.006865184329294
 1.006865219721959
 1.006865255109538
 1.006865290505655
 1.006865325893351
 1.006865361284603
 1.006865396675486
 1.006865432067986
 1.006865467454974
 1.006865502847194
 1.006865538236528
 1.006865573629435
 1.006865609016156
 1.006865644402486
 1.00686567979146
 1.006865715181591
 1.006865750568245
 1.006865785952922
 1.006865821341129
 1.006865856729833
 1.00686589211571
 1.006865927501292
 1.006865962889235
 1.006865998277112
 1.006866033662372
 1.006866069047285
 1.0068661044356
 1.006866139822147
 1.006866175213711
 1.006866210593635
 1.006866245980505
 1.006866281363805
 1.00686631675568
 1.006866352134495
 1.006866387523364
 1.006866422905363
 1.006866458295539
 1.00686649367799
 1.006866529064892
 1.006866564448899
 1.006866599834233
 1.006866635214873
 1.006866670598071
 1.006866705980338
 1.006866741366984
 1.006866776747382
 1.006866812132698
 1.006866847517281
 1.006866882895311
 1.006866918275794
 1.006866953656064
 1.006866989041189
 1.006867024421246
 1.002598342137464
 1.002599738470032
 1.00260113521581
 1.002602532364898
 1.006615271291569
 1.003474633372411
 1.012051436955491
 1.017075031776607
 1.010741289386686
 1.010029228254915
 1.018429268813109
 1.012783722484868
 1.008810013219193
 1.011306766532069
 1.013394373875769
 1.006493860284864
 1.008648002309611
 1.003581640979492
 1.009879722959806
 1.022846731007037
 1.024073779859388
 1.011177979562425
 1.027387855392595
 1.025205657642682
 1.012883442240291


# name: iter_improve
# type: matrix
# rows: 963
# columns: 1
 1
 7
 10
 31
 36
 44
 52
 53
 57
 58
 81
 99
 111
 141
 150
 159
 161
 171
 189
 672
 853
 854
 855
 856
 857
 869
 870
 871
 874
 875
 878
 882
 883
 898
 912
 933
 936
 941
 946
 953
 965
 981
 1000
 1004
 1008
 1009
 1011
 1012
 1024
 1030
 1042
 1046
 1057
 1059
 1062
 1132
 1134
 1142
 1144
 1150
 1154
 1181
 1182
 1186
 1191
 1195
 1207
 1211
 1224
 1284
 1315
 1335
 1336
 1518
 1534
 1559
 1570
 1817
 1820
 1844
 1859
 2000
 2006
 2010
 2019
 2033
 2039
 2060
 2065
 2068
 2074
 2097
 2135
 2143
 2147
 2194
 2197
 2199
 2200
 2202
 2205
 2206
 2221
 2231
 2237
 2242
 2248
 2250
 2259
 2266
 2281
 2286
 2287
 2293
 2295
 2298
 2303
 2309
 2317
 2333
 2340
 2353
 2452
 2490
 2494
 2519
 2555
 2564
 2567
 2589
 2605
 2623
 2645
 2646
 2651
 2655
 2657
 2667
 2669
 2679
 2681
 2683
 2686
 2690
 2716
 2718
 2721
 2731
 2738
 2750
 2762
 2768
 2801
 2830
 2833
 2877
 2904
 2934
 2966
 3000
 3002
 3005
 3008
 3011
 3014
 3024
 3025
 3037
 3050
 3052
 3061
 3074
 3077
 3092
 3106
 3109
 3110
 3123
 3130
 3132
 3141
 3146
 3147
 3153
 3156
 3157
 3163
 3170
 3178
 3276
 3315
 3319
 3325
 3335
 3339
 3342
 3346
 3374
 3412
 3594
 4000
 4002
 4004
 4007
 4010
 4017
 4018
 4023
 4028
 4035
 4101
 4129
 4256
 4306
 4313
 4343
 4377
 4383
 4387
 4389
 4397
 4440
 4459
 4475
 4482
 4492
 4537
 4540
 4565
 4569
 4641
 4680
 4732
 4762
 4907
 4948
 5000
 5012
 5013
 5016
 5037
 5049
 5067
 5074
 5078
 5087
 5097
 5174
 5299
 5308
 5322
 5575
 5602
 5620
 5621
 5762
 5799
 5822
 5826
 5831
 5835
 5892
 5905
 5953
 5968
 6000
 6007
 6009
 6018
 6030
 6047
 6062
 6073
 6075
 6084
 6113
 6120
 6121
 6124
 6125
 6131
 6132
 6134
 6162
 6170
 6228
 6230
 6403
 6499
 6583
 6695
 6858
 7000
 7002
 7007
 7022
 7039
 7044
 7057
 7058
 7066
 7081
 7103
 7129
 7165
 7185
 7186
 7195
 7197
 7201
 7245
 7334
 7369
 7489
 7571
 7696
 7933
 7955
 8000
 8002
 8004
 8006
 8008
 8020
 8042
 8045
 8069
 8116
 8120
 8193
 8229
 8263
 8270
 8322
 8332
 8412
 8712
 8750
 8883
 9000
 9002
 9007
 9008
 9019
 9028
 9044
 9045
 9062
 9063
 9156
 9172
 9194
 9198
 9256
 9295
 9334
 9627
 10000
 10003
 10004
 10006
 10023
 10029
 10032
 10072
 10081
 10088
 10132
 10141
 10172
 10180
 10201
 10213
 10214
 10271
 10332
 10345
 10346
 10418
 10476
 10699
 10706
 10707
 10716
 10748
 10782
 10839
 10848
 10870
 10872
 10969
 10992
 11000
 12000
 13000
 14000
 14002
 14003
 14023
 14032
 14080
 14121
 14185
 14215
 14274
 14376
 14440
 14599
 14833
 15000
 16000
 17000
 18000
 19000
 20000
 21000
 22000
 23000
 24000
 25000
 26000
 27000
 28000
 29000
 30000
 31000
 32000
 33000
 34000
 35000
 36000
 37000
 38000
 39000
 40000
 41000
 42000
 43000
 44000
 45000
 46000
 47000
 48000
 49000
 50000
 51000
 52000
 53000
 53008
 53013
 53015
 53030
 53035
 53046
 53198
 53199
 53236
 53257
 53530
 53643
 53684
 53735
 53896
 54000
 54001
 54013
 54015
 54018
 54034
 54054
 54055
 54056
 54076
 54114
 54147
 54170
 54179
 54194
 54212
 54216
 54382
 54460
 54643
 54687
 54754
 54800
 54822
 55000
 55004
 55011
 55017
 55052
 55059
 55075
 55076
 55248
 55296
 56000
 57000
 58000
 59000
 60000
 61000
 62000
 63000
 64000
 65000
 66000
 67000
 68000
 69000
 70000
 71000
 72000
 73000
 74000
 75000
 76000
 77000
 78000
 79000
 80000
 81000
 82000
 83000
 84000
 85000
 86000
 87000
 88000
 89000
 90000
 91000
 92000
 93000
 93009
 93018
 93022
 93024
 93043
 93066
 93088
 93179
 93189
 93193
 93236
 93293
 93417
 93583
 93688
 93779
 93889
 93957
 94000
 94003
 94025
 94026
 94030
 94047
 94059
 94112
 94163
 94166
 94198
 94236
 94511
 94514
 94603
 95000
 95013
 95064
 95093
 95094
 95117
 95167
 95171
 95181
 95372
 95478
 95489
 95576
 95608
 95841
 96000
 96012
 96018
 96042
 96067
 96214
 96271
 96301
 96552
 96725
 97000
 97024
 97040
 97093
 97117
 97163
 97586
 97697
 97968
 97971
 98000
 98051
 98090
 98168
 98212
 98429
 98986
 99000
 99043
 99051
 99067
 99082
 99257
 99375
 99384
 99548
 99852
 100000
 100069
 100073
 100449
 100478
 100790
 100793
 100835
 100970
 101000
 101034
 101115
 101141
 101172
 101285
 101819
 101855
 102000
 102006
 102044
 102852
 103000
 103133
 103213
 103381
 103674
 103720
 103761
 104000
 104026
 104037
 104057
 104248
 104255
 104384
 104962
 104965
 105000
 105031
 105049
 105051
 105069
 105117
 105348
 105615
 105747
 106000
 106005
 106116
 106295
 106318
 106839
 106848
 107000
 107002
 107078
 107107
 107169
 107171
 107271
 107307
 107392
 107510
 107525
 107555
 107788
 108000
 108003
 108011
 108016
 108079
 108089
 109000
 109002
 109065
 109212
 109482
 109638
 110000
 110013
 110022
 110048
 110062
 111000
 111019
 111021
 111023
 111029
 111159
 111263
 111388
 111517
 111531
 111961
 111980
 112000
 112006
 112021
 112028
 112092
 112135
 112257
 112896
 112904
 112979
 113000
 113003
 113004
 113006
 113386
 114000
 114008
 114012
 114666
 115000
 115021
 115034
 115035
 115174
 115243
 115311
 115414
 115671
 115717
 116000
 116013
 116087
 116088
 116221
 116260
 116285
 116315
 116378
 116572
 117000
 118000
 118003
 118004
 118008
 118019
 118022
 118024
 118035
 118098
 118162
 118310
 118429
 118502
 119000
 119013
 119076
 119085
 119134
 119317
 119338
 119371
 119473
 119510
 119652
 119890
 120000
 120014
 120034
 120076
 120252
 121000
 121003
 121066
 121491
 121546
 121607
 121668
 122000
 122012
 122972
 123000
 123047
 123063
 123213
 123273
 123500
 124000
 124082
 124212
 124306
 124363
 125000
 125013
 125069
 125104
 125124
 126000
 126131
 126140
 126206
 126447
 127000
 127047
 127107
 127156
 127167
 127468
 127494
 127521
 127726
 127841
 127872
 128000
 128037
 128317
 129000
 129010
 129065
 129067
 129123
 129273
 129617
 129689
 129767
 130000
 130066
 130079
 130227
 130468
 130517
 130931
 130948
 131000
 131052
 131419
 131621
 131849
 132000
 132002
 132006
 132054
 132404
 132696
 133000
 133001
 133026
 133105
 133279
 133761
 133797
 134000
 134023
 134028
 134043
 134053
 134121
 134204
 134265
 134945
 135000
 135009
 135133
 135140
 135461
 135991
 136000
 137000
 138000
 139000
 140000
 141000
 142000
 143000
 144000
 145000
 146000
 147000
 148000
 149000
 150000
 151000
 152000
 153000
 154000
 155000
 156000
 157000
 158000
 159000
 160000
 161000
 162000
 163000
 164000
 165000
 166000
 167000
 168000
 169000
 170000
 171000
 172000
 173000
 174000
 175000
 176000
 177000
 178000
 179000
 180000
 181000
 182000
 183000
 184000
 185000
 186000
 187000
 188000
 189000
 190000
 191000
 192000
 193000
 193462
 194000
 195000
 196000
 196222
 196779
 197000
 197018
 197401
 197741
 198000
 198002
 198017
 198057
 198138
 198362
 198438
 198642
 198702
 199000
 199002
 199097
 199103
 199218
 200000


# name: optim_start
# type: scalar
853


# name: optim_steps
# type: matrix
# rows: 1
# columns: 201
 21 43 82 160 201 237 266 293 319 340 358 393 394 395 396 410 411 412 413 414 415 416 417 418 419 420 421 422 423 424 425 426 427 428 429 430 431 432 433 434 435 436 437 438 439 440 441 442 443 444 445 446 447 448 464 488 498 499 500 501 502 503 504 505 506 507 508 509 510 511 512 513 514 515 516 517 518 519 520 521 522 523 524 525 526 527 528 529 530 531 532 533 534 535 554 569 584 594 604 611 621 630 638 642 649 658 667 674 687 693 699 704 716 726 731 735 745 755 756 769 781 786 793 796 802 807 812 817 828 831 840 848 853 859 866 875 881 882 883 884 885 886 887 888 889 890 891 892 893 894 895 896 897 898 899 900 901 902 903 904 905 906 907 908 909 910 911 912 913 914 915 916 917 918 919 920 921 922 923 924 925 926 927 928 929 930 931 932 933 934 935 936 937 938 940 941 942 945 949 958 963


# name: VPVP_params
# type: scalar struct
# ndims: 2
 1 1
# length: 8
# name: lambda
# type: scalar
300000000


# name: downsample
# type: scalar
10


# name: MaxIter_X
# type: scalar
200


# name: MaxIter
# type: scalar
50


# name: optTol_X
# type: scalar
1e-06


# name: progTol_X
# type: scalar
1e-10


# name: optTol_aW
# type: scalar
0.0001


# name: progTol_aW
# type: scalar
1e-07




