# Created by Octave 3.8.1, Mon Jan 08 03:33:47 2018 ART <gabrevaya@ws2.labo2>
# name: y_start
# type: matrix
# rows: 10
# columns: 1
 -6.161726512382155e-05
 0.0001033817373778443
 7.313497374676887e-05
 9.039805682491822e-05
 -7.007523023722039e-06
 -1.29277786651176e-05
 -0.0003122974723232088
 6.061060820874125e-05
 -0.000109952027768213
 -9.007640923017394e-05


# name: alphas
# type: cell
# rows: 1
# columns: 3
# name: <cell-element>
# type: matrix
# rows: 10
# columns: 1
 0.7268272458125135
 1.233913802861236
 0.5683277437688579
 0.6680466676589759
 -0.08241817252552003
 0.543173899824328
 4.844237252574917
 1.867911781981105
 2.497864240317118
 2.283099718103609



# name: <cell-element>
# type: matrix
# rows: 10
# columns: 1
 0.7543476170135477
 1.149338873090105
 0.9146582742229586
 0.3226826790896757
 1.328994145907829
 1.00913039670409
 2.750221023667606
 0.6502409895590855
 0.4277818418526189
 0.3130138696822246



# name: <cell-element>
# type: matrix
# rows: 10
# columns: 1
 12.40965450241795
 10.56294245565709
 9.814963564292658
 11.95292097142505
 11.54615257252118
 11.28372535127559
 5.771965964446255
 11.67154716629152
 10.6702074532082
 11.35318341186483





# name: W
# type: matrix
# rows: 10
# columns: 10
 0.7500375567481097 -0.298059127598175 1.921667609017454 -0.2742899048924776 -0.6664676370583681 -0.5955639208129641 -0.5372165241337137 -1.620077103072079 0.00465608596554801 0.1878652746160266
 -0.2328821885814262 -0.0402430407785422 -0.7539710512174117 0.9552865983629861 -0.6884599389623491 1.136702821463681 0.7042800137280505 -0.9063921012190633 0.624527517354356 -1.073859286114491
 -1.292701675088264 -0.24129011735845 -0.4444068253246446 -0.2198070573203561 0.2740666702872269 0.6207185425197614 0.05409228089920999 0.558336416909904 0.8886965805622821 -0.9475241399680052
 -1.468421836073958 -0.9010530210186235 0.9961797555869336 0.4449789232138485 0.2586037650372716 0.544400457527012 -0.629411587521061 -0.3327790083305508 -0.6559135401685329 -1.430473265644949
 0.2765710162287586 0.4510503968644363 0.2845739799164355 -0.1114038583703847 0.1844656160308725 0.6242677131123608 0.767112455056183 -1.075380953413055 0.6145440730815208 -0.3332770047684276
 0.020063236874212 -1.363652275743452 0.3653531095134053 -0.8681848680757726 0.1931077034589075 -0.06039285671390932 -0.3963016476651333 -0.3350052539730356 -0.4568521918820296 0.7528255213535114
 0.4557378308736024 -1.146147035054153 -0.2760634032869809 0.01843317455464073 -0.9882802004049132 0.2213780045096402 -0.9239903605323985 -0.2122784461842743 -0.4330235474002019 1.54602546256696
 -0.1586983353366019 -0.02681357107228971 1.429914499940275 -0.5827842496652599 0.3465348054065076 -0.1597574849797961 -0.00326496505763714 -0.7230757260421116 0.2473355036679291 -0.7501930688459848
 -0.7363122570943652 -0.3132612621072818 0.9919455913499292 -0.217915084938236 0.9704077063576541 1.112386818814903 0.2093606624972546 -0.1893464083420511 -0.8928754004801548 0.5594343129964237
 -0.6070966163128536 0.01045023985066534 -0.9544622868042194 0.6301305996285621 0.1301029774350719 0.01505468428227525 -0.4675859817071411 0.1030248952606659 0.5946259991148269 -0.2639560584937761


# name: iter
# type: scalar
200000


# name: c
# type: matrix
# rows: 1
# columns: 10
 NaN NaN NaN NaN NaN NaN NaN NaN NaN NaN


# name: mean_corr
# type: matrix
# rows: 1762
# columns: 1
 -0.1070146333717225
 -0.07844673658898395
 -0.06585679808512671
 -0.03711410165814361
 0.04759842139732536
 0.06147159216966491
 0.07177363487751715
 0.078076052197741
 0.09095312367571581
 0.09115840394000986
 0.09120461261937626
 0.09078037836734131
 0.09155873678138569
 0.1190365838045115
 0.1271926719191614
 0.1310999239760751
 0.158334231586168
 0.1587365678384012
 0.1605655700233509
 0.1788137223448862
 0.1842367620897372
 0.1853517454355291
 0.1860013817280389
 0.1862929833825395
 0.186321614505383
 0.4435212897340833
 0.438579871738117
 0.4309373542076317
 0.4313496260379758
 0.4278934252793661
 0.4192077777304198
 0.4189324040417411
 0.4077223043470511
 0.4070878213242811
 0.4008546211829309
 0.3703321310379016
 0.3700125522220576
 0.3726314133642497
 0.3674936109397393
 0.3748027976975734
 0.3752703031392377
 0.3747657644117858
 0.3709074177205346
 0.477205882121059
 0.4584213049396726
 0.4257163637410404
 0.4253596778732856
 0.4245011315643207
 0.4236121598244585
 0.4258481640479809
 0.4277170083196655
 0.4252839915910894
 0.4261104328629275
 0.4245724191006879
 0.4226796347457077
 0.4116143206051724
 0.4145542011211224
 0.4128006289504369
 0.4210415682611416
 0.4196577516481786
 0.4094530949209255
 0.4079110846450126
 0.410523034540476
 0.4115262828829568
 0.4111833192879253
 0.4083656306137295
 0.4065555208720323
 0.4069756506861741
 0.4061939433588891
 0.3993182156357244
 0.398080796926484
 0.4018784409514876
 0.403924283228598
 0.408820483205958
 0.4102548835811458
 0.4174086930184235
 0.4153520871870641
 0.4148831564915326
 0.4109060853198989
 0.4125944932799975
 0.4164502046493713
 0.4161486333314486
 0.4145110009523331
 0.4137957954612567
 0.4142121629419017
 0.4159652391401919
 0.4159145243309849
 0.4145268862222974
 0.414261674636046
 0.4154862896402431
 0.415197690985169
 0.4140063125255115
 0.4137123416537348
 0.4152086934850644
 0.4196940243020472
 0.4188181092536209
 0.4201460297297121
 0.4216620330773959
 0.4207229394372186
 0.4202305328756804
 0.4195783260773589
 0.4183001900437114
 0.4153492804959355
 0.4159814988237236
 0.5047941405415722
 0.4495039528480418
 0.4572535980459563
 0.4697390712762676
 0.4776762994264976
 0.4720240219392363
 0.4673372757848819
 0.4826045446799031
 0.4762239523546877
 0.4974619548383382
 0.4871370111709378
 0.4591850451711896
 0.4549830406087579
 0.459076229184647
 0.4476508998063209
 0.4453134605354196
 0.4443095005206061
 0.4423358075146303
 0.4420751967186282
 0.4366662187797077
 0.4471904820458915
 0.4437526978954658
 0.4401618811201594
 0.4422555406898906
 0.4411907706749951
 0.4413344787771448
 0.4417343810948756
 0.4473397128752901
 0.447605666717623
 0.447218102910626
 0.4475888760401345
 0.4465052490942263
 0.4426113596965665
 0.434422677887888
 0.441942799891079
 0.4426870788356029
 0.4405123171639794
 0.440277252100605
 0.4373725136181434
 0.4373421979226459
 0.4372997494801035
 0.4425140560528162
 0.4436273001357495
 0.4448187558174576
 0.4406878738551919
 0.4481678270396346
 0.4513706109419694
 0.4507102086912882
 0.4491793732068226
 0.5114941692883292
 0.4858716971466643
 0.483739797699868
 0.4862419375068536
 0.4867489100274525
 0.4877545364726394
 0.4874469277983116
 0.480481951296346
 0.4781730819704917
 0.4753158330005148
 0.4738768224998468
 0.4713229108241158
 0.4684602474695239
 0.4630716179367552
 0.4690405599794762
 0.4693566656870317
 0.4697873545675025
 0.468928078798638
 0.472374650011832
 0.472647662474351
 0.4712797807186426
 0.4719690545944749
 0.4694151483403241
 0.4712460763256884
 0.469697706430161
 0.4665166185391723
 0.4665425057640154
 0.4660353635343291
 0.4648522255439997
 0.4650141054360707
 0.5083364678181646
 0.5091372557257299
 0.5004780810808721
 0.5014716969966889
 0.4956905699497619
 0.4938920043469208
 0.5010279403964942
 0.4997542870941322
 0.4989425586130604
 0.4878850691543315
 0.4875714016776563
 0.4825086922240825
 0.4576685652290806
 0.4578043045863483
 0.455047218498726
 0.4570841059475881
 0.4559006414243678
 0.4576656960956173
 0.4544347878983547
 0.4568116216714022
 0.4569633511955278
 0.4559706880462405
 0.4577927492876627
 0.457088335615314
 0.4602732993763645
 0.460503184684152
 0.459646721835684
 0.4586143783963021
 0.4573873101387682
 0.4561815772110337
 0.4543129861646207
 0.4503938073396637
 0.4525402324096935
 0.4521643598826728
 0.4520456724154667
 0.4517604187431984
 0.4514530715330713
 0.4499805745117944
 0.4509259589760756
 0.5181132582151596
 0.5142986172013259
 0.4991298898872
 0.4988264857362523
 0.4956417131515908
 0.4995923755229082
 0.4951997607346844
 0.4947070874821381
 0.4955011857140981
 0.4885031304449437
 0.4812541814734341
 0.4846272101943441
 0.483706858970482
 0.4839715707453832
 0.4829395831127026
 0.4824602986968885
 0.4827247043899374
 0.4790541462344512
 0.4775164246175522
 0.4576070326757549
 0.4572868001138099
 0.458262289168842
 0.4546466500000322
 0.4550042170553946
 0.456470636605496
 0.4567669864254881
 0.4556348034859281
 0.4550412718386007
 0.453645615915407
 0.4606022599687895
 0.4585045933003958
 0.459297008232156
 0.4612482994708775
 0.4612795495077918
 0.4614259434217051
 0.4610882012939471
 0.4607919345701541
 0.4605485286332998
 0.4609616507985016
 0.5187849811675422
 0.5063613323981025
 0.5064278411827494
 0.507035350917571
 0.5052926482949659
 0.5047355522806923
 0.5034855815605439
 0.501971177040556
 0.5027902190640117
 0.5025159363831105
 0.4901830130595847
 0.4887469084189467
 0.4814509615912234
 0.4819748953148358
 0.4828137571790799
 0.4794912198467992
 0.4798443574578812
 0.4803212991029971
 0.4839305534708163
 0.4827597131720153
 0.4787040326856015
 0.4817303522780123
 0.481452185224676
 0.4791904706713045
 0.4744110406933039
 0.4775765149703489
 0.4793820610416439
 0.4789253706074382
 0.4738555800704744
 0.4735115652756078
 0.4775016845703747
 0.4769462127845152
 0.4770850748609671
 0.4774503707320024
 0.4776952618669237
 0.4769921409649975
 0.4757548745828902
 0.4762599589956526
 0.5215680379700658
 0.5220180638271911
 0.5019193655914185
 0.4899907116835837
 0.4885956481062905
 0.4882263905427155
 0.4872135138767256
 0.4898352622365468
 0.4883207489965623
 0.4913688027588686
 0.49210843501582
 0.4849783531337188
 0.4863544166479268
 0.4916587563678096
 0.4905320079817983
 0.4852143839583438
 0.4830213540929845
 0.4859813472463596
 0.4848906087304982
 0.4896083810945681
 0.4899212691852021
 0.4885666152777325
 0.4876410944013952
 0.5269811154935986
 0.5275345367213805
 0.5179348910571612
 0.5167094834370302
 0.5129235899270334
 0.5119776406584788
 0.5138212492633489
 0.5160698312596227
 0.5137394351235164
 0.4955999579226763
 0.4955309541840017
 0.497588196385837
 0.4991532746723895
 0.5099852923431956
 0.5123452931593478
 0.5104034922247455
 0.5109494105276313
 0.5115023165267849
 0.5117627818260035
 0.5086582384188947
 0.5081038990388017
 0.5057306046253126
 0.5074993251492661
 0.5055531398060722
 0.5373152972658241
 0.5341053076433118
 0.5293941261066619
 0.5197300986870521
 0.5196889149510903
 0.5099633628320104
 0.5095328010082818
 0.5130956316406088
 0.5109544921237557
 0.5129936626629209
 0.5173494918643773
 0.5175653901088013
 0.5175256922554996
 0.5201116179716406
 0.5205976326825732
 0.5185047600766213
 0.5108173653940696
 0.5110803610856901
 0.5078287244094171
 0.5093301308339171
 0.5088455299882717
 0.511337084847819
 0.5110799185081055
 0.510192857243024
 0.5102124158072898
 0.5097187443898654
 0.508866479718285
 0.5082145105297668
 0.5115860741235667
 0.5114719308504274
 0.509804885698754
 0.5086552682006992
 0.5115886734353751
 0.5632539022838262
 0.5528009119067454
 0.5439318933662645
 0.5390900459814857
 0.5342666362546513
 0.5270628205453403
 0.5266971223908661
 0.5284695879572212
 0.527361661877437
 0.5269980092638006
 0.5275174237700559
 0.5284173560679044
 0.5296992257207913
 0.5327549321849576
 0.532339012808818
 0.5333042813216389
 0.5335836414591947
 0.5358055237884962
 0.5385517583999272
 0.5382773987385201
 0.538795429972424
 0.5390550593405096
 0.5433329720435978
 0.5434569374983902
 0.5438740099055199
 0.551100808614652
 0.5496202509369661
 0.5482705909678277
 0.5865634841622809
 0.5705708950994912
 0.5688452177321565
 0.567991030418764
 0.5692360835720491
 0.5680401167381948
 0.5712996542655997
 0.5476822621221721
 0.5627468735562261
 0.5611996021165903
 0.5630606352759711
 0.5645599911602083
 0.5643443716190018
 0.5677561450191031
 0.5679526562232436
 0.5691716371557674
 0.5676024797900457
 0.5670718143419522
 0.556352032122379
 0.5695247701136361
 0.5685685473550849
 0.5702412506599052
 0.578083815584914
 0.5786859700223372
 0.5797796290720294
 0.5750454131951548
 0.5679656787406854
 0.5648555539595492
 0.564981136856974
 0.5675379473531523
 0.56827810625265
 0.5978857621475739
 0.592850060805961
 0.5814782301740439
 0.5812088559599516
 0.5853851236209234
 0.5844064799199623
 0.5848952921361066
 0.5791690678616594
 0.5795147104416615
 0.5876388695972593
 0.5875113183213332
 0.5897674896403935
 0.590333299328198
 0.587188870788075
 0.5864295487777659
 0.5822154655127143
 0.5832991269520399
 0.5792682965890092
 0.5845214796479774
 0.6041838379380798
 0.6019605613311778
 0.6013110677198859
 0.6007208301863328
 0.6005413374916591
 0.5990395190516786
 0.597739982915769
 0.595235894790587
 0.5901779740047365
 0.5895613174863877
 0.5901646360661388
 0.5879044798585242
 0.586779790202798
 0.5904352311098153
 0.5912997430247542
 0.5907312278925012
 0.6096498268318388
 0.604785283276535
 0.5995597361223554
 0.5987671750996627
 0.5950053374695659
 0.5991656362312417
 0.5999674118595111
 0.6053246399022221
 0.6076963060593245
 0.6074467637371198
 0.6084580371134966
 0.6073182750545658
 0.6040672024821219
 0.6043857663410039
 0.6043240067621666
 0.6045430645723784
 0.6042841071357008
 0.602488941123967
 0.6006899233944584
 0.6014679558879366
 0.600829884025867
 0.5984940608615528
 0.5991739367714624
 0.6155913810952048
 0.5944465206252605
 0.598327929148494
 0.5986819688924013
 0.6045059527061749
 0.6100288191827373
 0.6154235753133773
 0.6112024511543777
 0.6122686215000794
 0.6063998770937766
 0.6029141856070869
 0.6018278813380969
 0.5920711889352697
 0.5847830641814123
 0.5838940434895904
 0.5880187627464952
 0.5822278438897753
 0.5852761010795667
 0.5890527174489373
 0.6178946337023824
 0.6162078526535787
 0.6074912752206655
 0.5976297953086224
 0.5950702314385681
 0.595930477319716
 0.5939698400159894
 0.5980984739203065
 0.598043460988203
 0.6090903926892209
 0.6073733502070409
 0.604424693500121
 0.602001320595007
 0.6070696477220051
 0.6051818482740383
 0.6050807389313595
 NaN
 0.6054534825957983
 0.6018959015129732
 0.600026691644335
 0.599715833807564
 0.593698480643172
 0.591467326988285
 0.5872510732158929
 0.5870490650782806
 0.5803313609066574
 0.5816558295425659
 0.5869702609523546
 0.5909287737355794
 0.5877358154391912
 0.5880509279839353
 0.5798748152916579
 0.5886382889893786
 0.5882094886299558
 0.5832191721443619
 0.5854319748022879
 0.586878400552343
 0.5903044352744884
 0.5963487379102659
 0.5974067339420808
 0.5952062876818844
 0.6028650752452519
 0.6031429254089642
 0.6038777779362523
 0.6052145813911511
 0.5943515326198519
 0.5954863601152361
 0.5949212022514383
 0.5932125659364972
 0.5911689653061829
 0.5918725414771262
 0.5883725031010579
 0.6013152277526539
 0.5981074335700571
 0.5932696410330734
 0.5904270396949864
 0.5849258706366713
 0.5828576477960408
 0.5846465336715294
 0.5878923794265194
 0.5857954414868127
 0.5879361748816594
 0.5790784210423306
 0.5796838329158075
 0.5757097152389632
 0.5766670720989946
 0.5845375817896834
 0.5826268689535651
 0.5803240322941583
 0.5825555270875123
 0.5812299469101763
 0.5892198495200935
 0.5869612326030252
 0.5860640529543163
 0.5923025449981141
 0.5968442647820019
 0.5971990514762566
 0.5986065741922435
 0.5952325062113361
 0.5938245116613307
 0.5951499838206535
 0.6195624989327262
 0.6203429456714253
 0.622158850904668
 0.6212576346304
 0.620084688781157
 0.6148701274962413
 0.6304631673940894
 0.6280662205502237
 0.6285251975598876
 0.6268696091577516
 0.6296577199456289
 0.6254348794216311
 0.62526596867087
 0.6250006873613172
 0.6236766853483303
 0.6220070939590852
 0.6323906330033123
 0.6037795027998262
 0.6050556639591772
 0.6049999871395022
 0.6043802119005102
 0.6293060800756078
 0.6234426003850831
 0.6180508872843694
 0.6273019327375927
 0.6271660464353322
 0.6286395598538124
 0.6392818338371477
 0.640182684598734
 0.6427374081635231
 0.6327914934161167
 0.6262330006830469
 0.6282145654389172
 0.6296942813535219
 0.6311425596585398
 0.6233479377853741
 0.6450141218999967
 0.6450035053344989
 0.6429720664781179
 0.627753304491787
 0.6363922151471602
 0.6201697813396935
 0.6406138267297017
 0.635063182349864
 0.6364441640761246
 0.6317215832246704
 0.6220000129934566
 0.6258504362679262
 0.6296141086250641
 0.6306626381221943
 0.6329389632403721
 0.6237723497514442
 0.6308212426866101
 0.6238447409297415
 0.6503757945365589
 0.6165303183786444
 0.6424101202685735
 0.6437858475364007
 0.6441034119813571
 0.6365912218809474
 0.6405245188723943
 0.6399267432884921
 0.6353096698288923
 0.6411250963682698
 0.6416701278064588
 0.6388427085537183
 0.6388453333814501
 0.6555228266053809
 0.6449820452026594
 0.6436444557146417
 0.6293201438895977
 0.6366793828910537
 0.6335000488899455
 0.6404436236141919
 0.6443204715407232
 0.6434332148820732
 0.6404490438145595
 0.6393530301902279
 0.6394745186840236
 0.6449838704027988
 0.6284749866943183
 0.6453226209421465
 0.649427242069111
 0.6388252931832522
 0.6367683588728872
 0.6627105436103031
 0.6607995890618471
 0.6517993755355874
 0.652715074384147
 0.6516230665483114
 0.650531934558251
 0.643463668501786
 0.647951261387514
 0.6471380806269977
 0.6413679971545926
 0.6447191360855619
 0.6485909872164205
 0.6498801029087869
 0.6369990572288707
 0.6377649805267537
 0.6402628019239363
 0.6420379599229223
 0.6360761794763301
 0.6699492517740776
 0.667509169425901
 0.6560952612912541
 0.6419968977449956
 0.6564154183474535
 0.650117063784439
 0.6527477962803094
 0.655305598569069
 0.6549823819904849
 0.6532577436441251
 0.6501688516829675
 0.6585975007612256
 0.6523897469710771
 0.6475428025466365
 0.6499757160790877
 0.6491038554398703
 0.6581670926777559
 0.6720836891704675
 0.6566216221029488
 0.6424044349942152
 0.641365232853889
 0.6362544067586926
 0.63713727422154
 0.6431718986474479
 0.6469544807063177
 0.6568318275471281
 0.655914528754464
 0.6511277125959969
 0.6485908297210583
 0.6483589435743532
 0.6595469172424775
 0.6594660035107931
 0.6621017492268539
 0.6566288247510251
 0.6599909569026342
 0.6571283637572213
 0.6599033793565515
 0.6576277312838439
 0.6554590017933765
 0.6571209152461255
 0.6581526901135021
 0.6710661056593995
 0.6688979407048621
 0.6646945730262066
 0.662739812412697
 0.6572286325163246
 0.6635310888169693
 0.6673834099123047
 0.6479199403333249
 0.642264655793847
 0.6634083023454078
 0.6581247650446693
 0.6622738697232816
 0.6665443998608829
 0.6648225687054088
 0.6719786434503745
 0.6679060844719691
 0.6697815592916981
 0.6676093477020554
 0.6684494837100428
 0.6705785732246934
 0.6773135997116195
 0.6761628809230651
 0.6692698525232832
 0.6729640176265159
 0.6759164871874226
 0.6706338686228035
 0.6697725322550225
 0.6694982276415813
 0.6693625101821535
 0.6693930874407421
 0.6747035894419806
 0.678914121022238
 0.6751457585518431
 0.6747341821063694
 0.6692257676107747
 0.6687292725989131
 0.6670562111235431
 0.670657417465356
 0.6686388879981511
 0.6733016633125972
 0.6706762247154139
 0.6646648323197473
 0.6744201366005622
 0.6825806535316062
 0.6815915603360978
 0.6769448033041805
 0.6814503354505171
 0.6797461087963697
 0.6775580276645156
 0.6743835245036427
 0.6685419877552764
 0.6686694826489858
 0.6766746215768553
 0.6711938672660713
 0.673384814994521
 0.6734802592892515
 0.6743043908576386
 0.6753543404801344
 0.6659787643683044
 0.6674646110981044
 0.6730435464171591
 0.6743175179906822
 0.668699899728246
 0.6691868880452994
 0.6678953441961861
 0.6694818765253091
 0.6809868250685097
 0.6753835838424684
 0.680229805037082
 0.6773587191869994
 0.6758458104939173
 0.6779732352535551
 0.6722381171661331
 0.6711746212829566
 0.6714139953517401
 0.6730355441085883
 0.6839211260713081
 0.6691949054506182
 0.6769450029146895
 0.6745726056941995
 0.6807335844328819
 0.6798821890133555
 0.680103916973273
 0.6774137455745974
 0.6826750362578755
 0.6822816103649501
 0.678209772427707
 0.6816864300915026
 0.6815243930859363
 0.6837459202375089
 0.6738593982626072
 0.6679986092678405
 0.6768056936216778
 0.6841712014618981
 0.6697071351233792
 0.6710845916649937
 0.6799597793817562
 0.684580096390625
 0.6801234017929062
 0.681747226324245
 0.6784144114962107
 0.6720838691267789
 0.6765159407808536
 0.6759204905443136
 0.6748468871328051
 0.6818498764720563
 0.6603688273625138
 0.6616360083362126
 0.6576949777844949
 0.657700845580784
 0.6644868280976517
 0.6700068999592552
 0.6731471508058586
 0.6718683601006088
 0.6649916310829986
 0.6666488449473778
 0.673287348854449
 0.6851324488624618
 0.6851270182872213
 0.6800561208612443
 0.6782224995257675
 0.6731672656879731
 0.6785831800838542
 0.6736187596246721
 0.6698686588089448
 0.6733941259081179
 0.6676037482846009
 0.6607041552059199
 0.6701215212902251
 0.6676922909925983
 0.666797764637068
 0.6702396314409726
 0.6707009603033857
 0.6636231844642577
 0.6632210697525871
 0.6710764749652827
 0.6670601461066054
 0.6698229559906905
 0.675856592009157
 0.6704922650461789
 0.6735896979702988
 0.6789555756776444
 0.6666609968672259
 0.6650735275911955
 0.6705832964269086
 0.6673018057351399
 0.6709073372403862
 0.6777595709887704
 0.6813709362867021
 0.6775261674253191
 0.6806447208141072
 0.6792718417833249
 0.6732592048644616
 0.6811572824732266
 0.6462143997976556
 0.6563366514549864
 0.6689526098077562
 0.6769910940635477
 0.6747274185640115
 0.6724505031634787
 0.6779522695728557
 0.6791854561750827
 0.6776270138982639
 0.6823797052760926
 0.6835376584351922
 0.678402020785979
 0.6801252624469016
 0.6729453622723456
 0.6711031119231473
 0.6731880354441347
 0.6761109727095695
 0.6773457285312322
 0.6743855316249983
 0.6825027551068307
 0.6811852457288272
 0.676991370922731
 0.6542544517303898
 0.656177229732563
 0.6647833939260981
 0.661061655042476
 0.6712851284662735
 0.6728915742428492
 0.6677479879247594
 0.6697653135181125
 0.6732310396708312
 0.6723199603786549
 0.6734173207556582
 0.6689903388009223
 0.6728467583214226
 0.6783660335710818
 0.6788769463157033
 0.6762001165075696
 0.6734454238751695
 0.6752008232618107
 0.671980623886188
 0.6724407999636385
 0.673211280580532
 0.6461671052119787
 0.6726778569800492
 0.6712142381902912
 0.6774934513513713
 0.6843136171834552
 0.6798615162055558
 0.6815921942478462
 0.6802911864788233
 0.6795761876927191
 0.6790429775041993
 0.6772044557153523
 0.6802338022079634
 0.6693266876306698
 0.6823131223046398
 0.6820744716891459
 0.6839149104630662
 0.6869745644865892
 0.6846042388062371
 0.6826122840406783
 0.673138703772886
 0.6704921480934687
 0.6773885633530218
 0.6824829223886735
 0.6864019315712385
 0.6796607294754924
 0.6800292255822088
 0.6744607179718319
 0.6762174166326521
 0.669294054430196
 0.6827932902232889
 0.6863650075428444
 0.6848585008637854
 0.6765851511175788
 0.6906947851906287
 0.688635090173212
 0.683550077436338
 0.6858487412286289
 0.6760872206637218
 0.6767356817239444
 0.6763257197482381
 0.6763581170861676
 0.6766106652664587
 0.6808406442036705
 0.682173847215779
 0.6833938333756847
 0.6721102260551933
 0.684631975494802
 0.6878741850212761
 0.687903274301761
 0.6814103379221873
 0.6876852691235639
 0.6826734562963092
 0.6793036251415316
 0.6797198755419592
 0.6825245977516732
 0.6756848229589869
 0.6841198711570773
 0.6835179652280496
 0.6858398093050115
 0.6891703329718605
 0.6861246289617617
 0.6832359807574384
 0.6724447064715517
 0.6900525391102854
 0.688037998818693
 0.686362057825027
 0.6877671959382877
 0.6845426566886139
 0.6879923521169451
 0.689214345786002
 0.6889252417071663
 0.6884302979369255
 0.6859466412535592
 0.6909660197952089
 0.6924596967128949
 0.6933689172409552
 0.6933129273788983
 0.6872841875940235
 0.6897224244975717
 0.6899791129078959
 0.6863230538614333
 0.6822229257001841
 0.6980269856297434
 0.7015815462728778
 0.6914867595883181
 0.6944026294030896
 0.693551891174651
 0.6996365307039196
 0.6981344456979781
 0.6847316408474799
 0.6932676052304171
 0.6921453955575857
 0.6890335774339359
 0.6930665081568612
 0.6895616458690845
 0.6931251262504913
 0.691758362522197
 0.6994790280756055
 0.6978088358984379
 0.6996774330210552
 0.6948257267213729
 0.6963326596650119
 0.6908404700260765
 0.6925575794142145
 0.7018198485645069
 0.6985861429548786
 0.7038964191328682
 0.7016496661140041
 0.692157750676395
 0.6926003895742412
 0.6891177890945306
 0.6874012177946434
 0.6965449128275514
 0.6971170490942551
 0.6915061646120388
 0.7040277247742514
 0.7063369459337687
 0.6957949347795342
 0.7045786079662225
 0.7032845245747585
 0.7015002337430923
 0.6996492944791768
 0.6970536868751955
 0.689208602057925
 0.6919517700666893
 0.6901567077810716
 0.690092733689819
 0.6985876124669737
 0.6951765876472117
 0.6814923804135573
 0.6865855484419742
 0.698057830930654
 0.6938735196499446
 0.7014882029338779
 0.7010925367008172
 0.6946150910650706
 0.695215425409649
 0.6989346481254841
 0.7001614324230884
 0.6961746541267979
 0.6962609319922861
 0.6949326433532816
 0.6934268040337596
 0.6931416292950316
 0.6910767329841171
 0.6940648841747469
 0.6979420930569089
 0.6953860744199261
 0.6936133908374151
 0.6990299256652388
 0.6912711652573836
 0.6954027722034771
 0.6976804075371621
 0.6953223036341194
 0.7002937633241521
 0.7005467840576693
 0.6990015373192948
 0.6972077277086848
 0.6937169085302374
 0.6923056701262176
 0.6921223473669504
 0.6918748418684013
 0.6946664729733697
 0.6985817532564367
 0.6915210484488808
 0.6951587166559274
 0.6924743145607843
 0.6924515523039144
 0.6949788274693798
 0.693135737251249
 0.6943830596063971
 0.6943417825359648
 0.6917406074738578
 0.699996679327869
 0.6959855600926453
 0.696961785204513
 0.6999187532771067
 0.6978353401093051
 0.6873160726369132
 0.7017189269898941
 0.7025530341845256
 0.7060994265317773
 0.7078613884965672
 0.708295462610987
 0.7013184128168208
 0.7043773131134496
 0.7064256325250364
 0.7012069278903611
 0.6952031247099897
 0.7043102531185144
 0.7088081385097167
 0.7120983256615878
 0.7133714489919566
 0.7119701812059417
 0.7088197046261294
 0.7095069299567938
 0.7041110021342771
 0.7054753061937444
 0.7060107422565994
 0.7050614048923315
 0.7051104032081584
 0.7051252112395953
 0.6980209990365833
 0.698252094318334
 0.6992488021764147
 0.7009645155245696
 0.6989031965162283
 0.6992274618542912
 0.7090634410100357
 0.7085777560113277
 0.7135585681947052
 0.7113102508397326
 0.7031036718975451
 0.6997712292271695
 0.6938443823473917
 0.700725860201892
 0.7052160846760399
 0.7027752250838041
 0.7107439944938184
 0.7134692676753905
 0.7159559491381046
 0.7160489257869641
 0.709671402109755
 0.699721948746299
 0.7110469910547856
 0.6985670059984098
 0.7058188583975094
 0.6984290427704186
 0.6984196937887653
 0.7078863304995143
 0.7013638040080613
 0.6940355789628546
 0.7145528775555402
 0.7138771110546697
 0.7103653435903673
 0.70585213287588
 0.7063536486945153
 0.7092194105309098
 0.7082015262290074
 0.7079899379025938
 0.7129197195521498
 0.7150425677373743
 0.7199488763672967
 0.7142950887135308
 0.7147163025230121
 0.7148774928250778
 0.7106591957091347
 0.7102546101841927
 0.7109797898331065
 0.7116373160676187
 0.6965710324059854
 0.7022806773966909
 0.7061766163157583
 0.7009225900488139
 0.7127217137355519
 0.7074291855270137
 0.7057735453495122
 0.7035938846263333
 0.6992606748559037
 0.7041117448792614
 0.7068342518515776
 0.7047483586641177
 0.7054147662544268
 0.6973545878619123
 0.7108149037307208
 0.7062276395624268
 0.7112654763358022
 0.7065079323278816
 0.7083674489378045
 0.7099077428502196
 0.7147310084253258
 0.7077386362339309
 0.6987888246979918
 0.7035826099500813
 0.7075221063273434
 0.7033112926572568
 0.7027006272658771
 0.7089885641131256
 0.7084795736684545
 0.7083252334998099
 0.703107853019678
 0.7045401708821533
 0.7076868783864969
 0.708695167714458
 0.7056174451006854
 0.6962011756406543
 0.6944986054273927
 0.6985332002006313
 0.6937955817417304
 0.7065161454626806
 0.7063756177350545
 0.7077856926239783
 0.7077682902254747
 0.7107308364117808
 0.7103395697081545
 0.706934255784112
 0.7084895959767646
 0.7125475585966827
 0.713802588468969
 0.7098292596285593
 0.7103437948440881
 0.7017040045266496
 0.7000740334302029
 0.7076699159936654
 0.7114650485648831
 0.7083846100964732
 0.7039275380429975
 0.7039878521033327
 0.7036991650113408
 0.705843520275075
 0.7039962172303219
 0.7154573263451971
 0.7117367097256567
 0.7015432580090801
 0.7054951470743668
 0.7070495943029516
 0.7052832049942778
 0.7000319298246833
 0.7096905940055793
 0.7002317148929362
 0.6992678299316915
 0.6954301116013517
 0.6953077954356526
 0.6994298237770558
 0.6991925029810345
 0.6949911853096147
 0.7013188734064633
 0.7013106312210817
 0.6995743936187584
 0.7018862448781592
 0.6941728502568838
 0.6977461817751108
 0.7046908298995531
 0.7072461639457983
 0.7058644494207263
 0.708295118710301
 0.7078782689774218
 0.7135642333537622
 0.7128755733196463
 0.6981541122298889
 0.6908277664453177
 0.7000341324613589
 0.7026141154709911
 0.7076863686030374
 0.7061378574766223
 0.7065985065335456
 0.7102910691089649
 0.7065714420144772
 0.7100239587438925
 0.7008385130593175
 0.7066484686339548
 0.7063113834082975
 0.70577188575049
 0.705370723774451
 0.7018146360835423
 0.7122647972981906
 0.7127352546672043
 0.7115919644384451
 0.7094829976649957
 0.6994434330279456
 0.7045226386269043
 0.7041788841438728
 0.7027349102302822
 0.6988855197518238
 0.69954914867677
 0.6995813653496842
 0.6995009452784504
 0.6996671222081737
 0.7033214057783208
 0.7030941825255738
 0.7021975321817353
 0.7058282020518625
 0.7053149523135618
 0.7044597131375909
 0.7041224953246659
 0.7087566815457251
 0.7059689518142441
 0.7046813192868949
 0.696592613623327
 0.6865089433255844
 0.6770297858246572
 0.666669809662537
 0.6700998849309265
 0.6863006422687372
 0.6909872028563389
 0.6802453966283915
 0.6841952713947895
 0.6949259292676762
 0.6985266270627217
 0.6902593736730784
 0.6881253885159309
 0.6833840705353682
 0.6977340440855773
 0.6993011883508977
 0.7002281301109112
 0.701038869158076
 0.7026999751090253
 0.7077148566112592
 0.7067971934475614
 0.7116156838901131
 0.7080608363295788
 0.7013066117730603
 0.7062109269216853
 0.7053870733263076
 0.7067811784845907
 0.7068199018177374
 0.7049679385438078
 0.7027536535877202
 0.7017157328240702
 0.7085666961681313
 0.7038174522807047
 0.7090745029109338
 0.7085872963332893
 0.7044516721642579
 0.7072885858288608
 0.7048549466744456
 0.7013434447234906
 0.695996047670939
 0.6993220199766628
 0.7018254615152978
 0.7003395936027609
 0.7132714701106737
 0.7054080708543579
 0.7097562314037283
 0.6991783671582177
 0.7094409440957298
 0.7069147517802803
 0.7080260761532853
 0.7117996675810231
 0.7183826339357744
 0.7097839297256352
 0.7150591001581303
 0.7101289058515962
 0.7081570306567858
 0.7079001291819361
 0.7157289151601532
 0.7141749502623451
 0.7162728632492974
 0.7060743343649796
 0.7102358234920944
 0.7063090890705748
 0.7132314746499796
 0.7140578610873598
 0.7157857010380794
 0.7149657995773324
 0.7114212198740975
 0.7045191325144129
 0.7176275534011423
 0.7121261308350167
 0.7163705164957385
 0.7181065842526377
 0.7170092425477034
 0.7188367446692004
 0.7170214934771153
 0.7132786757297471
 0.7144647208752686
 0.714471922123636
 0.711070336566749
 0.7176704879997918
 0.7180855328744759
 0.7171375323551947
 0.7159220533856301
 0.7132938061125986
 0.7123974431415587
 0.7123218540211024
 0.708964704202934
 0.717992463434308
 0.719647438219652
 0.7151014805135198
 0.713361598011784
 0.7131808850231707
 0.720371120126894
 0.718907776006777
 0.7146636871247326
 0.7185255189615203
 0.7145759453131942
 0.7191262264527368
 0.7191944664860447
 0.7117067878889016
 0.7110623119142834
 0.717333235287599
 0.719270516684879
 0.7107564892074654
 0.7206371162936906
 0.7221411741501255
 0.7226337511015339
 0.716292628521746
 0.7146014540490059
 0.7082300994687859
 0.7117180301693309
 0.7183177401124157
 0.7132688758972942
 0.713636834639121
 0.713180959978385
 0.7142142116099256
 0.7088803512095702
 0.7245019203439769
 0.7110537202917777
 0.7129354370970648
 0.7142665074010525
 0.7081109767874878
 0.7129171203494536
 0.7228718780697335
 0.7172857620823476
 0.7204046332706618
 0.7201446892115346
 0.7209089492264235
 0.717800395509504
 0.7161202030889309
 0.7109285064425539
 0.718392100264683
 0.7178295538144966
 0.7097851739589858
 0.7151474012331097
 0.713107256167302
 0.7163554162448922
 0.7106762151471931
 0.7184741869498431
 0.7223081421845106
 0.7223346277200384
 0.7064133250263915
 0.7060558557811668
 0.707669833102907
 0.7109472882948297
 0.7120669640328915
 0.7083644514225512
 0.7107059433797263
 0.7205762163137317
 0.7080896442002825
 0.7161452483979003
 0.7177330736160782
 0.7135558908804566
 0.711507534758544
 0.7160213374506817
 0.7176463013514327
 0.7116758909445928
 0.7157887448698138
 0.7154489071185397
 0.7049286858525611
 0.7218996769001285
 0.7128201910856157
 0.7065163919691309
 0.7041758885327617
 0.7067581627969884
 0.7049751779306916
 0.7071242989194404
 0.7069645930005143
 0.7040931589575486
 0.7048833760108734
 0.7174932323531853
 0.7162135140268451
 0.7135216063381735
 0.7128732703877068
 0.7131443284187479
 0.7059958333127846
 0.7025950035863577
 0.704318885115837
 0.7074251397106829
 0.7003791247765634
 0.7025355341737289
 0.7104844009719855
 0.7063045030861824
 0.7058064306094769
 0.7064398812472553
 0.7074326898428693
 0.7171143823132468
 0.7112519137101052
 0.7076583650078564
 0.7117473107763407
 0.6984116916199951
 0.6963255378799958
 0.6975262158922392
 0.697691353223159
 0.7007574555600641
 0.7070122911298495
 0.7058909258418095
 0.7016487042361663
 0.718495051904452
 0.7121020536198507
 0.7083846312654991
 0.7072434496617314
 0.7033519593354092
 0.7084655253422718
 0.7100890669541082
 0.7111088167679493
 0.708963815065624
 0.7195271661852838
 0.7194946149552021
 0.7136999524474391
 0.7117570618199445
 0.7031236796017653
 0.7006478112873198
 0.6941356747745311
 0.6995762453907562
 0.6990716687724657
 0.7097898334088423
 0.7006812754806571
 0.6919840987142842
 0.7137388663336793
 0.7166908195653912
 0.7141657097072602
 0.7138193534727471
 0.7083728721019108
 0.7086998907472996
 0.7106855468615141
 0.7222178238741821
 0.7178548259689428
 0.7080558500280937
 0.7109923058088397
 0.7056080774902377
 0.7015372653546652
 0.6973861791838408
 0.7050199239766346
 0.7031490396206506
 0.7027366223018074
 0.7023382274912734
 0.7213279189087081
 0.7219214667952896
 0.7172256592064602
 0.7168082980566102
 0.711681628854507
 0.7137805862009181
 0.7086233526987068
 0.7218722397262302
 0.7230729129692959
 0.7207071528847043
 0.7210128346393568
 0.7077611008069493
 0.7113912881830955
 0.7160380130627516
 0.7156268011560251
 0.7167475790882101
 0.7145417972204059
 0.7119311249128859
 0.7205288916462167
 0.7212497681411942
 0.7207963667004434
 0.7139828030093289
 0.7124460244204252
 0.711730334119525
 0.7087865761998489
 0.7119894297557967
 0.7100781557395111
 0.7074253382722783
 0.72243342427083
 0.7203655753780557
 0.7102358692082192
 0.7154604233195043
 0.7132348670176103
 0.7132033439685966
 0.7085119399177463
 0.7099093618480948
 0.7236043053936879
 0.7160540906953364
 0.7098357492543097
 0.7063416280406271
 0.7140649218364064
 0.7087210932160636
 0.7217158021826297
 0.7161312163720246
 0.7100529593251731
 0.7085689256895599
 0.7134921137340835
 0.7158928105082838
 0.71641580512054
 0.7088581021898547
 0.7226036463205261
 0.7134727299164577
 0.7137761597097099
 0.7139065272366627
 0.717264768606317
 0.7172423801954866
 0.7124241166129263
 0.7168776673380122
 0.7148052300595741
 0.7168976482479732
 0.7182379205391471
 0.7071008913914449
 0.7043061414675932
 0.7069015209459841
 0.7026870681407988
 0.7032407304086161
 0.7002060012715969
 0.7035328605630519
 0.716629344538672
 0.7149631103528206
 0.7136760473650179
 0.7103515816654109
 0.7088377012132607
 0.7097435631608197
 0.7107533627919901
 0.7207217868218451
 0.7081748822700823
 0.715241100300825
 0.7062315340333092
 0.7203117856941741
 0.7175816487629525
 0.7152559047317024
 0.7227119941399089
 0.7222097980378599
 0.7201357435034227
 0.7120266173446378
 0.715418072565227
 0.7193480726632175
 0.7165986763669745
 0.708978162198083
 0.7105600297400392
 0.721624235639887
 0.7211986177343912
 0.7076162026963466
 0.7084165441381376
 0.7128136559151338
 0.713526987998403
 0.7231543769480443
 0.708730689337745
 0.717478081994251
 0.7188509926217824
 0.708258886121274
 0.7254655301937686
 0.7253506132930179
 0.7087313302911149
 0.7002717836180108
 0.7150928379475545
 0.7124110461588242
 0.712492317883034
 0.7134881666805553
 0.7163818197209478
 0.7143570491997686
 0.7251361470763875
 0.7226815031822251
 0.7240368875376864
 0.7139598304549244
 0.7163829817977707
 0.7157724672388303
 0.7150547392068159
 0.7167150602174666
 0.7277409951927083
 0.7264339326082466
 0.7132674180470308
 0.7168934581733901
 0.7168021862387306
 0.7256354716670583
 0.7158741407815963
 0.7108981241818004
 0.7148618355038887
 0.7120473361408635
 0.7230035496553145
 0.719760617800714
 0.7173260139603579
 0.714454382391244
 0.7233915771872131
 0.7180736663556357
 0.7016034240922859
 0.7022228364525904
 0.7196948543758027
 0.7182167418182034
 0.7154097441419804
 0.7158101523150152
 0.7206915057274969
 0.7041023143481475
 0.7028788594947863
 0.7021041805611704
 0.7111566515126539
 0.7178232224242087
 0.7151731383998705
 0.7048723933083039
 0.7075185008475708
 0.7220962912565646
 NaN
 NaN
 NaN
 NaN
 NaN
 NaN
 NaN
 NaN
 NaN
 NaN
 NaN
 NaN
 NaN
 NaN
 NaN
 NaN
 NaN
 NaN
 NaN
 NaN
 NaN
 NaN
 NaN
 NaN
 NaN
 NaN
 NaN
 NaN
 NaN
 NaN
 NaN
 NaN
 NaN
 NaN
 NaN
 NaN
 NaN
 NaN
 NaN
 NaN
 NaN
 NaN
 NaN
 NaN
 NaN
 NaN
 NaN
 NaN
 NaN
 NaN
 NaN
 NaN
 NaN
 NaN
 NaN
 NaN
 NaN


# name: mean_error
# type: matrix
# rows: 1762
# columns: 1
 1.474965354840036
 1.461876204204114
 1.458033684968276
 1.440729831538067
 1.399550322671319
 1.37663128256633
 1.358982960929592
 1.356913325005505
 1.351036797510691
 1.351463077296185
 1.351210245367113
 1.344589785518363
 1.343602241474499
 1.344218610976728
 1.33615134044621
 1.331157540071172
 1.307159357894826
 1.305395033961729
 1.312608231510113
 1.301195070672724
 1.288269499611054
 1.290556105380477
 1.290497628117848
 1.289147136912068
 1.28923423724656
 1.245121003190965
 1.23856906855022
 1.227866777964377
 1.233737150462684
 1.224554270230825
 1.224135970821536
 1.225354309401491
 1.228190718355662
 1.227201825744934
 1.232575011037715
 1.248925649087266
 1.250614437203811
 1.245985996493934
 1.250482604622774
 1.241609415021994
 1.253677928415803
 1.253407295204264
 1.252406073445304
 1.24527471657319
 1.248073866587979
 1.252847960674098
 1.249832638439281
 1.244775799732944
 1.246534417719368
 1.248192491557934
 1.247629056908988
 1.256771561215857
 1.259872627956901
 1.245222491770374
 1.243883145264374
 1.25190265808906
 1.252144918320717
 1.251335454121556
 1.253544237653221
 1.247915447815476
 1.248016751261082
 1.247888097057287
 1.247380997429678
 1.247982404862066
 1.245952240926159
 1.242376155453645
 1.239655328593176
 1.237529430531141
 1.236057820258993
 1.232109014095182
 1.219525120345635
 1.221678677169387
 1.211159378352094
 1.210457629675857
 1.205930724473637
 1.199832645469271
 1.201508426398134
 1.201455974996804
 1.209265655132704
 1.21255746687692
 1.207552304005847
 1.206963782178019
 1.214493236520764
 1.214881808384579
 1.227260211363508
 1.237128161140623
 1.23463575733259
 1.24205464380654
 1.238744292688591
 1.239375687039561
 1.219290014883655
 1.2214388207912
 1.221721907591245
 1.209105326496548
 1.212783425383374
 1.206697787963042
 1.199690566245461
 1.196250917103988
 1.192636614566235
 1.192007678409111
 1.191283921859939
 1.188911976414045
 1.192270641694417
 1.188785360241569
 1.201780900885071
 1.208513195189679
 1.208327272072993
 1.2022079041336
 1.201357940437289
 1.202711007471134
 1.190608950616165
 1.199691235339935
 1.203472002101006
 1.185362067954455
 1.19002555034577
 1.214237372306479
 1.211698526322036
 1.214536267699442
 1.251793517330664
 1.249658991061957
 1.250954645503572
 1.252748815390865
 1.254255003190343
 1.247861584149704
 1.245761523212985
 1.247316888205659
 1.250907757650982
 1.260266469283691
 1.256399682126268
 1.256061095179762
 1.251764315521184
 1.242731586070396
 1.247175339636603
 1.250110659311706
 1.245682444866023
 1.247612987795764
 1.257553532663923
 1.252881622782516
 1.211402266873542
 1.209242180452216
 1.214786722006896
 1.214416037584233
 1.218688759150657
 1.220174359631954
 1.221779561344745
 1.218136741831616
 1.217927536533091
 1.204922296202761
 1.217040068201864
 1.208972123669791
 1.207194898852206
 1.205051365965504
 1.210711718627242
 1.202936739531084
 1.200221739133491
 1.200189307606246
 1.212507737747189
 1.212178576539564
 1.214254783327264
 1.214846045775846
 1.21597632624544
 1.211136226661022
 1.204215482551806
 1.204726786393282
 1.203736804487905
 1.203182430152427
 1.203788333199195
 1.2124407327263
 1.210372647040742
 1.21075656886527
 1.206892473540025
 1.205700680381315
 1.211853897856423
 1.215196133920779
 1.211034215792578
 1.208577316310596
 1.196860333124003
 1.187612434824187
 1.188113075213798
 1.19158041322552
 1.194142023662997
 1.184625670058776
 1.186861196210131
 1.186963373047564
 1.187742368618281
 1.209298936518552
 1.202003823146922
 1.203277305478375
 1.203433247260099
 1.204410916749402
 1.198896690999041
 1.198535046611081
 1.192480371356372
 1.195957374732217
 1.200166665050002
 1.218670841162105
 1.219226987164585
 1.237608964476518
 1.239374736597604
 1.239996305706055
 1.244157267540987
 1.243634439132416
 1.239341797696779
 1.239845308830693
 1.238473858900095
 1.238969779682528
 1.243790342087868
 1.241533356875709
 1.241191094025376
 1.239801972764925
 1.244612587952663
 1.252011313407094
 1.248382914023403
 1.24913910144636
 1.250866550829738
 1.252210245552289
 1.252585649744308
 1.24090180428896
 1.242089322319881
 1.244779358562661
 1.245773799558197
 1.246324017784595
 1.194094469074212
 1.188320148788273
 1.188833397591649
 1.186915217131972
 1.182481435627143
 1.177853819792934
 1.190416022329596
 1.191919839217697
 1.190821726401654
 1.192834299396507
 1.196868763231965
 1.194962161158909
 1.189158819606821
 1.185650321088343
 1.187963836205375
 1.188638623501221
 1.187932147905007
 1.193200149099422
 1.189497903322754
 1.212011995879452
 1.214388493860707
 1.226882868740398
 1.234455499536001
 1.22979008051043
 1.228670769172167
 1.226695176238653
 1.224147710728823
 1.225579737481761
 1.22715472511044
 1.221535091817086
 1.217749327246778
 1.218861149376628
 1.216716424324284
 1.214290511227557
 1.214726081673776
 1.21545123801995
 1.216298468433518
 1.218421937978723
 1.218151699553106
 1.193122471642673
 1.182414672220101
 1.177762619184685
 1.178952129976743
 1.179606235187488
 1.179273144769368
 1.177741514707557
 1.179858582390673
 1.173174840830454
 1.171805595991897
 1.178617515884484
 1.190414875059455
 1.190272242059573
 1.190732814047108
 1.193021780705407
 1.196116041059916
 1.198781517207542
 1.200374406699047
 1.194622985602208
 1.197338150687161
 1.194795844570659
 1.192821540454701
 1.191062051469315
 1.193871375174649
 1.199812374982256
 1.198232049360631
 1.205844307977677
 1.209520857244075
 1.213411209851528
 1.218227569662915
 1.222220276111164
 1.222375766321165
 1.226524986045206
 1.227416838718975
 1.226992791342838
 1.227106612916751
 1.226215345640956
 1.22261308758522
 1.1914013371046
 1.191184990596317
 1.177610699379576
 1.186542368526567
 1.18493347650621
 1.185883261227791
 1.198609641278602
 1.201246148818879
 1.203024575963225
 1.200617826298169
 1.205337975547603
 1.220984201986362
 1.218630748816025
 1.206646252221473
 1.211728843404918
 1.211827640353367
 1.215888338502815
 1.217849492248239
 1.221880066071307
 1.229892753589249
 1.231095024029623
 1.226961217333826
 1.22580713663476
 1.197012046323771
 1.197724341619567
 1.214950127845893
 1.212304701127035
 1.208425755537248
 1.205719987684601
 1.210037350125848
 1.206326376513131
 1.207180824609375
 1.217166715321238
 1.217552105849867
 1.214064070253236
 1.2143404452459
 1.213570075216503
 1.207861094207406
 1.208460504301625
 1.2056283431383
 1.20045412982985
 1.196225507640355
 1.203001875212349
 1.203915323983596
 1.205128429765865
 1.204780677298094
 1.202442770339657
 1.204353609951344
 1.201950955241332
 1.202319313924625
 1.183212390724985
 1.182556473390872
 1.18986460575539
 1.190357098282677
 1.188645360575618
 1.189499656927179
 1.189405637353528
 1.189455930302873
 1.193567542542806
 1.197785301861145
 1.194214302978852
 1.19460069722069
 1.19796672179537
 1.202880201093063
 1.199593573531579
 1.201731519189815
 1.19985821667776
 1.198400375108315
 1.20649260942968
 1.208419631451839
 1.207297156205048
 1.206052932687853
 1.208256104347988
 1.208734272797895
 1.209349213927522
 1.208491629537284
 1.209845640777055
 1.212005444507188
 1.213000564814206
 1.208369334000212
 1.204447675760236
 1.195397753530866
 1.191304024877355
 1.195916470539293
 1.192425221565438
 1.194505540199937
 1.188431752977117
 1.188494946559287
 1.188409133116623
 1.187498084681699
 1.188760843277403
 1.18921272371601
 1.19070448355994
 1.194836479661185
 1.196329909987207
 1.194191288702642
 1.194626872209978
 1.193892874447979
 1.194970873306857
 1.19384972699018
 1.194819881753068
 1.190848915677623
 1.189915400981369
 1.189889033097645
 1.190128582642869
 1.202025602312587
 1.201903910413677
 1.202284098452288
 1.168334608695708
 1.171381137787593
 1.172333482164976
 1.164078063929098
 1.164102456941468
 1.166825108748743
 1.163559795131911
 1.175330950602963
 1.173001410462736
 1.171550701015488
 1.175359243893159
 1.175367037554982
 1.174219047522862
 1.169735246136266
 1.16872134885184
 1.169472921722447
 1.170385505399806
 1.171834947828421
 1.173628592818134
 1.173257570978716
 1.175774946658304
 1.17571197694435
 1.16913301456566
 1.166828517179426
 1.165423767743524
 1.168689842095716
 1.172731944793342
 1.175552366757197
 1.175697056613727
 1.175510583311504
 1.174764836198399
 1.165243680211523
 1.165760915473603
 1.170682871362892
 1.168571406395458
 1.168665152069097
 1.170911144085734
 1.168936090547344
 1.16948411768935
 1.169414759753395
 1.168692886783929
 1.168689798261764
 1.167911724149411
 1.169375770979809
 1.168027261616109
 1.168206216571792
 1.16869025428103
 1.166977471712443
 1.167477953227916
 1.167198233160595
 1.156142721528549
 1.156310141155157
 1.151263287383371
 1.148628238631022
 1.149974385301126
 1.146789718497196
 1.144404999104679
 1.149279785805385
 1.150380906026136
 1.148529437845512
 1.144123643871397
 1.14396881156228
 1.144063841916151
 1.144372747151095
 1.143849681841964
 1.144582187082108
 1.149893570275528
 1.140425495898273
 1.144478390762644
 1.143830440005344
 1.143518359063798
 1.144027669488809
 1.143804886900642
 1.14288911439151
 1.141811010781057
 1.136002143970507
 1.135313563771281
 1.139878041140583
 1.1448050883521
 1.143618429280701
 1.14297076559795
 1.144473674375536
 1.144707671355997
 1.14589270542456
 1.150047713606221
 1.147834284034787
 1.148111859640102
 1.149678480418338
 1.149333038021819
 1.1427241230225
 1.155674347285426
 1.147182416984212
 1.14957990423299
 1.139413839852721
 1.13351281526336
 1.136942808478279
 1.134606738405343
 1.139445930100288
 1.137456093615103
 1.142262774911319
 1.149610812789484
 1.151994383810144
 1.152878685964084
 1.15161295863926
 1.151429211000557
 1.152858961390678
 1.140528892634558
 1.132356696161922
 1.133899022401519
 1.131857931303695
 1.13379516807563
 1.132431727647366
 1.130634668831705
 1.135081813844774
 1.132816035257901
 1.133563118862254
 1.134990815774833
 1.13146612361311
 1.129304263509412
 1.127528559333421
 1.12929113326891
 1.136289738880564
 1.130497681732789
 1.135990895358649
 NaN
 1.139870938885306
 1.140611417150486
 1.147783039829422
 1.147414611044218
 1.139713563339438
 1.143623714336822
 1.148088914546505
 1.153505991450037
 1.148931087755545
 1.149208824214665
 1.157469560035268
 1.142763454160658
 1.129319258094817
 1.129629633554125
 1.142626235891555
 1.137725650831943
 1.143345673708012
 1.142931486451449
 1.146076441930308
 1.143757854010149
 1.14011815371267
 1.131740148630062
 1.128301643900012
 1.130997531274627
 1.128258786631328
 1.134857271784523
 1.12747973143127
 1.12479857842151
 1.141750945895537
 1.132167513733648
 1.132227696832504
 1.132988544596038
 1.137353351221983
 1.14183669036141
 1.14587124899644
 1.137295406059868
 1.140762454819825
 1.14271735310623
 1.140908381295863
 1.145519380506813
 1.142292724460228
 1.143999094655597
 1.135816588081216
 1.134403931988082
 1.137621759767046
 1.146806324067258
 1.149631052107143
 1.152198986727719
 1.161198274781363
 1.15935749183498
 1.153266169023589
 1.148976489841427
 1.143253275438646
 1.144801874830418
 1.145431551756589
 1.143102355910754
 1.144298548064292
 1.14430662390444
 1.154473500420085
 1.146269794052444
 1.149837573793205
 1.15279328482964
 1.150397657789449
 1.149791471667375
 1.127895920060442
 1.121968351183714
 1.130209652699018
 1.125914748729929
 1.128265988626693
 1.131784115064497
 1.115380218734296
 1.113940859816694
 1.111388405983527
 1.11319442562582
 1.119357011603873
 1.130032246306006
 1.13695166500461
 1.133109870139511
 1.134108082872425
 1.128832632145538
 1.113370637222047
 1.136147286001848
 1.142900549313329
 1.142599388989697
 1.139514408067531
 1.114991397639169
 1.115122308364703
 1.119126803954013
 1.122803092019355
 1.119511075414942
 1.125208893351808
 1.103965742312669
 1.097186846049001
 1.101650391479634
 1.105219309566955
 1.106406368526
 1.104615322752583
 1.096902979734312
 1.094890804636368
 1.101109214165465
 1.092429106667685
 1.096561671914415
 1.095860468757522
 1.128726867738506
 1.112263647205657
 1.133778745591319
 1.113246483935724
 1.102512169395164
 1.102472745856649
 1.115778572215885
 1.111317352464235
 1.098660240321949
 1.092275719395809
 1.096314564576735
 1.107492079593997
 1.097611759142689
 1.109039237282454
 1.09397160362749
 1.089318144053786
 1.097562202945373
 1.089897342403477
 1.087318887586728
 1.089544033109663
 1.082395026325391
 1.084406500525425
 1.089988034800039
 1.087561244164085
 1.080713565317865
 1.087048952908236
 1.090918979479815
 1.087376651343168
 1.075597474236069
 1.058311549228913
 1.063469473188468
 1.078295569319562
 1.064192037023954
 1.067801316133073
 1.065343764444855
 1.07116904250732
 1.072994461228497
 1.076208802791427
 1.068497816278871
 1.067080181020556
 1.074410069199083
 1.085408783198972
 1.077042955958535
 1.068359499949771
 1.063936919279526
 1.077490337800883
 1.065996327949212
 1.069335623130857
 1.071180655550076
 1.072855390214113
 1.070206762100097
 1.061893796210693
 1.076958637608854
 1.067618013533431
 1.075259660443107
 1.083886609950635
 1.088249512578071
 1.088090612105904
 1.086465855970283
 1.087903221703952
 1.083704431063025
 1.084360419612658
 1.077919748356585
 1.084298822355657
 1.068429828886488
 1.056776856947749
 1.062154153969235
 1.06624447258818
 1.066249563794115
 1.077005090276451
 1.077089798129548
 1.073484013666161
 1.077081367753045
 1.078238322037376
 1.080321940389076
 1.088037928600369
 1.07952248318338
 1.072213913224459
 1.069714685431928
 1.073561772022225
 1.07118935995713
 1.054026259564259
 1.054233459569343
 1.059138032354779
 1.058914898351764
 1.0605664979926
 1.057054103829574
 1.054143100084274
 1.05509712509446
 1.059870927193078
 1.063093587595154
 1.053886758155425
 1.047718806866465
 1.047013263680687
 1.040845157143248
 1.050863512820345
 1.055340078673409
 1.054421637816652
 1.060690195418086
 1.061447006753109
 1.059012898539656
 1.067541344431398
 1.067039413517662
 1.063419389640263
 1.063484850957394
 1.049445280058149
 1.051243700647329
 1.04287029598252
 1.049952092717297
 1.047639862436162
 1.044293292930922
 1.058551972988035
 1.047258692190148
 1.050897462785287
 1.047288613416392
 1.048119067352187
 1.046494360045726
 1.050103699924286
 1.042278130953927
 1.043666681407271
 1.04069750684012
 1.046131264836341
 1.051488551502233
 1.055242484031117
 1.051369076183821
 1.033353705552973
 1.041564970581724
 1.041884148448994
 1.041561248825388
 1.043235724038123
 1.044601009338745
 1.04593209275585
 1.043464806998559
 1.04409969480307
 1.042226073258246
 1.050038366561458
 1.038462995340484
 1.041473305070473
 1.045349392917239
 1.046649103409781
 1.057541141572104
 1.066339737703045
 1.056848184822703
 1.064409290017941
 1.059083882783824
 1.062460331951452
 1.06086936129554
 1.05536045259711
 1.057390534630866
 1.053709245486983
 1.065924372795048
 1.051079205742319
 1.052098324489589
 1.055677078183147
 1.052469461326593
 1.051147770357131
 1.057773121041797
 1.049991945324734
 1.059966684294109
 1.039906250368939
 1.04850419531399
 1.045362668255995
 1.049725624409935
 1.059860910612759
 1.050557786454606
 1.045816123234784
 1.048676779383244
 1.045828387870668
 1.050063584239979
 1.050971132388874
 1.04758362189261
 1.043483513826216
 1.0500246084547
 1.044079303104366
 1.044447671627078
 1.046193955200506
 1.038363893747486
 1.049959475866484
 1.05600629025261
 1.053326769491606
 1.053723635780727
 1.032209890147494
 1.051023166114766
 1.039075442292651
 1.04489193519176
 1.043140789306933
 1.04282410458171
 1.041493386204927
 1.039689240442319
 1.033485333101033
 1.039390385911123
 1.035182159436209
 1.036735805270392
 1.030348262022704
 1.031017765927481
 1.034354218355918
 1.034654059361419
 1.043540214217427
 1.030411594697192
 1.04526068894268
 1.047827737459172
 1.042605375422234
 1.033688025184128
 1.038891626068556
 1.034503504478716
 1.038261604985918
 1.035600317150501
 1.030472944100871
 1.033642111001043
 1.03091417542457
 1.031048153841084
 1.025502466400353
 1.024748431761933
 1.026193345244762
 1.022276455624329
 1.031533023963358
 1.027734262370423
 1.02565709861816
 1.028395572545011
 1.028967532941086
 1.021605210830766
 1.020849353478583
 1.021363572194558
 1.016452502847646
 1.018545408488309
 1.016088965492377
 1.022381306481643
 1.032842529691037
 1.028600577340957
 1.035612939147335
 1.024687589999585
 1.050057569243926
 1.053136260443787
 1.016358398825146
 1.024253725085
 1.010734932333136
 1.019652482017876
 1.018994478382611
 1.04348514333536
 1.023823088156787
 1.028457381162879
 1.033904841690139
 1.025909238515651
 1.02816062588955
 1.03257357969376
 1.024686014767014
 1.033407778396692
 1.028070542707852
 1.030027663634083
 1.029074948280396
 1.027850017407984
 1.017813499148649
 1.035827985631252
 1.016678581986509
 1.016785855419777
 1.016189910524684
 1.013447432525142
 1.048361052982274
 1.026151691560148
 1.050496957221594
 1.050151314067835
 1.02211247470496
 1.022822736867546
 1.022001236769151
 1.022059442834718
 1.020708184342112
 1.020487736445718
 1.039201865187014
 1.028069755741281
 1.023540734065152
 1.018898717083794
 1.02907322654703
 1.023356011430169
 1.01845331493836
 1.021908384260489
 1.018233729881644
 1.019075896803809
 1.040196109880947
 1.022048241492446
 1.024396100846956
 1.027537675405719
 1.037758006727594
 1.037535863629888
 1.022941090726425
 1.028207022893079
 1.028508951440714
 1.017303829055854
 1.021179462638577
 1.012149436126735
 1.01307728991421
 1.007216915178683
 1.015108271872229
 1.029717129153765
 1.024251484474149
 1.006895552614006
 1.00296435840661
 0.9992694245246947
 1.006270194179038
 1.007923777473905
 1.007614976416856
 1.00510582469629
 1.003701001011178
 1.043816535141539
 1.018689602484302
 1.019819283937265
 1.008128058959142
 0.99804486294969
 1.003130613925447
 1.000949598700818
 1.009912543640709
 1.005071882618679
 1.0017043475542
 1.010983583004386
 1.008781743561223
 1.030123795332016
 1.01427175088348
 1.001588004505745
 0.9995296492155129
 1.00928301056817
 1.005989185964332
 1.01692296494474
 1.029198432640791
 1.016505784840584
 1.009274668402897
 1.004407862294127
 1.002991775939499
 0.9988488687398978
 1.001988484208622
 1.006344210606054
 1.008319624453538
 1.003267726056601
 1.00317724297674
 1.002939546981361
 1.003757464002045
 1.021407469003436
 0.9996140981509802
 0.9943248654410131
 0.9977589506523122
 0.9977192415533456
 0.9975677037902508
 0.9993136421272043
 0.9980566979232522
 0.9956745237028087
 0.9871831476611794
 0.9906122494299392
 0.9913688326725854
 0.9923985683425963
 1.022695929595303
 1.002712616813932
 0.9983017218819411
 1.009508784784659
 1.014804940959993
 1.009366987633625
 1.011915591194618
 1.014168378244215
 1.009322837100824
 1.008728533129452
 1.000762545529227
 1.002620352776017
 1.001676356532798
 1.000333885329161
 1.003196199845895
 1.005124249027466
 1.008468751399707
 1.023379095163715
 1.017170012041065
 1.012355595262638
 1.002487228804622
 1.002822697998175
 1.001776523543002
 1.009897247175714
 0.9945171455524495
 0.9959362411081022
 0.9958086096055421
 1.008241933525784
 1.000985450847224
 1.012683041772654
 1.006500286289487
 1.004759498380889
 0.9999442614538324
 1.003322829732988
 1.000989400786177
 1.005869754703096
 1.008249591014087
 1.011575034161911
 1.002760206396549
 1.004392196972201
 1.007131308283269
 1.008905905695968
 1.002469203619828
 1.005742108823203
 1.033403465530001
 1.010473894772785
 1.000589746891543
 1.00682596013989
 0.9996860336382187
 1.006175167520315
 1.005841108181456
 1.004446102140754
 1.016964918753034
 1.00355535525144
 0.9988061807305044
 1.005647484642531
 1.005534639455499
 1.007774608404157
 1.006258522672938
 1.009581479019798
 1.009265118747475
 1.006839525897523
 0.9937177837037252
 1.006136177366804
 1.004700492409786
 0.9958259666875708
 0.9952124317020902
 0.9944584832493476
 0.9954464605419959
 1.000787202030902
 1.001001170913833
 0.9897503175921832
 0.9983217999706353
 0.9931209280876014
 0.9879326986102667
 0.9940352927826662
 0.9940198804378755
 0.9885584458077739
 0.9944445806005522
 1.000929484853818
 1.00115294976343
 0.9957249985282969
 1.005094794524302
 1.007988036838119
 1.01933975082724
 0.9959367761264483
 0.995490555360575
 1.003494250751693
 0.9997785528469814
 0.999964943151
 1.007124641870839
 1.009322510729623
 0.9923322325772505
 0.9931176766244679
 0.996967033384155
 0.9983679970450741
 0.9971987606951405
 0.9923629107790262
 0.9953252285148582
 0.9947782308479812
 0.9996570653074415
 1.00569144893893
 1.000090820960708
 0.9994911542800986
 0.9976618772363299
 1.001214040103231
 0.9916930730148152
 0.9874839378792253
 0.9906545919722733
 1.004493356870226
 1.002966461271767
 0.9951389220270382
 0.9917777699394936
 0.9961865688988505
 0.993420867898316
 0.996171050964876
 0.9991105452780408
 0.9981472844491412
 1.000766104146899
 0.9991550089715192
 0.9952183098596301
 0.987765944429529
 0.9856349391688279
 0.9937806239547538
 0.9891578674865731
 0.9926495637969573
 1.012459211821417
 1.002330198547967
 0.9887279610997508
 0.9995896311857375
 0.998613716694386
 0.9846436503262759
 0.9941015863649646
 1.016652565086809
 0.9967769393193849
 0.9952719590576748
 0.9909755808993562
 0.9874156509667138
 0.9887358477668157
 0.9923130534890335
 0.9844194808277864
 0.9861231707106315
 0.9930133565080654
 0.9924791087185424
 0.9799084409768263
 0.9866864520988943
 0.9828205443641173
 0.977614475990387
 0.9896934583665529
 0.9938139980799235
 0.9907097124749864
 0.9934383897712922
 0.9921667923631793
 0.9938439586269265
 0.994656237926643
 0.9897528538585709
 0.9892476280010344
 1.004211506491889
 1.000280769336599
 0.9932380794328033
 0.992347410606621
 1.001104761024667
 0.9970240300103589
 0.9870035911370924
 0.9779589906692016
 0.9716670769526115
 0.9765751688915504
 0.9802719594277709
 0.9798399687874182
 1.000661200013627
 0.9858772360598443
 0.9846296478250004
 0.9816825865751992
 0.9862187034739029
 0.9832374800516062
 0.9770720341356747
 0.9771506069971773
 0.9703587029975755
 0.9838036766559259
 0.9826896546411378
 0.9852717812086077
 0.9739409316709067
 0.9798867750808909
 0.9927152985957356
 0.980472985279869
 0.9904408093655693
 0.9952689118351739
 0.9796687367557899
 0.9757491946314284
 0.9900885625777003
 0.9902058963432527
 0.9978754918088898
 0.9818960056240755
 0.9859200875982012
 0.9904655985880921
 0.9816042676716903
 0.9845156158010828
 0.9700310590730261
 0.9870129861208449
 0.9789003947286995
 0.9804105445170297
 0.984646655581906
 0.9857333427060103
 0.9877335023615468
 0.9884634645293744
 1.000993152835451
 0.9937081305240609
 0.988469656802263
 0.9966827681579475
 0.9849286790504189
 0.9897186911476755
 0.9961650907230142
 0.9933846447962003
 0.9945560666390101
 0.9889024875851623
 0.9874180630917255
 0.9882216783954663
 0.9908836658916844
 0.9995060591950432
 0.9833175506822173
 0.9887388264837931
 0.988316554988468
 0.9949048783988733
 0.9908149316463251
 0.9883241677260483
 0.9812453518899911
 0.9915046831317852
 0.9945063048626344
 0.9880600274246586
 0.9898335206865582
 0.9868974308068118
 0.9764981872377444
 0.9777503410105176
 0.9801880290166276
 0.9807407934428287
 0.9802104586187538
 0.9882989907518083
 0.9782252679924606
 0.9682898507017297
 0.9738248945082593
 0.9844503824421077
 0.9792661692716743
 0.9756907017597604
 0.9787160902608006
 0.9826325057915218
 0.9838690347649136
 0.9788571958324248
 0.9778894953500663
 0.9812716298067222
 0.9783147580025933
 0.9864007547358092
 0.9858931058941514
 0.984322992551664
 0.9806232996065904
 0.9800560162260823
 0.9886346889761756
 0.9919000502944048
 0.9919728524438105
 0.9811158863451359
 0.9708069925602787
 0.9635269198925362
 0.9818080734764818
 0.9940275229908865
 0.9928118640048795
 0.9908658175426271
 0.9996560841066101
 0.9823516362635882
 0.9780569243560227
 0.9925100933286288
 0.9910530933128895
 0.9846045622181387
 1.001248161451828
 0.9969697234287755
 0.9870565660706812
 0.9894670951873173
 0.9907938017882586
 1.004751638018729
 0.9984888444567421
 0.9974380254272658
 0.9948139100229285
 1.002008316966111
 0.9909490473305238
 0.9946050211113965
 0.986895041378995
 1.001126711493844
 0.9972707498217532
 0.9875092192790168
 0.983681063498605
 0.981529811368748
 0.9931632396752091
 0.9777815212648123
 0.9805489362965316
 0.9762869098934492
 0.9788270401598858
 0.979512160746198
 0.9835106701655117
 0.9811642888201899
 0.9855490825704614
 0.9869639824434856
 0.9856615820025372
 0.9852614219356637
 0.9798366973936868
 0.9828387030174452
 0.9822990612495103
 0.9828637266223137
 0.9898113814944743
 0.9878151525579739
 0.9810811611398315
 0.9874305038175388
 0.9886714221538784
 0.9755028909045356
 0.9693464543817608
 0.9719573123517671
 0.9779983037826703
 0.9924785510117602
 0.9863359670569523
 0.9859495861534493
 0.9889710316446199
 0.9895587521451137
 0.9822165777487868
 0.9799750913075727
 0.9778477537963708
 0.9748821337806083
 0.9746824660089812
 0.9791315270606047
 0.9838331007576538
 0.985038417208165
 0.9773350289104699
 0.9858755194326925
 0.9863023704137606
 0.9726514476505195
 0.9762165376773885
 0.9714537743748146
 0.9902656123033484
 0.9963116149671565
 0.9921997073311012
 1.01940459164277
 1.014686340212498
 0.9810531620668282
 0.979465774855114
 0.9897053523996414
 1.000210462600115
 0.9903913502420292
 0.9912244322058292
 1.003592073937862
 0.9879800678672899
 0.9834524109809936
 0.9829770353338901
 1.001258235005938
 0.9962536688848427
 0.9846421020160632
 0.9850373664437418
 0.9830051010188233
 0.9780198197646645
 0.9821846867959728
 0.9734910170494793
 0.9714966982551472
 0.9823228619143334
 0.9695101127636487
 0.9679935839468419
 0.9659390785103327
 0.9720450562220732
 0.9777901946587273
 0.9805371731145989
 0.9764824384524189
 0.9820680212956716
 0.9824153627339902
 0.9818937067901075
 0.9736227207514506
 0.9771669043086961
 0.9811032269458396
 0.9722975013694265
 0.9759101864807977
 0.9688275170322983
 0.9682882061384571
 0.9678142440208314
 0.9750486038594891
 0.9759442325293073
 0.9717476059441987
 0.9793110334776497
 0.9732081492364131
 0.9695563532415943
 0.9647493605759632
 0.9736553823709049
 0.9582922987126674
 0.9600991122802414
 0.9575557856690244
 0.9631127112204366
 0.9578308178874346
 0.9643390113831172
 0.9660795333775912
 0.9617130535079831
 0.9628910523290622
 0.9542288058993421
 0.9572957782407672
 0.9608988405940482
 0.95933076434178
 0.9534799781691676
 0.9506874149549336
 0.9628454794677372
 0.9698081583663992
 0.9663905452200086
 0.9581438808249538
 0.970396359202806
 0.9579754570710606
 0.9571138861773942
 0.9677928914023266
 0.9584468567460485
 0.9670514762257654
 0.9709183895653931
 0.9742603246609314
 0.9670318792393152
 0.972435384606913
 0.9680301018846407
 0.9663915709793152
 0.9675346020261587
 0.9675518537420121
 0.9644426408811265
 0.9632973486899274
 0.965291518128913
 0.9706448703196549
 0.9655815394950716
 0.9576728015520708
 0.964033381697754
 0.9629469529311659
 0.9653740998778984
 0.9632485765847203
 0.9618025423544591
 0.9690857742970749
 0.9651081662072734
 0.9691987941842359
 0.9674431369552128
 0.9582786455580594
 0.9658895437407876
 0.9632813809487721
 0.9690645817867665
 0.9690908650876937
 0.9745874620753062
 0.9622115870213127
 0.9645448057841415
 0.9678117719280077
 0.9689362581816312
 0.962658392224682
 0.974567445884343
 0.9683150434020316
 0.9692461211439414
 0.9721405159294797
 0.9685789541596982
 0.9722103564649173
 0.975202474564467
 0.9745075362159664
 0.9608952059017138
 0.9800947222531935
 0.9715928256249218
 0.9797378870381557
 0.9820847079457117
 0.9750029236412796
 0.9601200467960627
 0.9657083958905984
 0.968545646045009
 0.9630801169505079
 0.9646209401246175
 0.9719756497648587
 0.9733880032790969
 0.9814058988243233
 0.9744866133242359
 0.9734724323651143
 0.9859467007670805
 0.9729652049022434
 0.9728335184848191
 0.9689759310634385
 0.9743673836309856
 0.968170929033397
 0.96478831287654
 0.9556852732969672
 0.9730770682827199
 0.9767166685894308
 0.9738122225801895
 0.9738511546019211
 0.9671008169766191
 0.9727640345440131
 0.9731227526678298
 0.9717003936285945
 0.9894188859722034
 0.972363568382608
 0.9701087409683218
 0.9741282805652458
 0.973170424573814
 0.9683649619028973
 0.9641518804963178
 0.968723252771901
 0.9612204864031406
 0.9588396265446631
 0.9665433386521064
 0.9575097801934884
 0.9645201054957333
 0.9741726100772088
 0.964278168809456
 0.9709433936109807
 0.9665783432687128
 0.9712719371585825
 0.9767242637737938
 0.9778177297475807
 0.9780147458959059
 0.9679106421425494
 0.9591285937708781
 0.9656573411356636
 0.9610513419374062
 0.9597048039992785
 0.9755776164923506
 0.980096555762706
 0.9759328595686864
 0.970401012817811
 0.9716206894906538
 0.9714813906217238
 0.9568885140351734
 0.9681049094270098
 0.9671078153345265
 0.968537698253025
 0.9689627063060652
 0.967943513088613
 0.9772206028694501
 0.977925353706353
 0.9701423995722791
 0.9696310645640009
 0.9756027509538467
 0.9600085799691476
 0.9618177723342773
 0.9612181189979753
 0.9613819469046161
 0.9655757712943999
 0.9649985915867413
 0.9571459550963585
 0.9600074220209132
 0.9715001777231894
 0.965185270587139
 0.9783171929554901
 0.9738186130341061
 0.974843696539002
 0.9736262473220227
 0.9508850984103929
 0.9546059030792723
 0.9497542410384489
 0.9655650655145978
 0.9601086156421307
 0.9615532089507072
 0.9625277978647446
 0.9722317130281007
 0.9801868353347224
 0.9723988517875671
 0.963225512943709
 0.9709178458273383
 0.9785608732808171
 0.9615367366650635
 0.9620222297780877
 0.9624371815935016
 0.9636351398530569
 0.9656179822363787
 0.95770740743314
 0.9591584832231979
 0.948766197948902
 0.9545009900988957
 0.9737598639098849
 0.9602292708114131
 0.9692390356432682
 0.9728650762044111
 0.9710959677556883
 0.9664750665969271
 0.9677032337833242
 0.9682609411199371
 0.9711046316501145
 0.9555331304223407
 0.9564808659274309
 0.9599082154888443
 0.9609703607336838
 0.962499549668675
 0.9661155427700931
 0.9710499740601731
 0.9518233602716719
 0.9515605644105678
 0.9557475659430382
 0.9506625141467847
 0.9710205236462711
 0.9678751324234038
 0.9647643315275538
 0.9616149626879326
 0.9647749819895018
 0.9638375537866282
 0.969300424067724
 0.9629270290386789
 0.9605089138467815
 0.9593327126999733
 0.9618514215043137
 0.9704950552959104
 0.9704381605260716
 0.9653909062754236
 0.9569357803941652
 0.9643475442646926
 0.9674365606717779
 0.9493433814920017
 0.9626694687070984
 0.973163096035068
 0.9665242834253469
 0.9664321029847696
 0.9670456960664202
 0.9740857213318067
 0.9671134592572651
 0.9583676983614067
 0.966935419640888
 0.9754968754161931
 0.9751202533149417
 0.961566135883157
 0.9626505268560395
 0.9539374187645301
 0.9610894066527533
 0.9653424658367783
 0.9657723932682062
 0.9518408446024728
 0.9483275296220501
 0.9483460438746624
 0.957406742900656
 0.9504226989556503
 0.9619205243783242
 0.9599817382495758
 0.9602011901734461
 0.9514639347030075
 0.9598327916816167
 0.9659217111570426
 0.9623515820289009
 0.970442361196128
 0.962156988385761
 0.9639968916632119
 0.9581371381552307
 0.9552716698513704
 0.9521925992724283
 0.9549626299768142
 0.9549736309239456
 0.9596375369337015
 0.9570194505624462
 0.9413912023393909
 0.9515628904483151
 0.9493691062679368
 0.9536217846792141
 0.9486252601497185
 0.9578490324413661
 0.9524841710252719
 0.9534657784751662
 0.9592207085222958
 0.957854412987734
 0.9721177609463736
 0.9501640568773475
 0.952312787576083
 0.965517634369862
 0.9466983975201947
 0.9486975760304934
 0.9445080859995795
 0.9530597225935822
 0.9523905300752429
 0.9508967647217048
 0.9521864576700901
 0.9700143590962551
 0.9658659620150349
 0.9467760055830835
 0.9513215485558835
 0.9762961869854017
 0.9719773705006094
 0.9562045137578892
 0.9527766084665723
 0.9510981172942954
 0.9681372897827885
 0.9536118327574055
 0.9519188976677796
 0.9683482796456193
 0.9508299628250005
 0.9534510308504049
 0.9741893513671434
 0.9854081842388551
 0.9618325681134845
 0.9531986654123621
 0.9567508571715116
 0.9545108061091376
 0.9597160441530921
 0.9623336909005127
 0.9557442583182481
 0.9542494582581551
 0.9453590262461434
 0.9575461764623583
 0.9540496475526306
 0.9490785112551313
 0.9445510396349353
 0.9508200697224366
 0.9491758067767446
 0.9467701653230909
 0.9573336160273144
 0.9487891033169668
 0.9437290043634998
 0.9466680607441218
 0.957425526760684
 0.9767257069178313
 0.9651613391123446
 0.9533093293541144
 0.9488063312658669
 0.9489204488610519
 0.9536757178402206
 0.9509716457391072
 0.9454198414261926
 0.9385092447201442
 0.9612785883049989
 0.9524668172025038
 0.9511446379053281
 0.9492964025506667
 0.9517966591392047
 0.9472004180129634
 0.9509803183220562
 0.9771500425015704
 0.9670195400218976
 0.9731686142645166
 0.9681519184397029
 0.9545845059444359
 0.9492899569551962
 0.9712874020137443
 0.9586276898994853
 0.949734688556968
 NaN
 NaN
 NaN
 NaN
 NaN
 NaN
 NaN
 NaN
 NaN
 NaN
 NaN
 NaN
 NaN
 NaN
 NaN
 NaN
 NaN
 NaN
 NaN
 NaN
 NaN
 NaN
 NaN
 NaN
 NaN
 NaN
 NaN
 NaN
 NaN
 NaN
 NaN
 NaN
 NaN
 NaN
 NaN
 NaN
 NaN
 NaN
 NaN
 NaN
 NaN
 NaN
 NaN
 NaN
 NaN
 NaN
 NaN
 NaN
 NaN
 NaN
 NaN
 NaN
 NaN
 NaN
 NaN
 NaN
 NaN


# name: iter_improve
# type: matrix
# rows: 1762
# columns: 1
 1
 4
 29
 59
 62
 77
 78
 82
 109
 206
 347
 354
 405
 454
 461
 467
 471
 493
 494
 501
 592
 660
 678
 717
 788
 867
 877
 882
 888
 896
 905
 908
 910
 914
 918
 923
 936
 938
 954
 957
 963
 969
 981
 1000
 1001
 1008
 1013
 1015
 1017
 1020
 1030
 1031
 1039
 1041
 1042
 1047
 1061
 1078
 1086
 1089
 1090
 1098
 1110
 1139
 1148
 1165
 1189
 1192
 1196
 1212
 1226
 1230
 1264
 1389
 1390
 1423
 1433
 1460
 1464
 1502
 1507
 1539
 1549
 1597
 1603
 1619
 1662
 1682
 1769
 1784
 1790
 1848
 1879
 1902
 1908
 1934
 1938
 1941
 1962
 1974
 1979
 1990
 1995
 2000
 2000
 2002
 2007
 2008
 2012
 2018
 2020
 2021
 2022
 2023
 2031
 2034
 2039
 2041
 2050
 2056
 2068
 2071
 2132
 2193
 2198
 2205
 2209
 2216
 2259
 2273
 2282
 2300
 2308
 2319
 2344
 2346
 2352
 2362
 2377
 2393
 2408
 2435
 2437
 2446
 2527
 2554
 2730
 2750
 2769
 2793
 2831
 2864
 2995
 3000
 3002
 3006
 3016
 3020
 3022
 3034
 3037
 3040
 3046
 3051
 3060
 3092
 3134
 3144
 3219
 3281
 3284
 3310
 3423
 3430
 3582
 3584
 3800
 3801
 3810
 3878
 3881
 3893
 3947
 4000
 4007
 4014
 4023
 4026
 4027
 4031
 4034
 4042
 4044
 4053
 4076
 4082
 4084
 4085
 4098
 4104
 4111
 4121
 4124
 4155
 4166
 4180
 4204
 4207
 4292
 4355
 4390
 4399
 4466
 4467
 4492
 4531
 4533
 4666
 4676
 4827
 4885
 4965
 5000
 5002
 5016
 5019
 5020
 5025
 5030
 5038
 5056
 5071
 5076
 5133
 5140
 5142
 5148
 5152
 5166
 5181
 5209
 5221
 5229
 5234
 5245
 5247
 5283
 5305
 5378
 5430
 5440
 5486
 5500
 5522
 5527
 5533
 5534
 5539
 5561
 5776
 5808
 6000
 6001
 6004
 6005
 6011
 6012
 6013
 6024
 6029
 6032
 6041
 6047
 6051
 6054
 6056
 6061
 6072
 6097
 6103
 6105
 6112
 6125
 6130
 6132
 6140
 6180
 6189
 6197
 6215
 6222
 6247
 6495
 6588
 6621
 6657
 6788
 6870
 6951
 7000
 7001
 7004
 7010
 7016
 7028
 7032
 7036
 7051
 7064
 7072
 7080
 7082
 7083
 7090
 7095
 7109
 7194
 7229
 7425
 7608
 7761
 7797
 8000
 8001
 8008
 8011
 8013
 8014
 8019
 8023
 8027
 8045
 8064
 8141
 8150
 8151
 8229
 8267
 8287
 8318
 8450
 8487
 8568
 8657
 8793
 8883
 9000
 9003
 9007
 9010
 9016
 9018
 9019
 9023
 9024
 9026
 9033
 9048
 9075
 9086
 9140
 9163
 9166
 9170
 9187
 9260
 9270
 9381
 9413
 9423
 9448
 9562
 9652
 9656
 9840
 9883
 9908
 9913
 9988
 10000
 10010
 10011
 10014
 10037
 10060
 10065
 10079
 10092
 10111
 10125
 10222
 10352
 10368
 10406
 10437
 10470
 10500
 10534
 10583
 10655
 10714
 10759
 10774
 10782
 10836
 10891
 10917
 11000
 11004
 11006
 11018
 11019
 11022
 11023
 11035
 11038
 11048
 11077
 11084
 11136
 11142
 11145
 11163
 11186
 11187
 11190
 11214
 11224
 11240
 11260
 11289
 11339
 11397
 11460
 11534
 11568
 11834
 11895
 12000
 12001
 12012
 12034
 12082
 12100
 12118
 12154
 12206
 12300
 12666
 12729
 12808
 12813
 12821
 12830
 12849
 12974
 12995
 13000
 13007
 13013
 13015
 13016
 13025
 13026
 13092
 13280
 13364
 13548
 13727
 13747
 13774
 13898
 13951
 14000
 14005
 14009
 14022
 14026
 14061
 14065
 14073
 14084
 14088
 14108
 14110
 14129
 14141
 14179
 14182
 14217
 14220
 14222
 14589
 14623
 14724
 14754
 15000
 15005
 15008
 15011
 15018
 15046
 15052
 15059
 15085
 15160
 15223
 15321
 15325
 15437
 15459
 15681
 15806
 15813
 15867
 16000
 16002
 16010
 16024
 16042
 16066
 16128
 16132
 16176
 16293
 16308
 16346
 16474
 16541
 16609
 16778
 17000
 18000
 18001
 18003
 18005
 18034
 18048
 18083
 18084
 18087
 18092
 18172
 18179
 18187
 18215
 18227
 18252
 18277
 18304
 18305
 18357
 18375
 18400
 18425
 18461
 18503
 18506
 18539
 18551
 18594
 18612
 18645
 18704
 19000
 19006
 19011
 19130
 19141
 19179
 19191
 19446
 19562
 20000
 20016
 20102
 20219
 20419
 20556
 20592
 20661
 20664
 20686
 20728
 20932
 21000
 21008
 21010
 21147
 21220
 21301
 21478
 21686
 21732
 21805
 21954
 22000
 22004
 22032
 22040
 22109
 22481
 23000
 23004
 23013
 23045
 23062
 23077
 23081
 23351
 23397
 23516
 24000
 24017
 24052
 24076
 24177
 24741
 24753
 24766
 24776
 24781
 24962
 25000
 25010
 25014
 25016
 25084
 25190
 25263
 25348
 25523
 26000
 26003
 26012
 26021
 26055
 26060
 26072
 26081
 26089
 26107
 26112
 26242
 26270
 26344
 26525
 26733
 26772
 26775
 27000
 27005
 27007
 27008
 27029
 27037
 27148
 27175
 27203
 27205
 27309
 27347
 27446
 28000
 28004
 28013
 28028
 28037
 28039
 28047
 28103
 28188
 28205
 28216
 28283
 28357
 28402
 28492
 28519
 28571
 28643
 29000
 29023
 29024
 29025
 29035
 29041
 29060
 29064
 29067
 29081
 29108
 29194
 29353
 29375
 29461
 29476
 29824
 29860
 30000
 30003
 30007
 30035
 30038
 30047
 30080
 30203
 30211
 30281
 30434
 30567
 30695
 30778
 30782
 30792
 30823
 31000
 31010
 31034
 31040
 31044
 31083
 31119
 31156
 31163
 31180
 31181
 31187
 31188
 31199
 31202
 31204
 31254
 31333
 31386
 31447
 31454
 31571
 31755
 31785
 32000
 32004
 32008
 32018
 32045
 32052
 33000
 33010
 33018
 33052
 33093
 33143
 33147
 33160
 33204
 33231
 33257
 33350
 33641
 34000
 34003
 34196
 34201
 34308
 34318
 34341
 34364
 34393
 34403
 34461
 35000
 35004
 35045
 35053
 35072
 35128
 35129
 35256
 35358
 35532
 35601
 35912
 36000
 36010
 36038
 36083
 36105
 36164
 36271
 36645
 36646
 36782
 37000
 37009
 37015
 37031
 37039
 37097
 37145
 37218
 37220
 37283
 37318
 37338
 37385
 37685
 38000
 38005
 38012
 38030
 38036
 38480
 38486
 38539
 38558
 38886
 39000
 39033
 39239
 39331
 39404
 39459
 39535
 39814
 40000
 40035
 40079
 40112
 40115
 40119
 40911
 40965
 41000
 41001
 41005
 41041
 41043
 41143
 41170
 41184
 41404
 41428
 41451
 41500
 41539
 42000
 42032
 42189
 42221
 42241
 42301
 42332
 42335
 42359
 42441
 42843
 42859
 43000
 43008
 43063
 43654
 43940
 44000
 44011
 44013
 44202
 45000
 45010
 45017
 45020
 45048
 45054
 45141
 45147
 45312
 45451
 45527
 45895
 46000
 46001
 46030
 46184
 46511
 46573
 46689
 46744
 46912
 47000
 47043
 47111
 47422
 47743
 48000
 48003
 48017
 48027
 48040
 48115
 48154
 48170
 48274
 48379
 49000
 49007
 49047
 49185
 49187
 49198
 49213
 49261
 49894
 49990
 50000
 50002
 50004
 50049
 50058
 50105
 50111
 50117
 50143
 50435
 50572
 50662
 50692
 50738
 50854
 51000
 51003
 51004
 51007
 51072
 51101
 51117
 51199
 51263
 51303
 52000
 52001
 52023
 52088
 52095
 52128
 52163
 52174
 52207
 52277
 52409
 52468
 53000
 53008
 53016
 53182
 53522
 53668
 53908
 54000
 54006
 54007
 54010
 54031
 54259
 54368
 54772
 54794
 54825
 54858
 54878
 54892
 55000
 55017
 55036
 55041
 55082
 55127
 55181
 55357
 55608
 55632
 55856
 55888
 55941
 56000
 56001
 56003
 56009
 56018
 56038
 56045
 56084
 56101
 56197
 56201
 56286
 56304
 56316
 56319
 56447
 56467
 57000
 57013
 57083
 57086
 57114
 57236
 57263
 57274
 57305
 57352
 57575
 57935
 58000
 58008
 58027
 58030
 58036
 58235
 58258
 58540
 59000
 59007
 59025
 59056
 59201
 59226
 59724
 60000
 60005
 60008
 60098
 60113
 60131
 60139
 60354
 61000
 61002
 61028
 61057
 61144
 61268
 61584
 62000
 62002
 62055
 62056
 62061
 62132
 62150
 62178
 62257
 62750
 62774
 63000
 63009
 63019
 63064
 63067
 63305
 63346
 63370
 63536
 63832
 63890
 63958
 64000
 64001
 64005
 64007
 64016
 64019
 64038
 64039
 64089
 64123
 64186
 64268
 64408
 64431
 64444
 64557
 64627
 64648
 64973
 65000
 65011
 65087
 65099
 65164
 65228
 65354
 65423
 66000
 66001
 66043
 66067
 66084
 66152
 66304
 66638
 66728
 67000
 67001
 67027
 67039
 67067
 67136
 67150
 67313
 68000
 68023
 68035
 68038
 68084
 68088
 68120
 68482
 69000
 69001
 69065
 69102
 69131
 69175
 69184
 69525
 69545
 69852
 69983
 70000
 70009
 70052
 70102
 70155
 70257
 70526
 70910
 70953
 71000
 71014
 71036
 71039
 71087
 71218
 71410
 71481
 71569
 72000
 72005
 72009
 72045
 72126
 72189
 72245
 72312
 72552
 72604
 73000
 73012
 73049
 73135
 73293
 73423
 74000
 74004
 74008
 74043
 74081
 74115
 74131
 74322
 75000
 75006
 75019
 75023
 75031
 75477
 75656
 75839
 75925
 76000
 76048
 76115
 76329
 76468
 76520
 76588
 77000
 77009
 77086
 77092
 77319
 77839
 78000
 78009
 78015
 78085
 78133
 78185
 78192
 78231
 78307
 78379
 79000
 79057
 79192
 79201
 79696
 80000
 80003
 80008
 80258
 80509
 81000
 81087
 81091
 81108
 81204
 81226
 81971
 82000
 82033
 82068
 82141
 82255
 82328
 82375
 82564
 83000
 83104
 83284
 83406
 83551
 83759
 84000
 84021
 84029
 84070
 84127
 84139
 84864
 85000
 85003
 85057
 85062
 85079
 85121
 85235
 85423
 86000
 86017
 86082
 86473
 86499
 86773
 87000
 87003
 87007
 87019
 87040
 87101
 87215
 87262
 87395
 87428
 87680
 87772
 87888
 88000
 88008
 88025
 88151
 88169
 89000
 89046
 89049
 89087
 89134
 89140
 89298
 89377
 90000
 90003
 90008
 90178
 90333
 90345
 90631
 90935
 91000
 91006
 91683
 92000
 92006
 92011
 92054
 92056
 92192
 92295
 92353
 92713
 92878
 93000
 93001
 93109
 93142
 93162
 93529
 93550
 94000
 94003
 94004
 94051
 94074
 94263
 94484
 94931
 95000
 95007
 95009
 95016
 95041
 95048
 95067
 95072
 95073
 95109
 95110
 95125
 95191
 95215
 96000
 96019
 96022
 96054
 96059
 96101
 96217
 96239
 96282
 96358
 96376
 96417
 96437
 96454
 96665
 96773
 96830
 96963
 96994
 97000
 97005
 97021
 97039
 97048
 97235
 97412
 97451
 97613
 97705
 98000
 98005
 98051
 98186
 98390
 98447
 98781
 99000
 99009
 99092
 99147
 99151
 99379
 99631
 100000
 100007
 100009
 100175
 100255
 100334
 101000
 101001
 101189
 102000
 102004
 102005
 102009
 102047
 102055
 102234
 103000
 103026
 103069
 103253
 103423
 103479
 103995
 104000
 104027
 104128
 104202
 104272
 104333
 104419
 104519
 105000
 105023
 105064
 105162
 105284
 106000
 106150
 106366
 106491
 106550
 107000
 107037
 107072
 107334
 107555
 108000
 108042
 108061
 108222
 109000
 109045
 109569
 109676
 109781
 109783
 109797
 109798
 109818
 109834
 109873
 110000
 110056
 110176
 110269
 110768
 110829
 111000
 111036
 111063
 111128
 111362
 111761
 111822
 111871
 112000
 112001
 112057
 112093
 112402
 112743
 112917
 113000
 113013
 113022
 113034
 113038
 113224
 113235
 113350
 113454
 113665
 114000
 114008
 114096
 114110
 114133
 114158
 114159
 114165
 114314
 114581
 114826
 114872
 115000
 115007
 115016
 115034
 115149
 115288
 115427
 115452
 115462
 115962
 116000
 116008
 116042
 116083
 116141
 116183
 116302
 116314
 116324
 116361
 116372
 116403
 116437
 116465
 116651
 116891
 117000
 117023
 117045
 117059
 117064
 117070
 117129
 117157
 117414
 117449
 117731
 117823
 118000
 118007
 118012
 118123
 118132
 118212
 118263
 118431
 118787
 119000
 119004
 119026
 119051
 119067
 119076
 119081
 119097
 119492
 119692
 119822
 119919
 120000
 120037
 120040
 120115
 120118
 120154
 120237
 121000
 121005
 121096
 121112
 121172
 121248
 121302
 121403
 121701
 121786
 121873
 122000
 122003
 122007
 122157
 122269
 122364
 122368
 123000
 123024
 123046
 123152
 123179
 123213
 123236
 123299
 123399
 123417
 123478
 124000
 124002
 124006
 124041
 124421
 124627
 124795
 124829
 124885
 124895
 125000
 125049
 125063
 125128
 125151
 125524
 125800
 125921
 126000
 126056
 126168
 126426
 126560
 126606
 127000
 127033
 127257
 127427
 127447
 127491
 127509
 127519
 128000
 128023
 128080
 128111
 128244
 128267
 128304
 129000
 129012
 129034
 129046
 129118
 129209
 129526
 129613
 129636
 129685
 129935
 130000
 130056
 130256
 130297
 130394
 130537
 130905
 131000
 131005
 131016
 131042
 131803
 131922
 131946
 132000
 132042
 132096
 132186
 132225
 132230
 132358
 132558
 132650
 133000
 133008
 133096
 133201
 133574
 133891
 134000
 134066
 134213
 134469
 134748
 135000
 135049
 135065
 135093
 135128
 135265
 135282
 135289
 135628
 135890
 136000
 136005
 136018
 136038
 136103
 136175
 136419
 136536
 137000
 137001
 137431
 137554
 137917
 138000
 138002
 138222
 138328
 138414
 139000
 139005
 139014
 139070
 140000
 140039
 140110
 140821
 141000
 141065
 141089
 141193
 142000
 142038
 142054
 142231
 142233
 142403
 142510
 142536
 142634
 142918
 143000
 144000
 145000
 146000
 147000
 148000
 149000
 150000
 151000
 152000
 153000
 154000
 155000
 156000
 157000
 158000
 159000
 160000
 161000
 162000
 163000
 164000
 165000
 166000
 167000
 168000
 169000
 170000
 171000
 172000
 173000
 174000
 175000
 176000
 177000
 178000
 179000
 180000
 181000
 182000
 183000
 184000
 185000
 186000
 187000
 188000
 189000
 190000
 191000
 192000
 193000
 194000
 195000
 196000
 197000
 198000
 199000


# name: optim_start
# type: scalar
867


# name: optim_steps
# type: matrix
# rows: 1
# columns: 200
 26 44 105 154 184 223 262 300 323 347 380 408 439 458 474 497 516 532 533 565 574 586 597 603 613 624 633 651 664 682 700 717 741 747 760 771 783 793 807 817 825 833 846 858 863 867 879 888 893 903 913 928 938 950 957 970 983 1000 1012 1020 1027 1035 1042 1053 1065 1084 1092 1101 1109 1117 1128 1137 1146 1156 1162 1170 1179 1186 1192 1202 1207 1212 1219 1227 1233 1240 1248 1254 1267 1272 1280 1288 1291 1301 1308 1316 1330 1349 1359 1366 1373 1379 1382 1389 1396 1404 1409 1414 1419 1423 1434 1440 1448 1455 1465 1477 1487 1503 1515 1524 1536 1543 1554 1561 1572 1582 1590 1596 1604 1611 1622 1629 1636 1645 1651 1656 1666 1674 1679 1684 1688 1692 1696 1706 1707 1708 1709 1710 1711 1712 1713 1714 1715 1716 1717 1718 1719 1720 1721 1722 1723 1724 1725 1726 1727 1728 1729 1730 1731 1732 1733 1734 1735 1736 1737 1738 1739 1740 1741 1742 1743 1744 1745 1746 1747 1748 1749 1750 1751 1752 1753 1754 1755 1756 1757 1758 1759 1760 1761 1762


# name: VPVP_params
# type: scalar struct
# ndims: 2
 1 1
# length: 8
# name: lambda
# type: scalar
300000000


# name: downsample
# type: scalar
10


# name: MaxIter_X
# type: scalar
200


# name: MaxIter
# type: scalar
50


# name: optTol_X
# type: scalar
1e-06


# name: progTol_X
# type: scalar
1e-10


# name: optTol_aW
# type: scalar
0.0001


# name: progTol_aW
# type: scalar
1e-07




