# Created by Octave 3.8.1, Wed Nov 29 22:21:06 2017 ART <gabrevaya@ws14.labo1>
# name: y_start
# type: matrix
# rows: 15
# columns: 1
 0.1421572928662447
 1.378302909705078
 -2.100698082205906
 -2.099788469165346
 0.6423329792672328
 0.06381609077649086
 2.19011281053115
 -0.6425608596917057
 2.151957044282575
 0.1405459252751582
 -0.4556011520593152
 0.02427014255548643
 2.623837179524758
 1.228326453650168
 0.9461085937097767


# name: alphas
# type: cell
# rows: 1
# columns: 3
# name: <cell-element>
# type: matrix
# rows: 15
# columns: 1
 -0.1728682866555083
 0.9471551101278335
 0.3816028053520447
 0.5832126254843167
 0.6420469441429065
 1.166899048635999
 0.6424379328728209
 0.06450328811888396
 1.49797220959704
 1.435536891852223
 0.4808205081048369
 -0.93418744019021
 0.2956664883289318
 0.8919686964364753
 0.7380562217402262



# name: <cell-element>
# type: matrix
# rows: 15
# columns: 1
 1.423712809641503
 0.5751171832766849
 0.8069510903773739
 1.104029019441612
 0.2920911904658947
 1.363407919619213
 0.6079339843789395
 1.25642721051461
 1.675847510583075
 0.9005530068396533
 0.4518391680682169
 0.3559466011962145
 0.5123911749402387
 0.5559033014472242
 1.02507100007063



# name: <cell-element>
# type: matrix
# rows: 15
# columns: 1
 11.01385442776683
 11.41810601502257
 11.6158342658674
 11.17295511010051
 11.63099972502388
 11.46119395395509
 12.10261627560094
 11.07076796643298
 11.7760092975577
 11.17315299172489
 11.46522490529101
 11.14225264771026
 11.25865442749221
 12.98373021093935
 11.10973004486613





# name: W
# type: matrix
# rows: 15
# columns: 15
 0.2116810717074829 0.1592958679897882 -0.2116445797381157 -0.6023533243903391 -0.1595941319081907 0.09131875881646122 0.4447183251257498 -0.3708822028797938 0.02811520024951534 -0.3146946649136995 -0.857287247175831 0.1759331228969958 -0.3831814188931721 -0.02034140492635439 0.7966796908231474
 0.2758766069032884 0.5730877928731826 -0.1426397163531987 -0.7754656156098163 0.4354482156044948 -0.3868226000551642 -0.1207455996561228 0.6622526782337517 -0.2376320417360053 -0.1424810721907193 0.6817258660948663 -0.1495080240558573 -0.000543833339203653 0.4080193869241246 -0.4439198768820261
 0.0375321220729949 0.190032411357138 -0.08196822378043474 -0.1899997537068584 0.2188406111397972 -0.3952496891018119 0.2958707811322916 -0.09481168974551604 -0.09817433564418783 0.1564614234741438 -0.2439772629154228 -0.1721580754861855 0.0739394921907377 -0.09643879011518608 0.2907883121829495
 -0.3667743055458512 0.3126722220269209 0.2968109628031283 -0.1579420289818665 0.2062511644085916 -0.4905203580777234 0.09974671318118143 0.4839765501295578 0.4247248641750328 0.1975909973582516 0.5073012292221091 -0.3012013549587564 0.4121088023521047 -0.3610930135247437 -0.3095127068210053
 -0.6160148230715305 0.366702318888042 0.2349836800343049 0.5382558629425792 0.3350334117741836 0.5746258317662984 -0.2240496286941131 0.2416883489085832 -0.1226474029559553 -0.331287505484363 -0.1541852283454057 -0.1812740974557258 -0.9507161848015514 0.09717172214157443 -0.5628929872340902
 0.1128238306018047 0.2317141442633357 -0.3094069242835706 -0.0739617504233276 -0.00491947682095416 -0.4535361110555045 0.01303032841595232 0.3657661595978133 -0.2183700756608805 0.0790712722950874 -0.07949310041723084 0.02911948613982524 -0.3007881728300172 0.2292676163965425 -0.02648809063087394
 -0.2399575921593812 0.06207328867531383 0.1841598740442003 -0.2968373828396834 0.204402834279153 -0.7227613405950445 -0.3809963852046636 0.3897330506635804 -0.7498947324235496 0.4130148685167664 0.3729819999439271 -0.3635990174737438 0.2199777468556247 0.2142415965478642 -0.5902847503724342
 0.191485893230035 -0.1563324442994028 -0.2507473983836292 0.1387544499184179 0.319218739208003 -0.04878744287387398 0.2551430449347798 -0.05289306849180254 -0.1876972267201203 0.3798988492702588 -0.608916015729341 2.518248292635192e-05 0.5736639317399289 -0.285241342844816 -0.3432179416063779
 -0.06844598533396469 -0.1512394438875086 0.04584956374811357 -0.3269990615781278 -0.3855206256317462 -0.01592682239746533 -0.1407266056977155 -0.08707675567697978 -0.193096500535431 0.1608472022194553 -0.07525891141177314 0.2172584061655927 -0.1620984733645323 -0.3159007692991063 -0.1258472944113461
 0.08066456030713204 -0.1902962486763382 0.2058558558710367 0.05661918921778229 -0.01508385758027225 0.2558864335993593 0.08637258353134047 -0.0129069237204379 0.0628523646416663 -0.1723635205517185 -0.1781614876690402 0.3945400196036858 -0.3836722328770347 0.1490416073863767 0.5416121809840028
 -0.08014126153852753 0.002888677445800766 0.2007135844931386 -0.1367979810702371 -0.0947292900836357 0.1690099265432835 0.2871721532336876 0.1814883757026008 -0.202436182360883 -0.0697031357146279 -0.3351466689650867 0.05854423302730041 -0.5206488999467399 0.0419043642914433 -0.166050833364097
 -0.3149869409917444 -0.2037851288733948 -0.243366322592387 -0.2945495072598995 -0.2229516147681773 -0.08713967189464501 -0.09367221609556464 -0.1252346630774316 0.03290292819043073 0.2501718951517665 0.2848816541469416 -0.2419328121048137 0.303913443818273 0.2132667922461423 -0.5408317173043574
 0.1004732937650906 -0.1972890026505195 0.1608197608789322 0.5279563617663847 0.6373720835211485 0.2179994880574276 0.2574193744122621 0.4991746556229438 0.4170649056550889 0.06694910460959658 -0.2333180068162012 0.2418561170976566 -0.3845291736236545 -0.1422084882818963 0.1501023706025113
 -0.7649747987443917 0.2938287318210273 0.09989337134105747 0.5071642091134565 0.4417577559883052 0.2488228473088256 0.1838408036827495 0.0983465631192883 0.3388847636074519 -0.5574268809276672 0.6847153079998495 0.006563252310801483 -0.6938615374965655 0.2077912867879079 -0.2160731064029535
 -0.6079558774907069 -0.1036678632662282 -0.1761099826711837 -0.3947439936828542 -0.4599044266175285 -0.573390757769922 -0.1755588610010012 -0.4210521118958391 0.1428959678969106 0.3241552237230055 0.3727422490706576 -0.4042068573676754 0.7049844338956899 0.01242270389200076 -0.8625704764653119


# name: iter
# type: scalar
100000


# name: c
# type: matrix
# rows: 1
# columns: 15
 NaN NaN NaN NaN NaN NaN NaN NaN NaN NaN NaN NaN NaN NaN NaN


# name: mean_corr
# type: matrix
# rows: 482
# columns: 1
 -0.09780623404967494
 -0.07132822346453867
 -0.06437665241792039
 -0.06432239494802575
 -0.05518734629792047
 -0.05335317350442977
 -0.04164185437890858
 -0.03114017036322854
 -0.0104448961614616
 -0.007452245186907268
 0.005702218281585172
 0.01143812720829365
 0.01973576802406119
 0.0433976629855602
 0.05038760735469112
 0.05289139036929105
 0.05549048721883142
 0.05798826538754938
 0.08458918179256304
 0.08532673311174084
 0.3649790575097239
 0.3507629142148396
 0.3496040162539989
 0.3379972665727046
 0.3342243371374034
 0.3313433256909804
 0.332081089111317
 0.2980916158907572
 0.3192332001134987
 0.3175996825288447
 0.3213382254647292
 0.3146650378659445
 0.3118620628970548
 0.3103352403633088
 0.3058544688844869
 0.3084395965002651
 0.3129005764349522
 0.3209937670765836
 0.3212277279784453
 0.3329061017118012
 0.327043316201873
 0.3261257835748004
 0.3224385031682813
 0.3132361084158431
 0.3060047183533783
 0.3047268106714824
 0.3061700764111828
 0.2998266359077993
 0.2976606807018143
 0.2909600450819297
 0.2882963965101866
 0.286038757234072
 0.2846682365372807
 0.2804385088930357
 0.2660774291391345
 0.2654650058987861
 0.2686783127618707
 0.2602888838040449
 0.2534162534908659
 0.2530221897399127
 0.2521215557773856
 0.2480217670662445
 0.2477289668518587
 0.249651674770771
 0.2488968374862448
 0.2441276992859041
 0.4604963159617586
 0.4609014470314441
 0.4536343948016338
 0.4487847230291839
 0.3895821832266824
 0.3804022665150215
 0.3663155542806902
 0.3973203015333084
 0.3932368980402247
 0.3690638652366109
 0.3752156259206528
 0.3756229602212026
 0.3731629450582856
 0.3751191730170421
 0.370605608498802
 0.3592227725923592
 0.3666837242973686
 0.3474938392499571
 0.342932251578728
 0.3557166528478041
 0.36066812279651
 0.3665477701834075
 0.3642554729465995
 0.360525515097295
 0.3690155989238588
 0.3636616270071804
 0.3544818485440644
 0.3499765785234111
 0.3524557642300369
 0.3521378708132488
 0.3523090559084732
 0.3438255905282745
 0.3495489269388564
 0.3554277347593082
 0.3545540611350635
 0.3417397469857752
 0.3419310370193605
 0.3245581785978162
 0.3868107822702739
 0.3971725942552663
 0.3885188607432728
 0.4028834593992403
 0.3929955721475653
 0.392762990167923
 0.390908815141527
 0.3990388275740955
 0.3990221746201759
 0.3935136193402816
 0.3638865563176702
 0.359112146010894
 0.3646190566121409
 0.3646363888604786
 0.3652635313940275
 0.3661781101005817
 0.3660579574447124
 0.362986470899882
 0.3566970338939504
 0.04440250537738241
 0.3261996038244429
 0.3396094754900086
 0.3413820831443966
 0.3500832261887267
 0.3608364713391097
 0.3593856222570209
 0.3625321366796416
 0.3591669622999595
 0.3616796193170221
 0.3505479157131572
 0.3608308493023051
 0.3483674167091164
 0.3268539186403672
 0.3192703793747993
 0.3159187110126432
 0.3098971517872112
 0.3139672305773663
 0.3254170540558125
 0.2820969285334122
 0.300313619442826
 0.333959624550866
 0.3048651249613819
 0.04440221855767287
 0.1386256580670673
 0.3805754395833148
 0.3540794001260589
 0.3541452191028702
 0.3459364538697365
 0.3481300626631166
 0.3348996903074307
 0.3353670556887646
 0.329218981965587
 0.3240364707390073
 0.4092761161529729
 0.3654409049061613
 0.3689415962861496
 0.3694508084404464
 0.358537131532708
 0.361866616842169
 0.3612400894862361
 0.358175777791165
 0.3564106610098364
 0.28957031464915
 0.393986201333422
 0.3921651122958172
 0.3904823119464906
 0.3925505059989456
 0.3812480195553513
 0.3861106230489147
 0.3819458769497095
 0.3665480706922133
 0.3642911593876169
 0.3611247318001619
 0.3596197645336073
 0.3586460832813981
 0.3552451296297565
 0.350303582852398
 0.3480073491021457
 0.3211005385396585
 0.3210154485627276
 0.3230573951054719
 0.3044662240710612
 0.3187487344177618
 0.3172522421073312
 0.3081367020061185
 0.3250232541717235
 0.3249976495688977
 0.3264377083476954
 0.3264076179545341
 0.3263774775259791
 0.3267636079438507
 0.3267282030980024
 0.3266927259159896
 0.326657176808088
 0.3266215545971606
 0.3265858594979714
 0.3265500922490003
 0.3265142515304425
 0.3264783378036524
 0.3264423510068928
 0.3264062913559687
 0.3263701579547486
 0.3231198324754945
 0.3231236665084332
 0.3231274995640293
 0.3275365187993531
 0.3275415875126302
 0.327546655061665
 0.3275517214713866
 0.3278987838091934
 0.3279047687500166
 0.3279107519108513
 0.3279167332474148
 0.3338461518488486
 0.3354275258379746
 0.3354365969637491
 0.3354456675850304
 0.335454734968925
 0.3354637990889988
 0.3354728599436136
 0.3354819141393763
 0.3354904363979054
 0.3354994843300486
 0.3355079998912056
 0.3355170422568623
 0.3355334005836984
 0.33554959213848
 0.3355667020637446
 0.331206999508663
 0.3312116681269678
 0.331302451692622
 0.3313929777024607
 0.3314832585498607
 0.2995596840110502
 0.2995748459505529
 0.2995900040987175
 0.2999330592642666
 0.3002741141655283
 0.3002890853015104
 0.3003087913421867
 0.3003237537079957
 0.3006670432563847
 0.3010038680275057
 0.3013394012382976
 0.3016714507321711
 0.2983917418194545
 0.2984120983183897
 0.3230463270231488
 0.3222169261337539
 0.2897532928204445
 0.2677042870755636
 0.3164696453476656
 0.3082039980175412
 0.3320530282552399
 0.3418375980275445
 0.361843272297273
 0.3720224330498353
 0.3650581430096891
 0.3575744331953518
 0.3428612273761308
 0.3297242630709656
 0.3615736982857899
 0.3581132493788684
 0.3871978913745436
 0.3760383435243581
 0.3536578408159041
 0.3575272916863889
 0.3526774425215111
 0.3559443531616009
 0.3491491888041077
 0.3529186402401039
 0.3739947255417836
 0.4884900968755385
 0.4665424210761469
 0.4555899306443186
 0.4463564497101216
 0.4451866635660541
 0.4561635970916123
 0.4563115501097234
 0.4378204527094015
 0.4325545131267182
 0.4318776020619062
 0.4272340855811383
 0.4196800823645411
 0.4043639628026617
 0.4235605228223427
 0.4215085634495468
 0.4043802540063426
 0.4082095317360191
 0.4109682115708124
 0.405278346356209
 0.3986045616988775
 0.4033949110050444
 0.4083112452099621
 0.4127546183012373
 0.4198730767023256
 0.420970193008575
 0.4259546499995291
 0.4175000086803632
 0.4251730619249097
 0.4179035779604644
 0.4083983293975466
 0.5121840882883084
 0.4997407870846894
 0.4848345834209234
 0.4524005254324361
 0.4581282039848038
 0.4568250061481638
 0.4679397117876653
 0.4571628303013631
 0.4635252110276241
 0.4732885567263634
 0.4685977481972241
 0.4714783720844648
 0.4674174343221741
 0.4634689925322913
 0.4662081255346345
 0.4647072959861854
 0.462605143175747
 0.462914308695208
 0.4633945381366091
 0.4689175364821532
 0.472210027685068
 0.4827264579575388
 0.4775213788427784
 0.5208528009371106
 0.5172386171856558
 0.4860684985134977
 0.48215182084844
 0.4817153560652061
 0.4448539456969501
 0.4343381892638917
 0.4375866972225321
 0.4647663451789493
 0.4791879861940276
 0.4904440518120339
 0.4912715117483649
 0.4804769609471064
 0.4778439064228669
 0.4771470417296222
 0.4775840123382281
 0.4804011531754142
 0.4833830991358965
 0.4832291982051279
 0.4715241041520589
 0.4764754330909314
 0.4742262044141667
 0.4719777735462803
 0.4689573332952024
 0.4662352430362993
 0.4737922296081713
 0.4719970219353896
 0.4697269893915393
 0.4695352748282827
 0.4616096255752049
 0.4616758364126564
 0.4647927994325283
 0.4662429263819421
 0.5330768323286968
 0.5031584105225184
 0.5008806899907727
 0.497846567684131
 0.5061468686963442
 0.4856596969128129
 0.472171279331853
 0.4878770330182601
 0.4854094512202903
 0.4868564453688402
 0.4832449575220549
 0.4936168516159279
 0.490444380651715
 0.4867948464229444
 0.4834197607069857
 0.489310212386208
 0.4990177846034233
 0.4935704238380135
 0.4896316179390199
 0.4917538196243139
 0.4970988943720418
 0.4992662251706476
 0.4919700727160178
 0.4943755736149576
 0.5398332993447611
 0.523327964465923
 0.5090817167355025
 0.5159324726238623
 0.5166490160868661
 0.4930966176036407
 0.4984766251803735
 0.487707360942413
 0.4917289705666555
 0.5015707072728044
 0.5103799136529358
 0.5076440556598673
 0.5095367268966219
 0.5056251094337284
 0.5063795964181371
 0.5021474085157176
 0.4973964201746404
 0.4986040826732597
 0.4975563089053064
 0.5077780054385811
 0.5064541677592362
 0.5392404095006583
 0.5342379920643935
 0.5367745251788223
 0.5213083780430152
 0.5010669888081656
 0.4976314778194088
 0.4972423881177194
 0.5479311505689923
 0.5349035466041948
 0.5406291281966336
 0.4872220916917564
 0.4712245633269659
 0.4794084099363046
 0.4808936080685131
 0.4831306397910954
 0.4824784137273054
 0.4893024786959393
 0.4900880003162752
 0.50328635653162
 0.5156039967647214
 0.5079263047276652
 0.5076476967417938
 0.5053435810992836
 0.496551654351246
 0.5012323508987961
 0.5075733207236895
 0.5104475655285362
 0.5318834147582475
 0.5290177794509472
 0.5199016208155033
 0.5235152246666114
 0.5215890569527836
 0.5003674621769444
 0.5033780161430432
 0.5111960146529472
 0.5066163706407618
 0.5019925431776885
 0.5046173085851293
 0.5048826811480359
 0.5052616234052085
 0.5020490113300066
 0.4995509299319839
 NaN
 NaN
 NaN
 NaN
 NaN
 NaN
 NaN
 NaN
 NaN
 NaN
 NaN
 NaN
 NaN
 NaN
 NaN
 NaN
 NaN
 NaN
 NaN
 NaN
 NaN
 NaN
 NaN
 NaN
 NaN
 NaN
 NaN
 NaN
 NaN
 NaN
 NaN
 NaN
 NaN


# name: mean_error
# type: matrix
# rows: 482
# columns: 1
 1.459428770285542
 1.441540384789977
 1.436205410490992
 1.436438616992494
 1.426961806390356
 1.426714708393963
 1.424474672612125
 1.423594029879671
 1.409093196869051
 1.409222027717673
 1.405292798125178
 1.403537903650418
 1.397481867196108
 1.387844576128684
 1.387742722215974
 1.379091616326856
 1.374622313460107
 1.379205840463966
 1.368980881281659
 1.367050338819112
 1.316720000140061
 1.331355053629965
 1.330648869414949
 1.329309434515216
 1.344467138564826
 1.343941679912601
 1.339287745223682
 1.370591220109389
 1.355240228600558
 1.358975043086947
 1.360804653749916
 1.362361989071894
 1.3608086241061
 1.359518315611341
 1.358908929300669
 1.35691942998662
 1.358056548401116
 1.347280512935884
 1.347623607355906
 1.326126053645373
 1.322946343622101
 1.328243776019771
 1.306768760660996
 1.306318404355878
 1.314736446013183
 1.314170745021085
 1.308780938267471
 1.303612890427905
 1.303882033128467
 1.311969632224649
 1.311228371934227
 1.314883705905689
 1.312276940784123
 1.310978876898614
 1.321340868919345
 1.320755660944633
 1.321117678306039
 1.325720734384174
 1.327699755818635
 1.328421759135676
 1.328471812369391
 1.330625372988476
 1.330371694357006
 1.328670767086129
 1.328668594329944
 1.329162792248367
 1.23390322853374
 1.233415456791441
 1.240983364948534
 1.243253387037561
 1.270417435101137
 1.280942542276563
 1.287397093366907
 1.279321025483298
 1.280746978139783
 1.285235147169572
 1.279905051026572
 1.278599797248799
 1.277292828352833
 1.273923862505863
 1.276936018714701
 1.286435636405376
 1.279614670338899
 1.282474065358135
 1.289349288942833
 1.293204870686018
 1.296076686253018
 1.295561548489488
 1.293796693062828
 1.296905983236086
 1.287284495589296
 1.288179444737671
 1.293942890588591
 1.295054174758199
 1.292845234395806
 1.297556221544679
 1.295109842210892
 1.304663860233869
 1.292328012934881
 1.291313546552238
 1.29208337608275
 1.298926700580999
 1.297866195923349
 1.30317687186563
 1.273204281833463
 1.279587948364984
 1.2814145201619
 1.275702143548808
 1.282922069923733
 1.284890534562566
 1.282035163389949
 1.275954614319136
 1.269603897358903
 1.274042038077479
 1.280273807995966
 1.279648284873717
 1.27668955827011
 1.276629619370702
 1.276081917193478
 1.275096602441516
 1.274058627626992
 1.274806361856248
 1.280294755149333
 1.287034586962573
 1.299248044257255
 1.300764251339087
 1.298237077634141
 1.296844172334521
 1.293200563147339
 1.295319569288257
 1.29496659585294
 1.298477307678387
 1.293590023673139
 1.298981247942079
 1.281534461135304
 1.290108984752285
 1.310255810410788
 1.306088602243576
 1.30956033693432
 1.313837783039587
 1.312820456669597
 1.306491153136355
 1.308054628287248
 1.296066902460778
 1.292855247562464
 1.304407924247768
 1.305265483018373
 1.298919634667152
 1.290484874350517
 1.313509954156239
 1.313878429385617
 1.301262609552332
 1.298921668477426
 1.302915793792215
 1.30219710124365
 1.303815315374693
 1.304436100908834
 1.254131429967584
 1.256188401224177
 1.255788387126645
 1.263170055672117
 1.264703164113912
 1.26094218184045
 1.260345565324324
 1.256546893048736
 1.258181562875612
 1.260784186781334
 1.257338409488723
 1.256353978145046
 1.257713523350355
 1.258456148258296
 1.255112605921143
 1.253544925925687
 1.255061809234584
 1.255837437364451
 1.254145769985392
 1.248530951344172
 1.247336787187526
 1.248554385173882
 1.251948315768505
 1.251960471036041
 1.253081100128079
 1.255631832036215
 1.255272108329798
 1.255803112083834
 1.25997967180956
 1.259146228464091
 1.258927478280196
 1.259555613303894
 1.266586528901103
 1.266581683939217
 1.264256200162394
 1.264253686202277
 1.264251196968725
 1.264394361106005
 1.264398183512594
 1.264402007534369
 1.264405833120637
 1.264409660391015
 1.264413489315983
 1.264417319809903
 1.264421152007306
 1.264424985852632
 1.264428821346068
 1.264432658458168
 1.26443649727808
 1.251874104359245
 1.251873640123913
 1.251873175951242
 1.256264790669346
 1.256264062603084
 1.256263334516318
 1.256262606405828
 1.24907481059391
 1.249073823991135
 1.249072837495998
 1.249071851115575
 1.250974924103285
 1.248929836201778
 1.248928977655605
 1.248928119094849
 1.248927260738023
 1.248926402587745
 1.248925544644162
 1.248924687177408
 1.24892387193409
 1.248923014859842
 1.24892220005042
 1.248921343313766
 1.248919493414537
 1.248917643959241
 1.248915708377877
 1.249296752748142
 1.249296604826968
 1.249288010066655
 1.249279422536638
 1.249270841284301
 1.256299014823601
 1.256298294879553
 1.256297574872774
 1.256285499477972
 1.256273381119275
 1.25627265763538
 1.256271775697033
 1.256271052055645
 1.256258731249296
 1.256246514543734
 1.256234228508068
 1.256221952577046
 1.254204989486801
 1.254204479241488
 1.26926958947609
 1.269370303954263
 1.27890570144978
 1.280228126000608
 1.272469919068782
 1.277728549011781
 1.260900880773353
 1.254791229333099
 1.25692293250649
 1.246595617175546
 1.253629445945255
 1.252669973461651
 1.249301173473807
 1.25635304978321
 1.249152486002793
 1.242662872357755
 1.232412463558685
 1.237187220687565
 1.24772922291601
 1.247475309135507
 1.251540458617992
 1.25278577114746
 1.257957731890758
 1.249841770028614
 1.239156982213885
 1.201814560754973
 1.20562170578743
 1.199220984630814
 1.206659569136676
 1.209796367893781
 1.221127085599699
 1.221820228370373
 1.221460075491913
 1.232878497375171
 1.232418619753477
 1.243731684440457
 1.245796649925126
 1.253749015141496
 1.256058426678846
 1.247346093211057
 1.243956449567168
 1.261029655341721
 1.261375942684009
 1.26172092343133
 1.267700304696516
 1.25403081803496
 1.255735830284285
 1.248261992586537
 1.24939554034022
 1.245588681343414
 1.243259429599532
 1.246228183762272
 1.243855142765101
 1.237060852569929
 1.241933788989356
 1.181389478509371
 1.195756580347336
 1.213761749109485
 1.231093447746304
 1.22980351699163
 1.224752719865992
 1.219637654528319
 1.225524677519416
 1.219149168974622
 1.208398494025941
 1.213271538230977
 1.206041240745326
 1.199391164468889
 1.196729612738198
 1.199564366613724
 1.200169800412457
 1.196232565896295
 1.203700623470151
 1.201424167724885
 1.201399719824592
 1.209167642501241
 1.20246816697851
 1.20817065317612
 1.169161913680627
 1.180603656574118
 1.214518031191614
 1.223861761146641
 1.213322394039072
 1.207654367425833
 1.217544658109852
 1.221523388879506
 1.194066521064477
 1.191385292257862
 1.188621920527118
 1.190056050391685
 1.191746788125044
 1.194398309928716
 1.190812453873857
 1.186207463828298
 1.189877997056897
 1.181245147549662
 1.180580091039528
 1.199310595913514
 1.187393624921432
 1.187161649787866
 1.198170683728624
 1.19574883315514
 1.187823621884106
 1.184498758228344
 1.186786970918436
 1.185796728174158
 1.186251496426365
 1.188661524361875
 1.190215956623219
 1.199980127806022
 1.198653804789043
 1.180277176501
 1.188407376212355
 1.188283744462074
 1.196230792763463
 1.194098516938693
 1.206572467754065
 1.208517596807578
 1.20360423655578
 1.200395188862956
 1.197361058106737
 1.197974424023471
 1.197820304745365
 1.197731892710944
 1.195727032757141
 1.1965690934284
 1.195179138683086
 1.180919439015558
 1.187443618452226
 1.188177315002553
 1.188862089295893
 1.181653005449331
 1.181605724991664
 1.184336664501743
 1.187923440664666
 1.165551591266801
 1.177104908886044
 1.184907214282463
 1.187428942711388
 1.1812402858972
 1.207558484787895
 1.180230638241674
 1.185602428728576
 1.182251663306582
 1.174903583832265
 1.178466407553092
 1.179217365783257
 1.177485387125489
 1.181280893706476
 1.177344305518112
 1.174641820707385
 1.174925381402313
 1.174160927880395
 1.175426075086193
 1.177054233869472
 1.170464418168059
 1.155843668246614
 1.148430468444138
 1.148503252518676
 1.154780918278442
 1.158677263969808
 1.163921758848499
 1.16843167202243
 1.156749837135465
 1.157833637856695
 1.144519663245394
 1.166947446971957
 1.171915799009676
 1.166034083994236
 1.167864280598697
 1.164201595511124
 1.159405277211657
 1.153475243557161
 1.156051088966218
 1.154090717724116
 1.149164198098638
 1.151336263626237
 1.148303197314905
 1.153534327455614
 1.15334092771086
 1.155838562575355
 1.152378421825508
 1.166781652897631
 1.153925061438133
 1.149621285535256
 1.150632195033385
 1.145920219765283
 1.147326479865298
 1.152007975136161
 1.152848644929975
 1.150413775158108
 1.152481997139843
 1.154124202977122
 1.156693124130259
 1.156783995727714
 1.161634555127323
 1.159862697954186
 1.162839022597465
 NaN
 NaN
 NaN
 NaN
 NaN
 NaN
 NaN
 NaN
 NaN
 NaN
 NaN
 NaN
 NaN
 NaN
 NaN
 NaN
 NaN
 NaN
 NaN
 NaN
 NaN
 NaN
 NaN
 NaN
 NaN
 NaN
 NaN
 NaN
 NaN
 NaN
 NaN
 NaN
 NaN


# name: iter_improve
# type: matrix
# rows: 482
# columns: 1
 1
 6
 29
 36
 39
 79
 105
 106
 108
 122
 125
 171
 211
 212
 260
 308
 331
 458
 482
 537
 540
 544
 548
 551
 562
 567
 577
 586
 593
 596
 598
 608
 609
 624
 629
 636
 639
 677
 683
 684
 701
 702
 710
 714
 717
 722
 728
 736
 740
 745
 746
 750
 761
 776
 783
 788
 802
 816
 817
 830
 883
 895
 919
 935
 944
 998
 1000
 1002
 1005
 1006
 1011
 1016
 1036
 1037
 1041
 1043
 1049
 1063
 1067
 1068
 1072
 1086
 1103
 1104
 1119
 1159
 1180
 1188
 1237
 1264
 1297
 1363
 1368
 1389
 1390
 1399
 1400
 1406
 1417
 1423
 1496
 1626
 1659
 1665
 2000
 2004
 2006
 2014
 2016
 2017
 2018
 2020
 2024
 2027
 2031
 2037
 2064
 2213
 2302
 2336
 2578
 2673
 2678
 3000
 3001
 3003
 3020
 3028
 3031
 3041
 3042
 3096
 3138
 3165
 3188
 3196
 3213
 3229
 3271
 3278
 3292
 3316
 3357
 3539
 3666
 3677
 4000
 4003
 4004
 4014
 4036
 4051
 4060
 4084
 4170
 4337
 4361
 5000
 5008
 5283
 5364
 5442
 5577
 5687
 5739
 5910
 6000
 6001
 6002
 6003
 6007
 6008
 6011
 6015
 6021
 6024
 6031
 6051
 6063
 6101
 6127
 6156
 6315
 6322
 6348
 6378
 6416
 6625
 6671
 6914
 7000
 7086
 8000
 9000
 9580
 10000
 11000
 12000
 13000
 14000
 15000
 16000
 17000
 18000
 19000
 20000
 20924
 21000
 22000
 22462
 23000
 24000
 25000
 25057
 26000
 27000
 28000
 28036
 28145
 29000
 30000
 31000
 32000
 33000
 34000
 35000
 36000
 37000
 38000
 39000
 40000
 41000
 41422
 42000
 43000
 44000
 45000
 45307
 46000
 47000
 48000
 49000
 50000
 51000
 52000
 53000
 54000
 55000
 56000
 56703
 57000
 57727
 58000
 58909
 59000
 59012
 59083
 59244
 59277
 59319
 59475
 59500
 59501
 59503
 59510
 59586
 59597
 59685
 59724
 59746
 59811
 59840
 59879
 59887
 59900
 59959
 60000
 60001
 60003
 60028
 60036
 60125
 60183
 60225
 60232
 60285
 60328
 60368
 60372
 60461
 60494
 60501
 60523
 60535
 60539
 60551
 60560
 60578
 60671
 60706
 60790
 60799
 60860
 60956
 60967
 60998
 61000
 61001
 61012
 61013
 61016
 61017
 61019
 61021
 61036
 61061
 61103
 61123
 61178
 61240
 61278
 61288
 61302
 61363
 61385
 61467
 61641
 61658
 61931
 62000
 62001
 62006
 62018
 62019
 62038
 62056
 62057
 62065
 62066
 62140
 62159
 62173
 62194
 62195
 62237
 62297
 62317
 62339
 62345
 62347
 62351
 62406
 62497
 62549
 62564
 62643
 62656
 62699
 62716
 62731
 62912
 62977
 63000
 63008
 63014
 63046
 63052
 63058
 63083
 63123
 63127
 63135
 63142
 63197
 63261
 63284
 63288
 63312
 63338
 63348
 63378
 63601
 63833
 63875
 63907
 63997
 64000
 64004
 64005
 64012
 64017
 64025
 64054
 64064
 64075
 64091
 64118
 64178
 64193
 64249
 64346
 64550
 64636
 64661
 64795
 64924
 64967
 65000
 65003
 65021
 65026
 65028
 65047
 65058
 66000
 66004
 66009
 66029
 66034
 66040
 66043
 66056
 66078
 66100
 66144
 66159
 66181
 66187
 66199
 66221
 66249
 66260
 66358
 66368
 66383
 66400
 66434
 66452
 66461
 66481
 66500
 66579
 66646
 66673
 66675
 66734
 66745
 66845
 66888
 67000
 68000
 69000
 70000
 71000
 72000
 73000
 74000
 75000
 76000
 77000
 78000
 79000
 80000
 81000
 82000
 83000
 84000
 85000
 86000
 87000
 88000
 89000
 90000
 91000
 92000
 93000
 94000
 95000
 96000
 97000
 98000
 99000


# name: optim_start
# type: scalar
540


# name: optim_steps
# type: matrix
# rows: 1
# columns: 100
 21 67 105 124 147 158 167 191 193 194 196 197 198 199 200 201 202 203 204 205 206 208 209 211 212 213 215 216 217 220 221 222 223 224 225 226 227 228 229 230 231 232 234 235 236 237 239 240 241 242 243 244 245 246 247 248 249 251 253 255 277 307 330 363 387 408 415 450 451 452 453 454 455 456 457 458 459 460 461 462 463 464 465 466 467 468 469 470 471 472 473 474 475 476 477 478 479 480 481 482


# name: VPVP_params
# type: scalar struct
# ndims: 2
 1 1
# length: 8
# name: lambda
# type: scalar
300000000


# name: downsample
# type: scalar
10


# name: MaxIter_X
# type: scalar
200


# name: MaxIter
# type: scalar
50


# name: optTol_X
# type: scalar
1e-06


# name: progTol_X
# type: scalar
1e-10


# name: optTol_aW
# type: scalar
0.0001


# name: progTol_aW
# type: scalar
1e-07




