# Created by Octave 3.8.1, Sun Jan 07 15:37:36 2018 ART <gabrevaya@ws7.labo2>
# name: y_start
# type: matrix
# rows: 10
# columns: 1
 1.218503633318954e-06
 -3.215029202770353e-07
 1.052797026920588e-05
 -4.352218887056239e-07
 1.691209431021686e-05
 -7.332636131063493e-07
 6.862469205188517e-06
 4.121381127145529e-06
 3.306750544025354e-06
 6.252735750494507e-06


# name: alphas
# type: cell
# rows: 1
# columns: 3
# name: <cell-element>
# type: matrix
# rows: 10
# columns: 1
 -0.1564304748551582
 0.4600058767320493
 0.6504323416969746
 -0.2069406575259792
 0.5003636298005725
 -0.315453358699285
 0.6181760694959109
 0.689505175853682
 0.1689857860797671
 0.6352119123645829



# name: <cell-element>
# type: matrix
# rows: 10
# columns: 1
 0.7374435737930078
 0.8662434597300126
 1.206177060120355
 0.797332078029383
 1.168680635298396
 1.728143260037493
 0.759248517426394
 0.4532506271225718
 1.055436468847968
 1.099114221891132



# name: <cell-element>
# type: matrix
# rows: 10
# columns: 1
 11.28710461771299
 11.032091856467
 11.53447163522171
 10.94333045567355
 10.79106954641295
 10.91341034016486
 11.58816575318149
 11.53381005301934
 11.25579964704981
 11.84012169280056





# name: W
# type: matrix
# rows: 10
# columns: 10
 0.3863474562098947 -0.07759292517473171 1.042378469928766 0.3156498139355223 -0.07534028920898304 0.1332685484344748 -0.1224152586599562 -0.7516388787613202 -1.10855527420572 0.7025701408319587
 -0.04911282168533555 -0.3058078646397259 -0.281118304033434 0.02310065722197025 -0.04532221527499222 0.04541622063344279 -0.003815267554779277 -0.3940166454548841 0.3584960408866539 -0.01230457638637569
 -0.3291289149860492 0.04212293921275805 -0.02187576637384085 0.08930461416988479 0.4450670819947626 0.2771639187991128 0.3753935476092349 0.2099885238558133 0.995704617118888 -0.2005323254721352
 -0.7864446009199202 0.1389406012873095 1.011679132270764 -0.2524805482492712 0.3108098057851098 0.4142869670231446 0.01423456127724024 0.03735300701893602 0.3684851087596568 0.3592813533757782
 0.3372541500753041 -0.1120841463703976 0.3401227255962327 0.2863131599164506 0.3138533252639201 -0.2600306193356008 0.9167518957895143 -0.1968524173879489 0.100452922190907 -0.1845923183707489
 0.1798300822686816 -0.04743176317619086 -0.191682649793164 -0.2041362157730874 -0.2997159506208238 0.2801732651169301 0.2620332300147931 -0.2677560294239972 0.1045409224225173 -0.003507323536670342
 -0.00149463478021343 -0.1107366179409512 -0.06028696304587427 0.05782994342270508 0.06903962541622531 -0.009122511464310413 -0.2992604660156744 -0.2150051510837016 -0.2150284440266224 0.167137168561871
 -0.3068851835390684 0.2180333759977772 0.4053735556132252 -0.3346410717555968 -0.08764230547530041 -0.2171578209820576 -0.0906745794119963 -0.4621005326751677 -0.5371972833149734 0.4401124524247799
 0.2700956002390995 0.06794030590329381 0.06459719261591647 -0.1835391269220886 0.4647642974624844 0.1028380895233462 0.1576469023027764 -0.4912890379533118 -0.1111478769358028 0.692105207268507
 -0.09091182144455089 -0.04855878136853031 -0.6107499112703955 -0.1883181164951198 -0.7633846636223167 -0.26899152113653 0.4782984983395192 0.4349922618645528 0.2027180178573414 -1.08941489441304


# name: iter
# type: scalar
200000


# name: c
# type: matrix
# rows: 1
# columns: 10
 NaN NaN NaN NaN NaN NaN NaN NaN NaN NaN


# name: mean_corr
# type: matrix
# rows: 411
# columns: 1
 -0.1983984686257959
 -0.1331267803574644
 -0.09467542909927198
 -0.007376905806378019
 0.01505735740113562
 0.02895746432183209
 0.06019403267024175
 0.06588825927304098
 0.4276572397577364
 0.4228718125946956
 0.4128313363578938
 0.4106743726074238
 0.4087149391886206
 0.4075842544152437
 0.4099841297106435
 0.4067453656584326
 0.3820439290516988
 0.3716091785838237
 0.3660311117618371
 0.3630176535328674
 0.3594814225505066
 0.3527461480367616
 0.3491943256564152
 0.3428361598222619
 0.3452153896689499
 0.3465847218733515
 0.3424011103732886
 0.3417282770042465
 0.3405560599681087
 0.3415836303589623
 0.3404480390551379
 0.3384952782150499
 0.3383714047669529
 0.4983578499429721
 0.4951307539620877
 0.4842901621117756
 0.4775247930355116
 0.4546174557117355
 0.4491579439393747
 0.4567705289364929
 0.449248029108006
 0.4481085177154017
 0.4421431292972319
 0.4496393399557623
 0.4195892547051951
 0.4215467068837395
 0.4235472793014713
 0.4218527500094474
 0.4224711361418708
 0.4167596440524209
 0.4183717161971828
 0.4167051212260482
 0.4141415981951525
 0.4148689145639849
 0.4187270572413986
 0.4183092512956162
 0.4249136006452797
 0.4234936680884464
 0.4226502574341396
 0.4231976478947171
 0.4270387076837998
 0.4270565316288308
 0.4289478926882951
 0.4285858413879925
 0.4252074469998303
 0.425418541826892
 0.4253682855782456
 0.4216958097828794
 0.4224079197966491
 0.4240056764420714
 0.4291734062542407
 0.4266887994044056
 0.4279065284382716
 0.4222595155546424
 0.4201663489491033
 0.421047944706779
 0.4230768170924223
 0.4291413484919041
 0.4223406185015828
 0.4171705767363619
 0.4123894129718032
 0.4143172301740926
 0.4153714566338363
 0.4146502078668183
 0.4177834800500039
 0.4163718113816165
 0.4397292674959267
 0.4369654480655399
 0.4362109374784766
 0.4404202995672388
 0.4165832857752439
 0.416148999298848
 0.4120612100466733
 0.411114146607427
 0.4198071532006445
 0.4212257897390742
 0.4205219165076348
 0.4210027934502739
 0.4208617202550435
 0.4261778202054929
 0.4251675048108617
 0.424502504839355
 0.423749763521644
 0.4235367452351571
 0.4212491070011705
 0.4222332472873936
 0.4232322307887005
 0.427548165446449
 0.4309700858576592
 0.4361589627484254
 0.4357700518597751
 0.4358466317730937
 0.4398624150943742
 0.4397792453151118
 0.5398352666095427
 0.5401283813146446
 0.5291917120659556
 0.5286733222105168
 0.5076719265142396
 0.5078808708537716
 0.508681115002326
 0.516409093676189
 0.519937888454561
 0.4937259180922925
 0.4820437054047991
 0.4807089787473763
 0.477361298298096
 0.4836750638070691
 0.4620920320602019
 0.4637832735265207
 0.4635454757585037
 0.4642743947788098
 0.462678894158483
 0.460559699825602
 0.4742297271221091
 0.4745824299562338
 0.47464835251562
 0.470509184814123
 0.4632635899835849
 0.4664549461345611
 0.4692157422548643
 0.4659289579480677
 0.4562214867533939
 0.4576249620372426
 0.4647202676088938
 0.4661707694169228
 0.4693622865748754
 0.4691860402760372
 0.465896512554357
 0.4569861076574396
 0.4614610535364124
 0.4611293731631053
 0.461912408969917
 0.45853355364243
 0.4572061861656701
 0.4572947883198136
 0.4567960777757266
 0.4569618713856807
 0.4608835904688267
 0.4598668309882101
 0.4592360841432228
 0.4609970981777801
 0.458412951233711
 0.4595251385015332
 0.4612708767504131
 0.4602281044026654
 0.4610745086932446
 0.4585292946109799
 0.4526327128198484
 0.4481146766286551
 0.5480813134204708
 0.5134487527343203
 0.4848889658631494
 0.4844652888194718
 0.4891013733597077
 0.4917091375210103
 0.5188768966232853
 0.5076678278733769
 0.4979739690115478
 0.4966432200402534
 0.5026874361059089
 0.4984112678250516
 0.5031557220457403
 0.5014844044024291
 0.5033823094468374
 0.4978115389576949
 0.5024170481825847
 0.4985920321442311
 0.4976574411255015
 0.4993390473772039
 0.4966428136893451
 0.49600332375567
 0.4964265083507415
 0.4956728898531944
 0.4976023448188976
 0.4955228252448396
 0.4951035940299749
 0.500086678117625
 0.4997188297813404
 0.500619773763114
 0.5000180947856595
 0.4975659581522254
 0.4974618652152274
 0.4933543662314789
 0.4937601557071787
 0.4946339464759734
 0.4949458183125655
 0.4966837688826775
 0.4963447688322196
 0.4966312742830829
 0.4947037163860708
 0.4943598380480567
 0.4973014285899112
 0.5008042940124369
 NaN
 NaN
 NaN
 NaN
 NaN
 NaN
 NaN
 NaN
 NaN
 NaN
 NaN
 NaN
 NaN
 NaN
 NaN
 NaN
 NaN
 NaN
 NaN
 NaN
 NaN
 NaN
 NaN
 NaN
 NaN
 NaN
 NaN
 NaN
 NaN
 NaN
 NaN
 NaN
 NaN
 NaN
 NaN
 NaN
 NaN
 NaN
 NaN
 NaN
 NaN
 NaN
 NaN
 NaN
 NaN
 NaN
 NaN
 NaN
 NaN
 NaN
 NaN
 NaN
 NaN
 NaN
 NaN
 NaN
 NaN
 NaN
 NaN
 NaN
 NaN
 NaN
 NaN
 NaN
 NaN
 NaN
 NaN
 NaN
 NaN
 NaN
 NaN
 NaN
 NaN
 NaN
 NaN
 NaN
 NaN
 NaN
 NaN
 NaN
 NaN
 NaN
 NaN
 NaN
 NaN
 NaN
 NaN
 NaN
 NaN
 NaN
 NaN
 NaN
 NaN
 NaN
 NaN
 NaN
 NaN
 NaN
 NaN
 NaN
 NaN
 NaN
 NaN
 NaN
 NaN
 NaN
 NaN
 NaN
 NaN
 NaN
 NaN
 NaN
 NaN
 NaN
 NaN
 NaN
 NaN
 NaN
 NaN
 NaN
 NaN
 NaN
 NaN
 NaN
 NaN
 NaN
 NaN
 NaN
 NaN
 NaN
 NaN
 NaN
 NaN
 NaN
 NaN
 NaN
 NaN
 NaN
 NaN
 NaN
 NaN
 NaN
 NaN
 NaN
 NaN
 NaN
 NaN
 NaN
 NaN
 NaN
 NaN
 NaN
 NaN
 NaN
 NaN
 NaN
 NaN
 NaN
 NaN
 NaN
 NaN
 NaN
 NaN
 NaN
 NaN
 NaN
 NaN
 NaN
 NaN
 NaN
 NaN
 NaN
 NaN
 NaN
 NaN
 NaN
 NaN
 NaN
 NaN
 NaN
 NaN
 NaN
 NaN
 NaN
 NaN
 NaN
 NaN
 NaN
 NaN
 NaN
 NaN
 NaN
 NaN
 NaN
 NaN
 NaN
 NaN


# name: mean_error
# type: matrix
# rows: 411
# columns: 1
 1.503127128801468
 1.460963369523835
 1.439193023213559
 1.407885279408316
 1.40548556105749
 1.401839037168289
 1.380692649325265
 1.375296969703351
 1.255254178685371
 1.252656700258739
 1.260313246885025
 1.268571473158383
 1.274182539582704
 1.281626575620155
 1.275940102632358
 1.274446082493574
 1.272667838024677
 1.282070520103305
 1.282387047175852
 1.292814340638086
 1.293486284538651
 1.301226712865891
 1.306739470758162
 1.309626992168145
 1.307838004414751
 1.305901227978382
 1.306458632078516
 1.306307730120422
 1.305989944469817
 1.306736769362784
 1.307578258585864
 1.308115100208357
 1.308195394530731
 1.210831539517411
 1.208848192534276
 1.200074240942644
 1.194641915020798
 1.223592467846097
 1.227775020269046
 1.217607240343602
 1.222785699820761
 1.230354427134302
 1.225306346920636
 1.230946220823884
 1.252530575187533
 1.256856167608422
 1.259993233168122
 1.259890932371028
 1.251136438582779
 1.251040705074924
 1.270272628109753
 1.270672614327201
 1.264603580790565
 1.264198839158029
 1.266358960885304
 1.268700223345925
 1.27046996087635
 1.276609220961494
 1.276286814886748
 1.277258357304156
 1.276529181992206
 1.276210607198287
 1.271360887511922
 1.274586525749956
 1.276191927036275
 1.278237369167982
 1.277564981400238
 1.271562314129137
 1.270699885942464
 1.269068970661571
 1.273161477460845
 1.268221268068685
 1.267301862544615
 1.266575410626331
 1.266211698134488
 1.267286181988361
 1.267545427176168
 1.266332982623794
 1.261681318998345
 1.262612199118345
 1.258285486335084
 1.259022492200562
 1.258879699406686
 1.259292491245794
 1.255115415622512
 1.257332502816274
 1.247206104203199
 1.24468721182405
 1.245252253288599
 1.246813160390936
 1.25433482302786
 1.253110404495617
 1.253273404571325
 1.249532882114834
 1.258090212571897
 1.257675839594769
 1.255192776434296
 1.255079758163412
 1.254935120174557
 1.243193176875607
 1.247590889828852
 1.245842476346431
 1.232101493820383
 1.229192800395353
 1.229972847313495
 1.230131716982841
 1.229734480945812
 1.229380572888986
 1.226573101092363
 1.233661034376808
 1.235622559141895
 1.235718724379669
 1.230612263938845
 1.226679877700658
 1.168805861327924
 1.164085233165039
 1.173080156234289
 1.169167738035798
 1.167416761204651
 1.167993674319076
 1.166362923970491
 1.16151763311621
 1.157516012817777
 1.157792672942002
 1.155271799919066
 1.151369203296946
 1.165776950339858
 1.148204301103265
 1.164359150300838
 1.167080686520591
 1.169235760447209
 1.169069827725586
 1.173151076591955
 1.170580972524968
 1.168036494077501
 1.171239793509872
 1.171075336643411
 1.16479494965895
 1.165144389639897
 1.163572302248708
 1.18158074043514
 1.185208723079192
 1.186250127308028
 1.186410246145214
 1.181154873539821
 1.177176940336114
 1.177437692991703
 1.17444051080425
 1.175032696498432
 1.181363715956325
 1.178125277659358
 1.177872514594335
 1.174091664957988
 1.181456205478943
 1.181331076232496
 1.180978014724837
 1.181814492608419
 1.183688823726713
 1.180973271799569
 1.179297131982022
 1.178958541089782
 1.173971209365108
 1.177167223963194
 1.176965619966158
 1.176510619963646
 1.176739007881968
 1.177471709950776
 1.176368632371404
 1.178804257133052
 1.180708637551228
 1.137630052864035
 1.159400872629476
 1.17483838722686
 1.174062208019941
 1.170863090934783
 1.16298644501244
 1.15116280568245
 1.152335161043982
 1.139554330935684
 1.14516785478549
 1.144094786451652
 1.145168350838626
 1.16194742415495
 1.144930759863417
 1.144067024518318
 1.153821979178176
 1.153109946452964
 1.158174501879528
 1.165448542061751
 1.164604550568372
 1.158018105122881
 1.1632336878635
 1.161725063779735
 1.160910369128224
 1.160155956353103
 1.164582382867635
 1.169287560246528
 1.169976053369933
 1.176186587073628
 1.177639029197317
 1.17161387274253
 1.171397006522626
 1.167020674320953
 1.170388643120092
 1.167397630461043
 1.166251723954667
 1.16962666850309
 1.169288975211857
 1.169371725403277
 1.165937562074087
 1.165431159790193
 1.161753029140563
 1.157566662783777
 1.150742505532445
 NaN
 NaN
 NaN
 NaN
 NaN
 NaN
 NaN
 NaN
 NaN
 NaN
 NaN
 NaN
 NaN
 NaN
 NaN
 NaN
 NaN
 NaN
 NaN
 NaN
 NaN
 NaN
 NaN
 NaN
 NaN
 NaN
 NaN
 NaN
 NaN
 NaN
 NaN
 NaN
 NaN
 NaN
 NaN
 NaN
 NaN
 NaN
 NaN
 NaN
 NaN
 NaN
 NaN
 NaN
 NaN
 NaN
 NaN
 NaN
 NaN
 NaN
 NaN
 NaN
 NaN
 NaN
 NaN
 NaN
 NaN
 NaN
 NaN
 NaN
 NaN
 NaN
 NaN
 NaN
 NaN
 NaN
 NaN
 NaN
 NaN
 NaN
 NaN
 NaN
 NaN
 NaN
 NaN
 NaN
 NaN
 NaN
 NaN
 NaN
 NaN
 NaN
 NaN
 NaN
 NaN
 NaN
 NaN
 NaN
 NaN
 NaN
 NaN
 NaN
 NaN
 NaN
 NaN
 NaN
 NaN
 NaN
 NaN
 NaN
 NaN
 NaN
 NaN
 NaN
 NaN
 NaN
 NaN
 NaN
 NaN
 NaN
 NaN
 NaN
 NaN
 NaN
 NaN
 NaN
 NaN
 NaN
 NaN
 NaN
 NaN
 NaN
 NaN
 NaN
 NaN
 NaN
 NaN
 NaN
 NaN
 NaN
 NaN
 NaN
 NaN
 NaN
 NaN
 NaN
 NaN
 NaN
 NaN
 NaN
 NaN
 NaN
 NaN
 NaN
 NaN
 NaN
 NaN
 NaN
 NaN
 NaN
 NaN
 NaN
 NaN
 NaN
 NaN
 NaN
 NaN
 NaN
 NaN
 NaN
 NaN
 NaN
 NaN
 NaN
 NaN
 NaN
 NaN
 NaN
 NaN
 NaN
 NaN
 NaN
 NaN
 NaN
 NaN
 NaN
 NaN
 NaN
 NaN
 NaN
 NaN
 NaN
 NaN
 NaN
 NaN
 NaN
 NaN
 NaN
 NaN
 NaN
 NaN
 NaN
 NaN
 NaN
 NaN
 NaN
 NaN


# name: iter_improve
# type: matrix
# rows: 411
# columns: 1
 1
 3
 13
 45
 63
 99
 102
 103
 147
 150
 153
 156
 158
 168
 175
 181
 185
 188
 194
 211
 226
 233
 257
 312
 373
 377
 389
 587
 732
 733
 883
 896
 985
 1000
 1006
 1021
 1022
 1025
 1029
 1037
 1038
 1041
 1044
 1048
 1049
 1065
 1071
 1073
 1081
 1093
 1097
 1108
 1115
 1120
 1126
 1135
 1148
 1162
 1174
 1189
 1195
 1213
 1225
 1255
 1256
 1269
 1276
 1292
 1297
 1332
 1346
 1347
 1349
 1356
 1360
 1362
 1366
 1442
 1443
 1444
 1450
 1453
 1471
 1476
 1483
 1507
 1515
 1524
 1536
 1562
 1586
 1589
 1599
 1655
 1680
 1686
 1710
 1715
 1723
 1733
 1735
 1778
 1794
 1821
 1827
 1897
 1899
 1911
 1918
 1932
 1946
 1958
 1960
 1967
 2000
 2001
 2002
 2004
 2007
 2010
 2011
 2012
 2017
 2018
 2019
 2029
 2031
 2033
 2035
 2045
 2056
 2060
 2061
 2065
 2080
 2084
 2097
 2102
 2103
 2112
 2132
 2141
 2164
 2168
 2171
 2217
 2244
 2261
 2272
 2284
 2307
 2308
 2310
 2336
 2358
 2405
 2466
 2505
 2514
 2522
 2552
 2606
 2630
 2640
 2656
 2690
 2740
 2746
 2868
 2878
 3000
 3001
 3004
 3005
 3009
 3011
 3017
 3018
 3025
 3036
 3037
 3042
 3048
 3052
 3059
 3062
 3079
 3081
 3084
 3139
 3144
 3146
 3154
 3161
 3185
 3203
 3218
 3226
 3262
 3268
 3333
 3383
 3515
 3542
 3671
 3673
 3686
 3752
 3760
 3788
 3799
 3802
 3809
 3853
 4000
 5000
 6000
 7000
 8000
 9000
 10000
 11000
 12000
 13000
 14000
 15000
 16000
 17000
 18000
 19000
 20000
 21000
 22000
 23000
 24000
 25000
 26000
 27000
 28000
 29000
 30000
 31000
 32000
 33000
 34000
 35000
 36000
 37000
 38000
 39000
 40000
 41000
 42000
 43000
 44000
 45000
 46000
 47000
 48000
 49000
 50000
 51000
 52000
 53000
 54000
 55000
 56000
 57000
 58000
 59000
 60000
 61000
 62000
 63000
 64000
 65000
 66000
 67000
 68000
 69000
 70000
 71000
 72000
 73000
 74000
 75000
 76000
 77000
 78000
 79000
 80000
 81000
 82000
 83000
 84000
 85000
 86000
 87000
 88000
 89000
 90000
 91000
 92000
 93000
 94000
 95000
 96000
 97000
 98000
 99000
 100000
 101000
 102000
 103000
 104000
 105000
 106000
 107000
 108000
 109000
 110000
 111000
 112000
 113000
 114000
 115000
 116000
 117000
 118000
 119000
 120000
 121000
 122000
 123000
 124000
 125000
 126000
 127000
 128000
 129000
 130000
 131000
 132000
 133000
 134000
 135000
 136000
 137000
 138000
 139000
 140000
 141000
 142000
 143000
 144000
 145000
 146000
 147000
 148000
 149000
 150000
 151000
 152000
 153000
 154000
 155000
 156000
 157000
 158000
 159000
 160000
 161000
 162000
 163000
 164000
 165000
 166000
 167000
 168000
 169000
 170000
 171000
 172000
 173000
 174000
 175000
 176000
 177000
 178000
 179000
 180000
 181000
 182000
 183000
 184000
 185000
 186000
 187000
 188000
 189000
 190000
 191000
 192000
 193000
 194000
 195000
 196000
 197000
 198000
 199000
 200000


# name: optim_start
# type: scalar
147


# name: optim_steps
# type: matrix
# rows: 1
# columns: 201
 9 34 115 171 215 216 217 218 219 220 221 222 223 224 225 226 227 228 229 230 231 232 233 234 235 236 237 238 239 240 241 242 243 244 245 246 247 248 249 250 251 252 253 254 255 256 257 258 259 260 261 262 263 264 265 266 267 268 269 270 271 272 273 274 275 276 277 278 279 280 281 282 283 284 285 286 287 288 289 290 291 292 293 294 295 296 297 298 299 300 301 302 303 304 305 306 307 308 309 310 311 312 313 314 315 316 317 318 319 320 321 322 323 324 325 326 327 328 329 330 331 332 333 334 335 336 337 338 339 340 341 342 343 344 345 346 347 348 349 350 351 352 353 354 355 356 357 358 359 360 361 362 363 364 365 366 367 368 369 370 371 372 373 374 375 376 377 378 379 380 381 382 383 384 385 386 387 388 389 390 391 392 393 394 395 396 397 398 399 400 401 402 403 404 405 406 407 408 409 410 411


# name: VPVP_params
# type: scalar struct
# ndims: 2
 1 1
# length: 8
# name: lambda
# type: scalar
300000000


# name: downsample
# type: scalar
10


# name: MaxIter_X
# type: scalar
200


# name: MaxIter
# type: scalar
50


# name: optTol_X
# type: scalar
1e-06


# name: progTol_X
# type: scalar
1e-10


# name: optTol_aW
# type: scalar
0.0001


# name: progTol_aW
# type: scalar
1e-07




