# Created by Octave 3.8.1, Thu Nov 30 04:04:26 2017 ART <gabrevaya@ws20.labo5>
# name: y_start
# type: matrix
# rows: 15
# columns: 1
 6.820486234673481e-06
 -0.0001302481313623683
 -1.676485752629853e-05
 0.0002221126235413632
 0.0001112854053079977
 6.653515311117626e-05
 5.195211157870135e-05
 6.452582074221711e-05
 -2.134074233230663e-05
 0.000105220737639725
 -7.927611051988482e-05
 1.148920864092869e-06
 -2.810406392402532e-05
 0.0003718418911206847
 -2.975127708830146e-07


# name: alphas
# type: cell
# rows: 1
# columns: 3
# name: <cell-element>
# type: matrix
# rows: 15
# columns: 1
 1.466630250923733
 2.138444208633688
 -0.9564581188867313
 1.866108253559634
 1.868780287189441
 1.125930456974344
 0.1914657213907442
 0.06552612866673287
 1.171474275418404
 1.729070726929697
 2.106765373668336
 -1.90147032355826
 0.04621408747292961
 2.611473331296954
 0.3110749173044053



# name: <cell-element>
# type: matrix
# rows: 15
# columns: 1
 0.2110378439479674
 0.4367531109965442
 0.9479575310557041
 1.386364157523581
 0.8673228238817191
 1.036615800093649
 1.443936949099508
 1.474322342650723
 1.403558701480252
 0.8917271019987989
 0.5550996971171196
 0.4620076756328196
 1.156380003233543
 0.7449304969491056
 0.4177658372392609



# name: <cell-element>
# type: matrix
# rows: 15
# columns: 1
 11.33580671913179
 13.19865718015333
 11.10152957508166
 10.5720234481485
 11.02288536545067
 12.53864002349779
 11.59795418231535
 10.95945131700949
 12.06369687096637
 10.17658451238069
 11.74633846978755
 11.00672715187674
 12.05469902576752
 10.58058013061211
 11.35435552159569





# name: W
# type: matrix
# rows: 15
# columns: 15
 -0.2147629524441523 -0.4120573095713708 -0.1696786661295062 0.6719080119706573 0.1868680380990749 0.1036030466929735 -0.08354779628369323 0.1806820191630793 -0.05375756730052385 0.2997592870857114 -0.05235014838329539 -0.04841350248354995 -0.490006588313512 -0.08952669610928263 0.08718827664093902
 -0.2129247940332729 -0.004856838374547683 -0.01452648619306276 -0.1679277004427202 -0.1116937510658012 -0.1828829409288829 -0.1245295976338121 -0.001989615916665141 0.1274814946329288 -0.0947839250532463 0.4477527211295524 -0.06878919662213988 0.4275988335534119 0.6018839467230909 -0.3247194434315627
 0.2552328150819941 -0.07742377818492388 0.02472175929415464 -0.3838553056456587 0.004335640509977552 -0.01667311367906164 -0.2037256622304433 -0.3505857210329004 -0.03002529315071951 0.007406262861390894 -0.2612861762998488 0.03600481252435491 0.1870125488707763 -0.2152021003706504 -0.09913781004522478
 -0.02351217639786712 0.05343621047682506 0.24331353346424 -0.3779803298947445 -0.1260048257815579 -0.2978501098341307 -0.02696003059177741 0.02042842122821209 -0.1401249089888252 0.3783239041038736 0.2234024831797177 -0.3401539884922608 0.5644413382493741 -0.2146378686322127 -0.1729257699797593
 0.09018985284592752 0.2502746842478961 0.2668170424164175 0.01009072585106592 -0.1323711499851082 0.2534713766694264 0.2598268034200993 0.172402165156425 0.1719519918715263 -0.2895936660768918 0.0003323433124864612 0.06707690214284631 0.304550888678037 -0.1658984405213077 -0.07140675450904325
 -0.1825449182383403 0.09791299183351686 0.04077363893030286 -0.4394634390971083 0.08062972117383281 -0.2417219127738994 0.01002709017459223 -0.004513012565896869 -0.2158695958389841 0.2663470408492857 0.02917572856576243 -0.1598689525710051 0.1294897253848641 0.1684028906656845 -0.2692217590514137
 -0.1652022904166512 -0.09187742701132376 -0.0393234738890236 -0.1678392260714388 0.1364682139142742 -0.0112612111276009 -0.3611260649079438 -0.04590668774025849 -0.02788970908625974 0.4185029491632356 0.3228912304591234 -0.2837749376500893 0.194842640557307 0.1482590052980818 -0.3298750705697129
 0.1785314856963526 0.1810943178914105 -0.2154650650012054 -0.01522195192996 0.01566018366496594 -0.1592594222716331 0.1217478984948579 0.2701823255274844 -0.1275147593633676 0.2641086323819132 -0.2714333829173082 0.05021566273057339 -0.007808755229246777 -0.5323793479351268 0.2106960124166714
 0.03906475097072285 0.3479564533042481 -0.07614782898464573 -0.1257788778771337 -0.1746916760938611 -0.1073313282767574 0.0774908819524037 0.01215384971389868 -0.2163076074138075 0.1752793936215003 -0.1178309577240342 0.07518958405445118 -0.03302223135062702 -0.1204530094036046 0.1802789214467929
 -0.09019533982349093 -0.2865572172315732 -0.114307527215648 0.1643547421980144 0.07502050514714864 -0.09017016521311559 0.2589750174649263 -0.1385055077858527 0.003686981585357102 -0.1825261460209427 -0.005913324326898815 0.378995020308756 -0.1626234731085146 -0.03229195003247168 0.02538784598224299
 0.1101593350265405 0.00618990322751386 -0.02686944254401457 0.1598077234557783 0.2814463288978512 0.179993347646871 0.0780373399933266 0.2229057106603477 -0.2659775391953658 -0.2171057633910131 -0.2844375501732312 -0.02170881765541238 -0.2260382460423476 0.09788615331118075 0.2585807453096364
 -0.3556958397491009 0.02823912799698291 -0.01549832477359214 -0.03922031716276143 0.1538550496130762 -0.1095577063646361 -0.1371857925056338 -0.07485492430245345 0.0775484371101772 0.3940619683310224 0.2244580925191516 -0.2323515282951534 -0.200175068985459 0.4188117042371071 -0.2499412822508741
 0.2829770709094473 0.02490252454746843 0.1972423266543102 -0.1182397175500006 -0.1904239307729302 0.07550143241944246 0.2418714438787261 0.2488040411760645 0.3255443450123255 0.02088737933697613 -0.03010029441569908 0.3830435668502931 0.01699327673742639 -0.1089450627019944 0.6168093551326793
 -0.01503023047912838 0.2618660022022424 -0.1556009831306429 0.3766792522435266 0.2140810455658025 0.1689420396707814 0.07117372142214975 0.1077958503185659 0.01249535142489001 0.08376122945279803 0.3305639529709175 0.0460334438393604 -0.1490657460954893 0.2294110676054581 -0.02562786178440146
 -0.2315076328962689 -0.2240887255444231 -0.1232119915901387 -0.2524287662815428 0.04880970294646731 -0.4150998937353506 -0.2516939626787444 0.06931101137910022 -0.08680229789761162 0.7021973559179158 0.2159379568127779 -0.3531224496227056 0.3387644426638721 -0.1310582452398996 -0.6798990854215429


# name: iter
# type: scalar
300000


# name: c
# type: matrix
# rows: 1
# columns: 15
 NaN NaN NaN NaN NaN NaN NaN NaN NaN NaN NaN NaN NaN NaN NaN


# name: mean_corr
# type: matrix
# rows: 1384
# columns: 1
 -0.01990606782063244
 0.03761475506609988
 0.04027995879667389
 0.04677583636268817
 0.08603868031248668
 0.08685475064191581
 0.1170375138410488
 0.1308257236133911
 0.1347472772324204
 0.1377954542055277
 0.1417824369721555
 0.142401137345842
 0.14765270247074
 0.1493465243645048
 0.1614159959100915
 0.1643824290857552
 0.1654211094097078
 0.3626318889247758
 0.3617534387257451
 0.3610302799243865
 0.3688422978332036
 0.3589996018457227
 0.357579878565887
 0.3525087123601508
 0.3499177524959957
 0.3416198173182192
 0.3495228276102409
 0.3452803290429253
 0.3405587235845888
 0.3410110408212557
 0.347047824365402
 0.3443910627046388
 0.3420656475723696
 0.3411309777889056
 0.3379050010952096
 0.3425938021888605
 0.3437762490399839
 0.3400056091785873
 0.3322149802608055
 0.3330684038011216
 0.3188703810231525
 0.3272251594881623
 0.3145176113123135
 0.3144039618058789
 0.3164849330188764
 0.3158622036041314
 0.3165300140593542
 0.3275524308629756
 0.3264808017119407
 0.3275328793218203
 0.3284058420208348
 0.3189887433860125
 0.3119638235794738
 0.3043378296156181
 0.3094359843077387
 0.2980453645157969
 0.3035973906804402
 0.3030548825371066
 0.3026488409477766
 0.3026835090277418
 0.300319326093231
 0.3006563230733582
 0.3022793812435471
 0.3004047639787492
 0.2930876352826787
 0.2995294911197418
 0.296294344067096
 0.2858886506410229
 0.2807850424305147
 0.2816415760900205
 0.2833510200181593
 0.2829886766562549
 0.2852946302202124
 0.2806338760302874
 0.2997165516977552
 0.2997661122047966
 0.2869349921159968
 0.2915785242859808
 0.3007541364398488
 0.2919790025346869
 0.2887653585152734
 0.2864544415933163
 0.2774195021271816
 0.2762356543727753
 0.2765696943733537
 0.2756200914865928
 0.2888663693553278
 0.2977034264669006
 0.3008229074362875
 0.3019301005491813
 0.2985898712018498
 0.283364723916684
 0.29748303466113
 0.2932173115670637
 0.2953638355633237
 0.2887794918216532
 0.2862682065031885
 0.2845801180405892
 0.2859594873780272
 0.2877321967106453
 0.2896400556152706
 0.288648546424372
 0.296893300342185
 0.2918831482236106
 0.2952448048987605
 0.2970630793577589
 0.2948171068192142
 0.2922303866762877
 0.2910331209279097
 0.4645296308401488
 0.4540913767988782
 0.4260297113938237
 0.4257111920632562
 0.4236855584226335
 0.4075274374917808
 0.4040372693519869
 0.3692440728233639
 0.3628204702748169
 0.356077758279339
 0.357948630740981
 0.3498019070671824
 0.3617314406412755
 0.3648491474280098
 0.3639740467691802
 0.3689025677041681
 0.3665208774418376
 0.3484769884363065
 0.3526893229138116
 0.3572055434452019
 0.3449165622573118
 0.3438044336525837
 0.3441724862203626
 0.3460615399478494
 0.3482962088984786
 0.3476601682501247
 0.3442879335555673
 0.3300358501682778
 0.3163418171938303
 0.3167060513059387
 0.3230159279568085
 0.320090422523809
 0.3081574700507831
 0.3138273634658513
 0.3128416678418756
 0.3041522131058027
 0.2911855864853605
 0.2913681263034854
 0.2948537407036433
 0.2928375991406961
 0.2970117568505814
 0.2892481358979367
 0.2914795016570883
 0.3033718563511025
 0.3059961250984125
 0.300803706533911
 0.3016515997645011
 0.3026114940491066
 0.296430173431702
 0.2985347573712129
 0.2888006343947383
 0.2819655394772725
 0.2820698988716526
 0.2800326975211265
 0.2805811971204737
 0.2801532368965867
 0.2791181977854042
 0.2937402267217022
 0.288069020046089
 0.2931111049145149
 0.293555359505776
 0.2994895138006581
 0.3048672082079277
 0.3076605330660583
 0.3077967102007843
 0.308406889952378
 0.3092660036169367
 0.3068721687510672
 0.3037223293880869
 0.3048591539965518
 0.3096505410242788
 0.3105459974398629
 0.3083998014298164
 0.3097636516298397
 0.3054285985292629
 0.3079266962517344
 0.3075036930487129
 0.3103074284503002
 0.305219093878151
 0.4657412999272423
 0.4655248928379947
 0.467834104837923
 0.4548169373904483
 0.4525073878468007
 0.4504904800921282
 0.4157049374504949
 0.4383018158186728
 0.4293753565818559
 0.4278434432729697
 0.3999481456454728
 0.3975013552589379
 0.394063602171513
 0.3855999677741233
 0.3837832554745403
 0.3791830820522393
 0.3836539472006232
 0.3879365869442574
 0.378875500818835
 0.3840592585417972
 0.3708865201811395
 0.3644560704610042
 0.3432893289995542
 0.3429564116476718
 0.3441239015843571
 0.3418891656368439
 0.3399096658686304
 0.338566452650932
 0.3370152092614272
 0.3413266395294528
 0.3466179643935962
 0.3402570417426362
 0.3390879656892699
 0.344103399991542
 0.3373215930676368
 0.3347283723268598
 0.3345142814079363
 0.3448157918761892
 0.3522035504046865
 0.3493024185617252
 0.3445441689212497
 0.3362532402056351
 0.3357865647160105
 0.3331249193657042
 0.3452653722621173
 0.346158380080735
 0.3518363311088351
 0.3520366790735493
 0.3546139102170204
 0.3560759691379798
 0.3675542429226768
 0.3694140845389277
 0.3602797967925674
 0.3594352243178595
 0.3626132724744426
 0.3610627083001064
 0.3609438823937959
 0.3597081302642874
 0.3572934885524123
 0.3687447223552554
 0.3725302527170818
 0.3714722709409151
 0.3706849420027353
 0.3682677332529597
 0.3700161098008617
 0.3669784754720928
 0.3671633173995648
 0.3565333387607034
 0.3455150559681624
 0.3313684381054166
 0.3315047517615828
 0.3327299620251642
 0.3459306883621352
 0.3433832140579505
 0.3467133564680758
 0.3405935049884409
 0.3377989741608057
 0.3416734859857961
 0.341187545489232
 0.3316506148464823
 0.3390281119658522
 0.3365979464048353
 0.3373745783267169
 0.3533682252819411
 0.3524065168959518
 0.3448499122999829
 0.3443116401058475
 0.3437672589889552
 0.3375335175159547
 0.3301159045833416
 0.3311521802911116
 0.3313722344895
 0.326330423794402
 0.3294259379842029
 0.331068636147301
 0.3284129435926393
 0.330785810076962
 0.328286395765903
 0.3392877410298848
 0.3412476770914781
 0.3423887623307955
 0.3404659858418714
 0.3385296870893549
 0.338401965922759
 0.3366776895892183
 0.3393234663581818
 0.3385459232873252
 0.3376636655506891
 0.3377701540104964
 0.3382825012694704
 0.3376449724168027
 0.3379131981310271
 0.3376532375559206
 0.340147885901794
 0.3440866880183238
 0.3482605239146944
 0.3487995509466277
 0.3453769936561275
 0.3469420166156685
 0.3421089710983484
 0.3421328240203366
 0.3416957845805914
 0.334626631107361
 0.3345013418944956
 0.3331202721827911
 0.3314343984324361
 0.3398615382878049
 0.3290738272117112
 0.3302698876214049
 0.3332402298983388
 0.3342279902518499
 0.3432947225362237
 0.3432757364092128
 0.3418129387105422
 0.342433689907601
 0.3449320645997203
 0.3418660778177741
 0.3352979735699869
 0.3354791397142068
 0.3373068371658615
 0.3361964644639478
 0.3360882931469007
 0.33720142105218
 0.3367214980512012
 0.464543125429324
 0.4611866373733157
 0.4579610273162558
 0.4581794277461145
 0.4573168392495716
 0.45717561441145
 0.4484264991705623
 0.4256076919254422
 0.4104052462721263
 0.4176602959569032
 0.4114515861208235
 0.4102399169671947
 0.4022113631963024
 0.4045256325224649
 0.4142644007952138
 0.4116598129460461
 0.4182564214674807
 0.4037870687804751
 0.390025270663824
 0.39032451625818
 0.3902927527124174
 0.3930482037954835
 0.3842414572031568
 0.385713048965346
 0.3837494502893884
 0.3811359645187988
 0.3782008100316521
 0.3802906183761492
 0.3778566311662435
 0.3795541444377202
 0.378268048365605
 0.380567699740553
 0.3793648064199618
 0.379531847853022
 0.3787188557145707
 0.3776792553297927
 0.3797792552949358
 0.3767389895988236
 0.3774636043606049
 0.3777015607939203
 0.3744271702330755
 0.3691608085934551
 0.3642043186104903
 0.3628475093683585
 0.3629922215015062
 0.3592451068810551
 0.3608897479792832
 0.3523562308150195
 0.3523884943559189
 0.3516450987178923
 0.3607057375871202
 0.3595455864472001
 0.3519324057026253
 0.3494633816104867
 0.3460186240797834
 0.338201054760573
 0.3382309064073362
 0.3413912861143488
 0.3405059122025392
 0.3438743976393395
 0.352399823594405
 0.3525749950036764
 0.352166727605482
 0.3521335045449964
 0.35506703220053
 0.3523861582213762
 0.3513704431515641
 0.3538385554683343
 0.3539748220935203
 0.3548163039683901
 0.3573475159936838
 0.3529169741830618
 0.3499288986378615
 0.3518098605797054
 0.35170096670521
 0.3522620484807092
 0.3521380644192703
 0.3552208674587733
 0.3557561338903247
 0.3465378348707936
 0.345548126958116
 0.3495175422602875
 0.3531979159248944
 0.352077406360371
 0.348396782103603
 0.4581984213535809
 0.4548870353393513
 0.4471124819278653
 0.4468891880844572
 0.4483993452872003
 0.4180488684399306
 0.4387881424374689
 0.4436651892295957
 0.4371203572370483
 0.4369360090967612
 0.4443216288630637
 0.4472859566888509
 0.4342730679813871
 0.4282366105768036
 0.4261235267544871
 0.429091219235417
 0.4161367528377601
 0.4154572575235461
 0.4111265900565564
 0.4096113232025197
 0.3980118517622413
 0.3992992585270702
 0.3975176164011336
 0.4063175311446058
 0.3992422180562507
 0.3972205041176648
 0.3895741355658532
 0.3947505313906114
 0.3948043540038403
 0.3951497046684889
 0.3947426316174367
 0.3908620575881034
 0.3907816453999037
 0.398681363768396
 0.3977710954660661
 0.3975260481692711
 0.3982651021962754
 0.3938988847515756
 0.3982028562719555
 0.3959210911758048
 0.3937571648931767
 0.3978802076846782
 0.4023654206931235
 0.4031410923653173
 0.4044420625652227
 0.3976197391797581
 0.3970140698118638
 0.397527415555981
 0.4006129797793099
 0.3996915237893264
 0.3992320190052092
 0.3988133569110791
 0.3939001834153709
 0.3963494177522066
 0.3971483189901306
 0.3989309466609371
 0.397628646492021
 0.3975849271625001
 0.3975730785874556
 0.3972534994428233
 0.3985413501357121
 0.3978488519471023
 0.3991609031563594
 0.3912339579853012
 0.391358337412378
 0.4712611298196446
 0.471831915132315
 0.4650535601933777
 0.463598728891238
 0.4653515793409647
 0.4662924546095856
 0.418827026480815
 0.4180056034837156
 0.4151001064796726
 0.4147731893953509
 0.4173306074697303
 0.408829280979733
 0.4025022448497571
 0.4075017583565492
 0.406831093922758
 0.4074933723854027
 0.4035680384855214
 0.4019771910011751
 0.3864504586484926
 0.3880892109741345
 0.3894718165730244
 0.3908387715571011
 0.3915076899665216
 0.392562130672124
 0.3927312717780771
 0.3889631786920426
 0.3873092140851817
 0.3899584723304874
 0.3919196366131061
 0.3943168361861487
 0.3871158035332651
 0.3884163036652051
 0.3895457433583649
 0.3950085317684414
 0.3912632667019282
 0.3958563581589548
 0.4020589064465328
 0.4014440352256959
 0.3994678837125506
 0.4043590809750803
 0.4064059037350546
 0.4048763217409211
 0.4032523317816681
 0.4066348047632681
 0.4051880525309793
 0.4046333536664027
 0.4060187497178988
 0.4051705336859307
 0.4069590355803813
 0.4070233951384802
 0.429399441721758
 0.4207545614568901
 0.4202747830721483
 0.4178624774901167
 0.4388153355309987
 0.4265671857512413
 0.4256991441804235
 0.4268548572954693
 0.4287976780489965
 0.4288382245061884
 0.4238523491925674
 0.4192790009510021
 0.4207711310545917
 0.4208070799505958
 0.4206488965528473
 0.4229805839692791
 0.4210501385915348
 0.4217842653943211
 0.4246898843645004
 0.4252398491630219
 0.4253999318472292
 0.4254947881421983
 0.4265837541693814
 0.4244890420823806
 0.4222162108000603
 0.4232817044936613
 0.4252548724550996
 0.4268402257337766
 0.4259123796175767
 0.4257776967924348
 0.4261384552354315
 0.4234188591966666
 0.4214529643233163
 0.4218164294997011
 0.4217532153689557
 0.4214838405220875
 0.422073418380054
 0.4220567951655693
 0.4238342114887214
 0.4225048349885666
 0.4222985330538326
 0.4202772820163875
 0.4231133260058177
 0.4217963543947968
 0.422503440286312
 0.4230953515842963
 0.4201441048970964
 0.4223415328062126
 0.4235665423421952
 0.4239187758886637
 0.4238657499277341
 0.4240851362669222
 0.4251514590197851
 0.4272460896147383
 0.4265781643658296
 0.425614610300928
 0.4261173821220185
 0.4260357807650428
 0.4265431210610446
 0.4265975888298769
 0.4790845528028535
 0.4745988480576601
 0.4753246416593181
 0.4714871253791298
 0.4635432655957338
 0.465273252272819
 0.4657161249259888
 0.4652354416257046
 0.4649057579520717
 0.465160907532102
 0.4632908366231455
 0.4571979615822314
 0.4568295599615676
 0.4576296278993878
 0.4577555300446104
 0.4520240622235063
 0.4524517113421845
 0.4470429560082863
 0.4413569219829875
 0.441806277908746
 0.4435597392936749
 0.4420174512414974
 0.4425679649698601
 0.4401365121615518
 0.4404643822748699
 0.4401130116661169
 0.4412766534597127
 0.4394198482738347
 0.4399176727185518
 0.4403838039791205
 0.4399962334942398
 0.4403895101643217
 0.4380604518795732
 0.4380278801621377
 0.4393142494909267
 0.4370203561983626
 0.4347431143296417
 0.434139555633169
 0.4331491186330654
 0.4359658869247999
 0.4361719279306898
 0.4355018600959333
 0.4335774813458489
 0.4319177814320543
 0.4304326032655008
 0.4314501066073381
 0.4314114754208497
 0.4316948334362776
 0.4315107592482207
 0.4301774071199373
 0.4296736819309798
 0.4295037276561475
 0.4304866976266972
 0.4301819326351723
 0.4304001716536112
 0.4305083352852801
 0.4313499826951565
 0.4320916795636233
 0.4869355492585937
 0.4868626241272673
 0.4863201120750859
 0.4864171979497466
 0.4709304390820991
 0.469945974195442
 0.4695168075347164
 0.469872961061118
 0.459065033688596
 0.458127531914636
 0.458146865328063
 0.4585429526404735
 0.4590563027817922
 0.4540049285162302
 0.4585598526946388
 0.4506967010627927
 0.4505935582362633
 0.4511555109398416
 0.451059463463895
 0.4502520336431311
 0.4502042772857694
 0.4499219154855015
 0.4494566491551463
 0.4491202263695682
 0.448665131443278
 0.448246356497928
 0.4481172178266008
 0.4496937796303012
 0.4537028407262428
 0.4536664211265037
 0.4523428252599758
 0.4542998570374583
 0.4547143928912191
 0.452429368821588
 0.4509384569552586
 0.4500055524648642
 0.4485614482494414
 0.4497764749586342
 0.4476171885179183
 0.4473661585311989
 0.4461270661967722
 0.4447274564257658
 0.4439249406008277
 0.4421547830001172
 0.4419369699489876
 0.4420477018707096
 0.4417147228884746
 0.4542368693486625
 0.4516754883759023
 0.4487891691975633
 0.4501709691953159
 0.4503266162519667
 0.4591917317822861
 0.4681537077324733
 0.4667597384860624
 0.4649447404031873
 0.4657569332113933
 0.474114635825264
 0.4745035094339665
 0.4747692192985563
 0.4731805910751808
 0.4720797077610034
 0.4691262397530069
 0.4664753544245155
 0.4676776052502489
 0.4689120167535894
 0.4687427318814949
 0.4676974986262314
 0.4697530537019638
 0.4704300845278327
 0.4692710668221144
 0.4716386173824044
 0.4687317089161126
 0.468553597953485
 0.4620856477327537
 0.4663301970065952
 0.4643964786906976
 0.4661587568187648
 0.4675600604163242
 0.4676685049523595
 0.4636836102732115
 0.4639557005800831
 0.4879869684503616
 0.4843440496089824
 0.4766323787196944
 0.4741427696394779
 0.4726401592683667
 0.471796092817776
 0.4731111986756893
 0.473232808152482
 0.4720591403675948
 0.4590340002751204
 0.4619317280052887
 0.4620407744976904
 0.4622193417230452
 0.463988739415537
 0.464784270793867
 0.4629888409528465
 0.4631775875912981
 0.462798724947585
 0.4673583802467359
 0.4662360605995824
 0.4667155547853075
 0.4669887538389678
 0.4619654320301355
 0.462078398203625
 0.4617666617694694
 0.4630396839543855
 0.4576604191224953
 0.4570812342599931
 0.4606886809192144
 0.4676577139765125
 0.4661336967256689
 0.4662860340337738
 0.4662928122430753
 0.4659252594045034
 0.4662491529297444
 0.4670726766107812
 0.4656744963606079
 0.4669079800478426
 0.4671502484415821
 0.4751826935969928
 0.4754043434541965
 0.4732285438971129
 0.4911510361851464
 0.4703500035932916
 0.4696745623406696
 0.4744151780598649
 0.4745610676119729
 0.4727613025990677
 0.4746605863980852
 0.4741323292826134
 0.4678639695010248
 0.4678315010161969
 0.4677552095569519
 0.4682238806633857
 0.4680897958836369
 0.4676991273028459
 0.4656986625289524
 0.4632174514373172
 0.4635970385174263
 0.4655952727597477
 0.4667518557647437
 0.4662890002344648
 0.4614252965464145
 0.4596891825879706
 0.4615603168020693
 0.461248275483689
 0.4579173241092109
 0.4580140410713582
 0.457929930744947
 0.4585776363988559
 0.4584241382554504
 0.4613038981791672
 0.4598837860385386
 0.461832978158128
 0.4610671437257923
 0.4619008231848897
 0.4618225160476981
 0.4617873546994815
 0.4617384747187605
 0.4621481466058153
 0.4610109491600703
 0.461600724937238
 0.460066802754983
 0.4601963964281541
 0.4598496786246944
 0.4602840912961093
 0.4607301613952404
 0.4603178506771797
 0.4604283160836353
 0.5004143610529888
 0.4960777331785471
 0.4957911944170802
 0.4834492935627309
 0.4827964605208478
 0.4816480983663547
 0.4749783152844063
 0.475781565434892
 0.4754312916043248
 0.4758292640873322
 0.4756033768699328
 0.4752554590915898
 0.4757715406391914
 0.474366982197558
 0.4751255374143506
 0.4752983192713141
 0.4735227458028664
 0.4731806642203236
 0.4729092616172735
 0.4751695331195871
 0.474759418695445
 0.4745408437140161
 0.4801057726518792
 0.4803893330394001
 0.4809331511859874
 0.4796293099887872
 0.4786111099112192
 0.4777297890279064
 0.4774891260927004
 0.4789695633706142
 0.4803095688643835
 0.4742116507294629
 0.470197562149976
 0.4704714466431293
 0.4715774878951477
 0.4721519000006247
 0.4714437143031776
 0.4714238191099801
 0.4716439910576454
 0.4714894065742319
 0.471131196138977
 0.4704933463221469
 0.4705089804210558
 0.4710220077757767
 0.4708013575594376
 0.4697051701488684
 0.4677867131828964
 0.468106319374807
 0.467795293320959
 0.4680044591811511
 0.5064790144597034
 0.4964977274022105
 0.4761736866588719
 0.4761405932130486
 0.4762173471706868
 0.4767874302487266
 0.4762432838058129
 0.4771859027676573
 0.4699527747783153
 0.4718610317411492
 0.4700642974336176
 0.474652352358575
 0.4750522800342151
 0.4675818788494232
 0.4691580824263843
 0.4645582942105477
 0.4631802446586665
 0.4643336557921111
 0.4647899684869488
 0.4634144120139306
 0.4642780840596234
 0.4633886423079773
 0.4636962196577744
 0.4630226606958712
 0.4627646667931792
 0.4631294681304118
 0.4624742081612916
 0.4621858183704665
 0.4645998058863591
 0.4624037701563474
 0.4624468283713275
 0.4632194117184375
 0.4634996053082514
 0.4636597674853788
 0.4640263544081773
 0.4647304740060648
 0.4638830761734309
 0.463121499167706
 0.463233174932572
 0.4631583746515267
 0.4596484858145435
 0.4601836396080861
 0.4613279244040825
 0.4596164481074693
 0.4595605427092037
 0.4594548191723705
 0.4592581217396418
 0.4607864058124077
 0.4617710575825144
 0.4626893260676346
 0.4627155745712989
 0.4633931183320341
 0.4631918387184022
 0.4620059136713344
 0.4620563092706514
 0.4617120570024283
 0.4614670053293246
 0.4611051034857899
 0.4605585195221907
 0.4613860290867505
 0.4636887138258397
 0.463915388521076
 0.4632239831479976
 0.4631499460265326
 0.4630791400888034
 0.4631666202823537
 0.4637873355166505
 0.5080586629660846
 0.4948168803378748
 0.481134881150528
 0.4816772486510591
 0.481917403510041
 0.4643060103679684
 0.4601431790965517
 0.4637335597837183
 0.4637220128099168
 0.4525728372463356
 0.4548107867934803
 0.4554349551849043
 0.4536829868888457
 0.4540707343703445
 0.4560471205762802
 0.4580611919225893
 0.4603680151187506
 0.4606762714989646
 0.4615236071327145
 0.4623088089830423
 0.4592643177333476
 0.4603828399748141
 0.4585625478749048
 0.4588362123581565
 0.4606779550060998
 0.4662659665775443
 0.4662209961384194
 0.4630626328032423
 0.4634855606591547
 0.4640971328137957
 0.4645288988790413
 0.4620894061036651
 0.4602239186154368
 0.4648375709925184
 0.4646836629124216
 0.4640473937449101
 0.4631948780368098
 0.4610552352776639
 0.4615241311068702
 0.4658520880445289
 0.4615770623303418
 0.4655831868117243
 0.4689963076543325
 0.4687957400449271
 0.4683154246678314
 0.4684112251489057
 0.4680466864020226
 0.4693031182210049
 0.4689458233091647
 0.4681760697560525
 0.469238929490311
 0.4714308543427392
 0.4711822435769585
 0.4712433727040849
 0.4707718828028625
 0.473900586197392
 0.4729663614316292
 0.4724029979493511
 0.4710692322732434
 0.4706606131793073
 0.4732130295626635
 0.4728130400462906
 0.4726416729893075
 0.4726361495045706
 0.4718141053770103
 0.4748032373105125
 0.474188748861448
 0.4747180147118731
 0.4746068327576471
 0.5247542139611557
 0.518603457887109
 0.5192052923259857
 0.5201032641307907
 0.5098633278390445
 0.505416147536939
 0.5045262537598804
 0.5018024577089201
 0.5022052448624863
 0.5019251613331899
 0.4969062735246877
 0.4964356588450044
 0.4950337512874144
 0.4962472007209266
 0.4950910754900079
 0.4935183043773743
 0.4932292111160155
 0.4878969876659703
 0.4889081666168902
 0.4885880312811106
 0.4882803629936814
 0.4858664607124805
 0.4874883679865684
 0.4866660001122211
 0.487991093219775
 0.4855377220933077
 0.4863694150219376
 0.4920485273797128
 0.4931367030164708
 0.4897199799038915
 0.4873663147545959
 0.4870999858533785
 0.4884420608423219
 0.4874235579768176
 0.4883510399879217
 0.4923938782413229
 0.4905090659054924
 0.4897809026312949
 0.488320050773144
 0.487625066805933
 0.4875199480234223
 0.4880111419685934
 0.4844525129870547
 0.4837099233915069
 0.4835600510557257
 0.4827809187324276
 0.4827575206897973
 0.4823664374713272
 0.4821743858193478
 0.4837522794325613
 0.4844631817746543
 0.4843693061891944
 0.4841919529328889
 0.4833443182804936
 0.4823150744680872
 0.4855337339110113
 0.4843897955362774
 0.48465366754182
 0.4849685781418328
 0.4840666069079104
 0.484050088157472
 0.4845340711539152
 0.4843781724963078
 0.5222540334647373
 0.5157019038971496
 0.5150983421427635
 0.5111614581062734
 0.499079848217467
 0.4992531636121237
 0.4915629215114826
 0.4894212927109942
 0.4887105146939424
 0.4883559131848853
 0.4883534781010009
 0.4913366431308253
 0.4883841180918638
 0.4912374532981117
 0.489852969645599
 0.4849867703980555
 0.4846845633444216
 0.4831906273734703
 0.4832046237457643
 0.4847956475389441
 0.4873688169045616
 0.4876590391974592
 0.4881434851829697
 0.4881477795656372
 0.4857455868569908
 0.4855549684233946
 0.4851023860972308
 0.4848917817149158
 0.4849578962292128
 0.4836817928105338
 0.4847968195546145
 0.4852307325908629
 0.4851295048345398
 0.4848562899710797
 0.4827358611046851
 0.4800144619143099
 0.4801457537002485
 0.4807727072553669
 0.4809233525581751
 0.4819353934059915
 0.4823865383693857
 0.4821230187616365
 0.4829795850681018
 0.4827049349382573
 0.4812705180865879
 0.4803906689170384
 0.4808427646274263
 0.5209506942641721
 0.5154253321239177
 0.5158486711030676
 0.5175553779906289
 0.517674214898909
 0.5111549875577601
 0.5143965720179577
 0.5158386014531217
 0.5170088033373256
 0.5172232115166502
 0.512778405895799
 0.4892589744483607
 0.5029826823004045
 0.4945682086557862
 0.4993388540475877
 0.5120888014192456
 0.5077592239001241
 0.4981876091631415
 0.4803378688149545
 0.04406714873774419
 0.03697298628828397
 0.491863783102515
 0.4805550309528613
 0.4877571350202417
 0.4724767560831418
 0.4759986738578517
 0.4709649649671732
 0.4688364794500882
 0.4672662521653307
 0.4795121658584227
 0.4773727348356668
 0.4751420649790747
 0.4699923072818304
 0.475616977843113
 0.4723760369670706
 0.4699366790291768
 0.4773104274646059
 0.4661279488627245
 0.4748205246172444
 0.4776449750084942
 0.4752026163801087
 0.3700623866413851
 0.3836597028027762
 0.3932391311651658
 0.361906655477674
 0.38706861111904
 0.4009475639831209
 0.3946470165054011
 0.393904867201633
 0.4023708730320096
 0.4047425379608953
 0.4008143288517453
 0.4257815970851656
 0.4449986510657249
 0.4444051111347161
 0.4356718873510315
 0.4361054230857749
 0.4395307820613887
 0.4428297801397115
 0.4391217477021659
 0.4394835016502212
 0.4409921809137403
 0.4409263377601599
 0.4446879126828435
 0.4468878517342424
 0.4504788929429516
 0.45451686861859
 0.4555044801188672
 0.458182757188042
 0.4580628830352017
 0.4607368660198166
 0.467280506160188
 0.468375499555363
 0.464305403375207
 0.4736991136320918
 0.4740836063903776
 0.4771250985168211
 0.4745277452151179
 0.4777717940300476
 0.4833588372744037
 0.4826013917508312
 0.4942737489325998
 0.4948954811708288
 0.4926607581834837
 0.4910434328778636
 0.4348310666098836
 0.4392177425754557
 0.4357171782913323
 0.4522453592818106
 0.443834071912813
 0.438321582657785
 0.4402568647550181
 0.4359811863873902
 0.4479804538705613
 0.4498649647398919
 0.4428595213150582
 0.4475570274422934
 0.4418017064751403
 0.440727386455963
 0.4446157398336092
 0.4385393548794687
 0.4402267114871659
 0.4340769071435547
 0.4216191241565995
 0.4251780540455293
 0.4270231849395219
 0.4274179473621783
 0.4305494586652206
 0.4272696970012577
 0.4285733636047493
 0.4273605978732579
 0.4373715539888466
 0.4381579141029877
 0.4401453815754943
 0.4351627585741619
 0.4306773963348863
 0.4370539262364144
 0.4445615523699121
 0.4497428292671541
 0.4538933740150904
 0.4555045569419835
 0.4652922736117108
 0.4660697588541032
 0.4762544214566386
 0.4764713402933879
 0.4773323648369282
 0.4885692107761299
 0.4922363232251268
 0.4911970037031341
 0.490608835936422
 0.4942650389348425
 0.4952273041727674
 0.5004055689167501
 0.5005993205786333
 0.5008010880397298
 0.4971001188086924
 0.5029194447499699
 0.5063512902083599
 0.5061208234027609
 0.5207083594482442
 0.524742440548274
 0.5322017294746665
 0.5302076267131336
 0.5293978584619741
 0.5260717355100569
 0.5219919832178876
 0.5115647827342751
 0.5097855603507326
 0.5187760033450123
 0.5195949128293232
 0.5103823179372514
 0.5246099111885208
 0.5221009260834505
 0.5267599139053946
 0.5234179017218682
 0.5231953524116596
 0.5196641882194984
 0.5206869083180531
 0.529003180781017
 0.5261266809230881
 0.5296491778477157
 0.5325402535960756
 0.5420379521875358
 0.5402889300993627
 0.522474781368208
 0.5425307351775177
 0.5395537172496947
 0.5292535377740052
 0.5305172842714042
 0.534768208936337
 0.5282181120206836
 0.5246277720395308
 0.5199164055187384
 0.5227945676797497
 0.5194375711848604
 0.5231038927874321
 0.5366406256872952
 0.5260632768518816
 0.5199924673729248
 0.5268086360422414
 0.5242491823136162
 0.5245491142520595
 0.5288655193824898
 0.5247838086054059
 0.5249158942213452
 0.5250059644057365
 0.524536267714092
 0.5251318134517279
 NaN
 NaN
 NaN
 NaN
 NaN
 NaN
 NaN
 NaN
 NaN
 NaN
 NaN
 NaN
 NaN
 NaN
 NaN
 NaN
 NaN
 NaN
 NaN
 NaN
 NaN
 NaN
 NaN
 NaN
 NaN
 NaN
 NaN
 NaN
 NaN
 NaN
 NaN
 NaN
 NaN
 NaN
 NaN
 NaN
 NaN
 NaN
 NaN
 NaN
 NaN
 NaN
 NaN
 NaN
 NaN
 NaN
 NaN
 NaN
 NaN
 NaN
 NaN
 NaN
 NaN
 NaN
 NaN
 NaN
 NaN
 NaN
 NaN
 NaN
 NaN
 NaN
 NaN
 NaN
 NaN
 NaN
 NaN
 NaN
 NaN
 NaN
 NaN
 NaN
 NaN
 NaN
 NaN
 NaN
 NaN
 NaN
 NaN


# name: mean_error
# type: matrix
# rows: 1384
# columns: 1
 1.437679361161631
 1.396021603833659
 1.394248869618552
 1.392428800932678
 1.364782429568058
 1.364638344889644
 1.343858637769009
 1.333245456300814
 1.332921085716389
 1.331397865424735
 1.333522036253775
 1.333483775995124
 1.319929122017384
 1.311312789960586
 1.301938683831007
 1.30611666024348
 1.308830175221457
 1.286311569998582
 1.285138036872631
 1.289230559434634
 1.280879707189661
 1.283925500495788
 1.284294662047637
 1.292731161023863
 1.300879795517122
 1.305501613168434
 1.29230537201141
 1.279174853728032
 1.284523504247737
 1.284579020726931
 1.284867606261292
 1.28720804217255
 1.285848674694514
 1.285801224406595
 1.284477781903564
 1.283461423122724
 1.285240948714629
 1.284378881658885
 1.282594577907022
 1.280369997614665
 1.281564620231635
 1.264560838144423
 1.267869238249932
 1.268682319883501
 1.271630460502728
 1.270296906724114
 1.269149917744433
 1.26848622268154
 1.274796586537226
 1.273754359720607
 1.278136320638046
 1.289906801980741
 1.294908984235034
 1.295866956000962
 1.299814659658144
 1.297267128221547
 1.298084603063162
 1.297996420463826
 1.301034544076556
 1.30052356912048
 1.302218439794329
 1.301415195202979
 1.300786036184748
 1.304771665596536
 1.305730802115578
 1.288589778940151
 1.290566106230506
 1.291641181521785
 1.296954777433859
 1.296836776215192
 1.293147526636081
 1.293272934943018
 1.286197602692828
 1.29260381751907
 1.275112717276117
 1.272268387947059
 1.279597171644671
 1.275918817897076
 1.264897335823286
 1.270982002366629
 1.269581882309922
 1.270947273280824
 1.272925949606918
 1.272852713059387
 1.272718016708292
 1.27537642577324
 1.263378384886507
 1.260159175926334
 1.258898459624865
 1.256996146816276
 1.261133610526044
 1.273055838896383
 1.265748219995719
 1.266952667735452
 1.264911825543471
 1.271787126996679
 1.27197226993841
 1.272029742291505
 1.270900688944668
 1.272109766351627
 1.275421393405158
 1.277374498353602
 1.268189278661119
 1.272968296035976
 1.2710332195287
 1.268633966606294
 1.269371943204839
 1.267853232822971
 1.267029339242897
 1.21881643149511
 1.221175973371689
 1.214804241013971
 1.216506038511458
 1.22041457082642
 1.229495578755796
 1.233076947484773
 1.236027961759572
 1.239988327435837
 1.241769943722109
 1.245235694861432
 1.251428845636638
 1.224636632537693
 1.228747403364847
 1.231516684648817
 1.234722576979008
 1.237863247357424
 1.247490540404637
 1.245390830537735
 1.244905884111326
 1.255022052863779
 1.256895831839228
 1.259344090039675
 1.260016352856162
 1.259098191105697
 1.259471566971095
 1.26895590546868
 1.271673405168597
 1.281160642192495
 1.281464928134087
 1.275433547748608
 1.276975171503684
 1.287699018328705
 1.287951339468685
 1.288236295654526
 1.292883652477747
 1.29863645073984
 1.299003867198232
 1.300066431704241
 1.301949694127081
 1.30088342569481
 1.306576268069429
 1.302768581549979
 1.293055689217694
 1.294316537018328
 1.297890587744901
 1.29686870971319
 1.298551296398916
 1.294507318938501
 1.290198022472954
 1.291884071184996
 1.285253716807829
 1.285724262904424
 1.287138929052998
 1.287087476829762
 1.287823255603552
 1.289149887617249
 1.29311458797925
 1.289588302916006
 1.28974310401526
 1.289085129853667
 1.2888584900031
 1.286335218978715
 1.283082794265992
 1.283247905714231
 1.283794505094286
 1.283410449056671
 1.286039898153621
 1.286617475877903
 1.285284863724366
 1.28248886164857
 1.282650175759074
 1.284187431448273
 1.284348037012118
 1.284514945509397
 1.282691926504773
 1.28284096554158
 1.280185385036454
 1.283647006344542
 1.193083101854081
 1.192892572136416
 1.184533233440052
 1.185344358398446
 1.187775201509756
 1.18888683624802
 1.227929234491641
 1.208357687755313
 1.2110071055345
 1.209213026418906
 1.231064475238361
 1.233001025519148
 1.234135516983318
 1.24563975551257
 1.243970478992112
 1.243913546090437
 1.247317894195015
 1.247457303542361
 1.250254730832485
 1.250991669475797
 1.254226952360175
 1.256967273069357
 1.268198789652405
 1.26813179942398
 1.267514801837702
 1.267437508355238
 1.268387589438409
 1.266764549889103
 1.268234998049687
 1.261403931224146
 1.258114089136402
 1.264713443304301
 1.267898944255877
 1.268240971509974
 1.272367874984023
 1.271512795098684
 1.27174264340066
 1.257996210779526
 1.264110233619757
 1.263455712125715
 1.265643115649017
 1.271420599801572
 1.272016823147536
 1.272031593933719
 1.265097124822885
 1.263378847934376
 1.27559571885343
 1.272866389112885
 1.264298052543829
 1.265700474230024
 1.255767264486477
 1.256765092591161
 1.264860338366615
 1.267225244356316
 1.267434407928422
 1.270175787515762
 1.269557525313961
 1.268131955672185
 1.268839843634469
 1.259728453411137
 1.257628376299804
 1.258526159453947
 1.259618547755547
 1.258510911931488
 1.257008995936542
 1.258735464293326
 1.258208836931893
 1.266509002051029
 1.282088528416419
 1.28593476488247
 1.285933851971
 1.284851615211219
 1.280329213478479
 1.282697346722416
 1.280240867160237
 1.28404846639859
 1.285866077506818
 1.280759591300192
 1.278334869792053
 1.283319172735601
 1.277034918107814
 1.280319544068586
 1.283305646958081
 1.276556566535124
 1.274633994975498
 1.280309385998883
 1.278438871521776
 1.279616944860167
 1.284059120799703
 1.291122428097577
 1.289592265765237
 1.292147042627299
 1.293513264040475
 1.290927141322546
 1.286048858354594
 1.287529997054762
 1.287462701158245
 1.287491377383638
 1.281628941244582
 1.280964739050647
 1.275931744232714
 1.27676121534289
 1.279113081717578
 1.279083582222295
 1.276747969245145
 1.274417168898747
 1.274177724891443
 1.273698176401387
 1.273620806982497
 1.270782303274051
 1.270998347854118
 1.270850674423418
 1.276097641219244
 1.27631131765064
 1.268398849052834
 1.266142834656036
 1.264241830506764
 1.269398447239516
 1.27002348680456
 1.273206401363569
 1.27313035733715
 1.273203490113432
 1.278964446654716
 1.279277124491287
 1.280464486680493
 1.279934865336732
 1.274337367333586
 1.28183080345658
 1.280853843049661
 1.28242126866937
 1.279316530415294
 1.273611910755444
 1.27308689973272
 1.273502031512539
 1.271558259224782
 1.268644558650575
 1.273208673658182
 1.282877561669298
 1.282786785187355
 1.280280604857426
 1.280552837950064
 1.280381858330098
 1.279769306851835
 1.28001643070632
 1.188169831880383
 1.194480658786828
 1.199538982185122
 1.202376722862688
 1.205654070023648
 1.204011568685367
 1.20831186658952
 1.216360765546125
 1.219428590304561
 1.215730696124614
 1.223596591112954
 1.223077425539054
 1.231522538349976
 1.224721865748321
 1.216976686980936
 1.219206165306415
 1.219682840012352
 1.232784242202533
 1.245400573748749
 1.244975388163243
 1.245539934441397
 1.241827451673976
 1.23481518282619
 1.231245738251025
 1.231104050784243
 1.228100497613078
 1.226899225836471
 1.225292747129555
 1.221708758602936
 1.220621613149176
 1.220602945760656
 1.220446368493426
 1.22315517289607
 1.22286703743676
 1.227119299528803
 1.22720389981755
 1.222073191106062
 1.224798553752432
 1.224140510826333
 1.224469475026473
 1.230974472978719
 1.232237958269317
 1.235329966303721
 1.233959897524249
 1.238414748384935
 1.242007572493191
 1.239520871288848
 1.244154556012503
 1.243712443974444
 1.242796255264802
 1.245938865061074
 1.247320568258703
 1.25366933933504
 1.25343026458227
 1.257274399239592
 1.269224431386442
 1.268829342228836
 1.268331654410304
 1.27166473008889
 1.2700235334697
 1.261885672711659
 1.260920902863664
 1.25935350571295
 1.257462594256114
 1.254052733814442
 1.251144920756361
 1.252303476374314
 1.249878533816858
 1.250553923742598
 1.250070631770191
 1.250021690652471
 1.253494122408955
 1.25500692805013
 1.25437081113314
 1.254770138119554
 1.25487487040421
 1.25475721182512
 1.253329566873023
 1.256907171167283
 1.265349917518537
 1.267940208630662
 1.262033311438712
 1.259161940958345
 1.261684249392265
 1.262843067409558
 1.193167025900733
 1.195969370262493
 1.202335261091335
 1.202619933337368
 1.198999105453981
 1.223293689426149
 1.215634922820782
 1.212749481318576
 1.207782427196193
 1.214614979520161
 1.21647790182423
 1.204499685027668
 1.207241703014426
 1.217121630829893
 1.219145272952504
 1.209776540448809
 1.208262250602517
 1.209537307962918
 1.213362063538105
 1.216854330123186
 1.231140230072776
 1.231785993095625
 1.23315010854422
 1.221703566173179
 1.228346938945136
 1.223099227973823
 1.230457980074417
 1.235300127604353
 1.235100637183836
 1.23975893546475
 1.243879845408161
 1.245206972147886
 1.247826636323345
 1.248355348010434
 1.25352153717521
 1.252142293866485
 1.248436586057714
 1.250706966502595
 1.245476721072217
 1.255712942078677
 1.25948166510234
 1.254000197239399
 1.249872885956604
 1.247831158555518
 1.247839215736128
 1.255263939797805
 1.255674177679538
 1.256043980564836
 1.254472183930529
 1.25138924559086
 1.254321680825454
 1.255984359492569
 1.262456538342044
 1.258044160614041
 1.257779436429691
 1.256504418879135
 1.256835027917584
 1.25693701280539
 1.256683076969669
 1.260591862898121
 1.259966582453376
 1.260106678465593
 1.260021058811333
 1.267674070673256
 1.267778786391941
 1.190332637194861
 1.191064204528112
 1.199418055663653
 1.197129043103572
 1.203173086130701
 1.19656499920417
 1.229906035140344
 1.237787503849305
 1.237643488246062
 1.237665370384622
 1.234623569330838
 1.241921061276566
 1.237041406092023
 1.232563952554078
 1.232074917297829
 1.235782346903413
 1.240335614048482
 1.24184034341127
 1.249026176872192
 1.254964235822665
 1.249725459441539
 1.247613750212991
 1.248000688294554
 1.24828446015021
 1.241842570593934
 1.248958998627694
 1.250651338400337
 1.246690705536901
 1.244265744715024
 1.240584423599728
 1.242433222069925
 1.241166362635908
 1.241171099271995
 1.236128578128764
 1.237579144029473
 1.235648932831138
 1.225459361290656
 1.22389280289309
 1.223354205268073
 1.221816156380094
 1.218913709276422
 1.221709882298201
 1.224679583199235
 1.224156815235596
 1.226804186349512
 1.228018204964187
 1.229389145805003
 1.229420445943828
 1.228240486548375
 1.225161426510849
 1.223552565444491
 1.227331771514192
 1.225306847288512
 1.22562790256185
 1.207350244961491
 1.225345940757884
 1.222669748816883
 1.224077570356436
 1.222340983773724
 1.222395923466999
 1.227721312291705
 1.232739305106778
 1.232220402824205
 1.232473472498504
 1.232117573184337
 1.232206621558086
 1.237030767893543
 1.236222394504698
 1.234273204066603
 1.231883355165648
 1.232356496682751
 1.227415040245205
 1.225329975835941
 1.226196903449615
 1.229306113567826
 1.225387243117386
 1.222000947190543
 1.218548119888996
 1.219792745953335
 1.219814609753876
 1.219531046040063
 1.22447559219792
 1.224727099233048
 1.225461450798843
 1.225780891298088
 1.226333167893559
 1.226354433323889
 1.225459788445931
 1.224309759075389
 1.226251605072432
 1.227112279731167
 1.229674087262853
 1.228452474783836
 1.222799020155869
 1.221920647836072
 1.219017421362473
 1.218926582625285
 1.218261366221696
 1.217435616144034
 1.217511998989623
 1.217170403322381
 1.218272125914652
 1.213029014094828
 1.210670661658699
 1.209061968756485
 1.207749760543282
 1.208550640902487
 1.210498808760677
 1.208603904581931
 1.209262881992349
 1.173699499019213
 1.173559344720072
 1.172489951788023
 1.172435384895805
 1.172363720964408
 1.170712984995911
 1.173417317218249
 1.175807886153994
 1.176697592865825
 1.176495494400161
 1.176025448145271
 1.184634351735932
 1.180410622060305
 1.180841785990393
 1.182216231096905
 1.187348968097494
 1.186713718364405
 1.19751580707286
 1.20301926052953
 1.202867594774793
 1.199106529380061
 1.199585798623207
 1.199862333333627
 1.202075995255655
 1.200797263058633
 1.201354534842671
 1.200873315806893
 1.202523372584229
 1.199535016535844
 1.199189609815368
 1.199196493384199
 1.196354830051402
 1.200160819763595
 1.199938442497464
 1.199110652372096
 1.201015188917009
 1.203145868793097
 1.201532422533959
 1.201535623975547
 1.19973342051288
 1.199286763761906
 1.200218263910993
 1.200989306011998
 1.20176724107634
 1.204749523847415
 1.206220827547098
 1.207265569617135
 1.206701551319074
 1.207687858713858
 1.208591980257621
 1.20879493296641
 1.207901151438026
 1.207450346572381
 1.208173776977659
 1.208351165586058
 1.208891625065957
 1.207722047323683
 1.206765048186852
 1.171639852608251
 1.172269118934454
 1.17030656073556
 1.171714665816248
 1.18417961513772
 1.185031262075078
 1.185512238433646
 1.183498754638955
 1.190958664694443
 1.190935104438722
 1.190094265919762
 1.190279111965684
 1.189099723131327
 1.197843226273943
 1.192615910962646
 1.190594373827314
 1.193991488279195
 1.191351370430392
 1.193319798669322
 1.191661599786821
 1.192200591002517
 1.192644622297083
 1.193037070054095
 1.193183540257488
 1.193964809206506
 1.194009715232411
 1.193062590524961
 1.195816506272518
 1.195361853444459
 1.195560670767474
 1.198473035295753
 1.196204398556628
 1.195796818919913
 1.20002622495529
 1.201968596205472
 1.199654034559546
 1.197501210409129
 1.197498917048184
 1.199123085313101
 1.199480799634762
 1.197467558555579
 1.198757606146324
 1.195904373433117
 1.196828133702004
 1.195752082832412
 1.198621529505872
 1.19900768955488
 1.186103194676657
 1.188208202885007
 1.187973504564497
 1.193360242113347
 1.195067174449598
 1.190739686220498
 1.184916231671932
 1.186682350352857
 1.184912893900624
 1.186197081558928
 1.174580505749945
 1.170740663257252
 1.172346500940705
 1.174784488699536
 1.176245585531106
 1.180631749965274
 1.183046581962311
 1.181156326743704
 1.179993313277299
 1.186904492588926
 1.185906385076025
 1.183807893338223
 1.186701756431142
 1.186700723546179
 1.184496094841789
 1.188820410604968
 1.187989705317271
 1.193067636887076
 1.198971826084068
 1.199855744022816
 1.197600098242718
 1.19512146733225
 1.194705840797107
 1.199883204533049
 1.204784482660192
 1.189703568840195
 1.186872955815203
 1.190147602957803
 1.18959348014741
 1.190811701710557
 1.191367645249757
 1.189596466188408
 1.188738152437835
 1.183803316082234
 1.192987001898815
 1.192359929024395
 1.198202193893048
 1.197786241130035
 1.189860246281428
 1.187572917996433
 1.190494993448975
 1.190067818964028
 1.192918082847105
 1.191439625736215
 1.191661740787723
 1.191985748969957
 1.189814638406195
 1.193967998640617
 1.192622636233855
 1.189896699286718
 1.189489106143016
 1.196428638600844
 1.196744302324003
 1.192780906685065
 1.188441162236382
 1.185052631570716
 1.184818050913182
 1.185527595500971
 1.18536858049729
 1.185153337860995
 1.187218036714587
 1.189731122214567
 1.186955670795157
 1.187478369241049
 1.180202955542306
 1.179671071329804
 1.180464429384068
 1.16935488574356
 1.180779563913452
 1.182503852748641
 1.177850518122172
 1.177999397078114
 1.182123792641929
 1.176687364796466
 1.178136535202576
 1.183909827828899
 1.185887565425623
 1.18560701187078
 1.185383567082238
 1.187971710732271
 1.185534401160503
 1.186826828606537
 1.19273334000376
 1.190228801472795
 1.188497838904012
 1.192906877283852
 1.193046666579672
 1.196200552660503
 1.196967942273773
 1.19535471802122
 1.195801430308873
 1.200473183372056
 1.201601457915532
 1.204966395461577
 1.204029680272229
 1.203810304777911
 1.200701425944291
 1.200334658349754
 1.203950031680339
 1.203748335089765
 1.203085426621693
 1.204311495564326
 1.204410804065424
 1.204489878511804
 1.204251455162367
 1.203861938495996
 1.206567192374652
 1.209170054841175
 1.208929852075509
 1.208741161223737
 1.210575276501128
 1.209734785482265
 1.208898850455669
 1.209051562811496
 1.183391617141394
 1.177892171165983
 1.182472660732529
 1.187766192547492
 1.187741259558919
 1.192521848716242
 1.197311258513091
 1.196752360577055
 1.196230964520477
 1.200416352505994
 1.201620437436076
 1.202555536021915
 1.201618025236082
 1.200252996791381
 1.198920113301009
 1.197081992013755
 1.198691288561189
 1.199506405426546
 1.20000323718321
 1.195403894971762
 1.195891837990848
 1.190607387165848
 1.187446741276675
 1.187213051296719
 1.188465440456725
 1.189060552216284
 1.190150393394418
 1.190201039531213
 1.189437608307908
 1.187946477387855
 1.187639525077999
 1.188567351976983
 1.189451667760566
 1.189869205712482
 1.18841241963412
 1.190053080767497
 1.191091100017986
 1.190862899126936
 1.191819717784848
 1.192540918905206
 1.192224865178792
 1.192221453774611
 1.19243580687623
 1.194393803576322
 1.194922621540921
 1.196452684116228
 1.197638427893446
 1.196981874509852
 1.197066424553281
 1.195837732738483
 1.184584201147889
 1.191733922363985
 1.192949348669073
 1.192508844944856
 1.198850618244681
 1.198123646270423
 1.199457486643191
 1.196615546525603
 1.1992268081896
 1.198060269866541
 1.200976341779585
 1.197957368871349
 1.19776914340676
 1.205609216233504
 1.202147770472993
 1.206173824517915
 1.207587139826113
 1.205263203135779
 1.204149033041471
 1.201923854737735
 1.202514339696376
 1.206007448334077
 1.204483309945057
 1.204941638197547
 1.205293326994911
 1.206128650360025
 1.206257638957704
 1.207213143986681
 1.204501096121483
 1.207860248146395
 1.208116748887727
 1.208155595584598
 1.206870129385156
 1.207212549445343
 1.20563231924779
 1.204737729919193
 1.206460321477233
 1.2080598594031
 1.207913132781214
 1.208153651178227
 1.211761843913294
 1.211725453205322
 1.213358013282854
 1.214170621978202
 1.214818370938874
 1.214665425412423
 1.214821843312988
 1.212651191586799
 1.209656784265466
 1.209882297233381
 1.207237714982897
 1.206672149578159
 1.204768168548242
 1.205363695142048
 1.204800136538762
 1.205090571840334
 1.205270092503428
 1.20579160873236
 1.20561212523722
 1.204985561501958
 1.198914288396523
 1.199168403910283
 1.199671539340353
 1.199691511151665
 1.199559750066896
 1.199743838841826
 1.200473422135049
 1.175111974408035
 1.18450378956282
 1.211735907682725
 1.201710126092719
 1.2053183375225
 1.217646986577457
 1.221076813290766
 1.22007406485256
 1.219883992891694
 1.225317072637931
 1.224024703889385
 1.222803318434113
 1.221421517513489
 1.220233786311829
 1.220663975976473
 1.219082908729182
 1.216425766017178
 1.216584983338466
 1.217044526109073
 1.217792322755929
 1.220735906849136
 1.216729483230927
 1.222003592167796
 1.221927136672923
 1.2198656398455
 1.215614972854841
 1.213516149824076
 1.213213297044949
 1.216704021912913
 1.217010330335711
 1.220607684542636
 1.22325336501888
 1.223648758250075
 1.217144084653531
 1.216250171926685
 1.215964998361634
 1.21449365502429
 1.218433995450422
 1.218044250529468
 1.212368772006879
 1.218471033284797
 1.216773846401122
 1.213114704447041
 1.212977216213399
 1.212523186779652
 1.212317795950835
 1.212575634011327
 1.212310270197111
 1.212796543135338
 1.216013881423836
 1.215420325460568
 1.212804405600529
 1.212276877628482
 1.21231885782035
 1.212325422285756
 1.211818472868029
 1.211937361476054
 1.211257604414417
 1.2112488646547
 1.211822366457346
 1.211632787939937
 1.210170085422725
 1.212995909790354
 1.213759781611767
 1.216396143643569
 1.209408646384181
 1.210527364634478
 1.208406119022071
 1.210406891550195
 1.18280761632433
 1.182356366554134
 1.178868744947968
 1.174877465827802
 1.181570470937182
 1.182711262287493
 1.180807160306892
 1.180421530063952
 1.182028242967107
 1.182751551751046
 1.189039303663078
 1.189252642647647
 1.189890457153471
 1.191445191065312
 1.196685474548889
 1.196809310072571
 1.197748644244344
 1.202541911819786
 1.199262255267531
 1.201265145588581
 1.200783239966164
 1.201000040178981
 1.201683654424388
 1.201620754857552
 1.200578790146772
 1.203948499997923
 1.203688680739027
 1.197962902292081
 1.195378820546487
 1.1936880022452
 1.192243370423962
 1.191462894096907
 1.191345997742487
 1.193270689324619
 1.193296944562582
 1.193871168501602
 1.195701502936996
 1.196177311545915
 1.196881459253506
 1.196618084503448
 1.197213457505938
 1.19679207518371
 1.201770058262247
 1.202036977598023
 1.200931457435712
 1.200228039176199
 1.200376478033288
 1.200199870092846
 1.199392382792924
 1.199064893637866
 1.197908448664259
 1.19922014241042
 1.199779424451954
 1.199799462800613
 1.203285780679056
 1.200972364316607
 1.202176550440757
 1.202076048852619
 1.201294133670343
 1.20239262324018
 1.20556435015436
 1.206931083130996
 1.206051286986276
 1.171309639538875
 1.179957642652053
 1.184515342687938
 1.18214630560963
 1.186680792381664
 1.187660186591332
 1.190474486386138
 1.194227259376823
 1.195169145240205
 1.191575885582993
 1.192420397544709
 1.192709077561683
 1.192030456033637
 1.189812137879508
 1.190486436046527
 1.197513582982512
 1.196671673212155
 1.197616635603591
 1.197730049819743
 1.195526512117357
 1.198826017795505
 1.199719949140612
 1.200431290679415
 1.201507611977636
 1.201268612656335
 1.201076419852949
 1.202373124753508
 1.202764480128516
 1.203645664699931
 1.204837726819012
 1.205369579039283
 1.203361958596969
 1.202086765095849
 1.200397484095486
 1.201248805349233
 1.201342499554696
 1.199017663808293
 1.197094637801664
 1.19728253214148
 1.196263159055003
 1.197150880261088
 1.196802688450342
 1.195843226441349
 1.196125190905365
 1.198231922379242
 1.19878528994813
 1.198822324827407
 1.168778043752174
 1.18207796032047
 1.188984637324161
 1.172295206497339
 1.17436562366142
 1.167510164517769
 1.15882429102383
 1.16644505061893
 1.173698824180456
 1.166705507636617
 1.165563326495221
 1.179511200867101
 1.174092679830371
 1.176704861727073
 1.17401799135578
 1.166243689956743
 1.162444193355049
 1.17411750901589
 1.183473533808238
 1.17122117919199
 1.172750242966361
 1.179633574233745
 1.18299303254929
 1.182449495539725
 1.191197154508897
 1.188947410374073
 1.190572708322201
 1.18897132477502
 1.184249897052247
 1.172204860952236
 1.167560683874289
 1.16215461933849
 1.169890795062729
 1.164718581687652
 1.16197126560202
 1.167903902572485
 1.164554350079188
 1.183883427835431
 1.181181578605108
 1.17449660112205
 1.180547387117948
 1.24585324290244
 1.240661481971184
 1.248115497273222
 1.264632202990089
 1.23968523993325
 1.232066702349102
 1.236898271888685
 1.236673647534288
 1.223712590931871
 1.221449077959236
 1.223143361487443
 1.212587582388867
 1.200178554604528
 1.208064562055005
 1.20615847911865
 1.204621948651673
 1.211761342576484
 1.21464472092857
 1.195124642816352
 1.206190381071603
 1.210991188322678
 1.205130025091459
 1.198893908127839
 1.197264556324513
 1.193391809498466
 1.204467294589903
 1.193732615753689
 1.19587757029887
 1.191659900377445
 1.191147051667364
 1.186697676296633
 1.184346285466332
 1.193168815704738
 1.187503516233331
 1.193800784550954
 1.187129885772453
 1.196102365824367
 1.209584169273137
 1.196970652700013
 1.193311360539895
 1.18705344379167
 1.18605489597849
 1.192114276709764
 1.191004887796894
 1.233383579807051
 1.21965204881532
 1.215549536098049
 1.209334388395005
 1.229514849984991
 1.233172352082165
 1.231321064796592
 1.22840187305139
 1.220489955089629
 1.222146064173914
 1.229531675836985
 1.22062664659145
 1.23029105520465
 1.226571718654316
 1.219663733420065
 1.221060236361697
 1.234588655804653
 1.232490236901506
 1.229151352011172
 1.222870436742651
 1.223275206587331
 1.23300137941004
 1.227307241381882
 1.227043971473426
 1.22890328009169
 1.228570931676344
 1.215352025542848
 1.232017120164816
 1.226445348807823
 1.227773564362241
 1.226183809187881
 1.227797157194809
 1.223214603865852
 1.220386457013586
 1.224138677913956
 1.22551433774449
 1.23174130988369
 1.23214470156857
 1.231151035881363
 1.216864898153266
 1.219345777867194
 1.215224364678928
 1.20897907862257
 1.211077565333585
 1.208237277639487
 1.209986441222967
 1.219603486864585
 1.213627024791227
 1.20378316089291
 1.201445683250253
 1.208831888508556
 1.203913910102012
 1.209497127568574
 1.193181800338919
 1.179354974371589
 1.178884576867362
 1.170858981974714
 1.175625933250377
 1.187700588036398
 1.202623051313411
 1.201846090278321
 1.203388698364681
 1.211266993112365
 1.197266191656529
 1.201313524109891
 1.207026361854512
 1.206454029913675
 1.214628658792098
 1.210458629505438
 1.21348209892082
 1.220376242172027
 1.216714868573555
 1.211871069413083
 1.197828797428774
 1.209214675938092
 1.194188459521045
 1.17858576327615
 1.169925325094279
 1.175152079642419
 1.189524745968378
 1.181700005474565
 1.180820279550481
 1.192620579162475
 1.201743196225
 1.193667134829267
 1.203285674874962
 1.20373327894068
 1.204538331942831
 1.197755556609034
 1.201534726144753
 1.202087991910732
 1.183598201567911
 1.179051232947923
 1.180683214249129
 1.179296820343204
 1.180513959335301
 1.180425665997106
 1.184811244183942
 1.177511550791267
 1.186169745619551
 1.200962596037651
 1.178242664837889
 1.171361583137049
 NaN
 NaN
 NaN
 NaN
 NaN
 NaN
 NaN
 NaN
 NaN
 NaN
 NaN
 NaN
 NaN
 NaN
 NaN
 NaN
 NaN
 NaN
 NaN
 NaN
 NaN
 NaN
 NaN
 NaN
 NaN
 NaN
 NaN
 NaN
 NaN
 NaN
 NaN
 NaN
 NaN
 NaN
 NaN
 NaN
 NaN
 NaN
 NaN
 NaN
 NaN
 NaN
 NaN
 NaN
 NaN
 NaN
 NaN
 NaN
 NaN
 NaN
 NaN
 NaN
 NaN
 NaN
 NaN
 NaN
 NaN
 NaN
 NaN
 NaN
 NaN
 NaN
 NaN
 NaN
 NaN
 NaN
 NaN
 NaN
 NaN
 NaN
 NaN
 NaN
 NaN
 NaN
 NaN
 NaN
 NaN
 NaN
 NaN


# name: iter_improve
# type: matrix
# rows: 1384
# columns: 1
 1
 4
 6
 8
 18
 22
 54
 69
 72
 128
 133
 169
 221
 230
 231
 234
 340
 502
 505
 506
 508
 520
 521
 525
 528
 531
 544
 545
 559
 570
 597
 603
 612
 616
 631
 636
 646
 680
 686
 692
 699
 711
 718
 720
 721
 724
 726
 729
 732
 734
 745
 746
 748
 766
 772
 783
 793
 797
 812
 953
 1089
 1093
 1160
 1195
 1197
 1207
 1223
 1245
 1251
 1273
 1277
 1285
 1306
 1332
 1336
 1346
 1387
 1400
 1416
 1419
 1449
 1467
 1500
 1520
 1557
 2014
 2016
 2023
 2027
 2054
 2098
 2152
 2157
 2180
 2207
 2234
 2239
 2526
 2540
 2554
 2606
 2859
 2860
 2862
 2876
 2881
 2884
 2959
 2990
 3000
 3001
 3005
 3008
 3013
 3024
 3025
 3031
 3035
 3036
 3040
 3054
 3057
 3058
 3063
 3070
 3074
 3089
 3091
 3095
 3110
 3153
 3161
 3169
 3175
 3183
 3184
 3192
 3212
 3220
 3221
 3260
 3263
 3273
 3277
 3282
 3284
 3297
 3298
 3314
 3318
 3319
 3393
 3459
 3496
 3515
 3526
 3531
 3546
 3554
 3572
 3573
 3612
 3630
 3636
 3777
 3790
 3966
 3972
 4000
 4519
 4617
 4641
 4675
 4770
 4812
 4816
 4849
 4961
 4974
 4990
 5054
 5066
 5078
 5124
 5140
 5303
 5440
 5994
 6000
 6012
 6013
 6017
 6023
 6024
 6027
 6031
 6036
 6037
 6041
 6043
 6044
 6048
 6051
 6055
 6059
 6062
 6073
 6077
 6079
 6081
 6085
 6093
 6104
 6105
 6109
 6129
 6190
 6193
 6216
 6232
 6234
 6241
 6243
 6251
 6255
 6294
 6304
 6327
 6343
 6347
 6366
 6368
 6369
 6371
 6377
 6383
 6391
 6395
 6401
 6431
 6432
 6558
 6565
 6566
 6570
 6587
 6615
 6625
 6652
 6662
 6710
 6736
 6740
 6752
 6770
 6796
 6843
 6871
 6872
 6911
 6925
 6967
 6971
 6982
 6989
 7013
 7016
 7028
 7047
 7062
 7086
 7090
 7092
 7094
 7103
 7107
 7115
 7143
 7151
 7152
 7167
 7214
 7395
 7424
 7465
 7475
 7503
 7518
 7530
 7560
 7603
 7652
 7654
 7698
 7709
 7751
 7779
 7785
 7811
 7825
 7861
 7877
 7881
 7900
 7911
 7915
 7926
 7932
 7947
 7949
 7985
 7987
 8005
 8011
 8104
 8110
 8125
 8285
 8309
 8314
 8315
 8364
 8369
 8396
 8461
 8465
 8750
 8755
 8756
 8799
 8895
 8936
 9000
 9001
 9004
 9006
 9010
 9012
 9015
 9016
 9017
 9019
 9033
 9035
 9039
 9040
 9050
 9053
 9056
 9063
 9067
 9072
 9087
 9090
 9098
 9109
 9118
 9147
 9232
 9236
 9241
 9242
 9245
 9270
 9283
 9296
 9316
 9325
 9346
 9380
 9413
 9449
 9471
 9512
 9522
 9528
 9555
 9616
 9692
 9725
 9749
 9801
 9819
 9826
 9836
 9843
 9847
 9854
 9918
 10074
 10099
 10101
 10136
 10179
 10251
 10265
 10312
 10517
 10640
 10969
 11023
 11029
 11069
 11100
 11125
 11161
 11281
 11344
 11457
 11522
 11620
 11624
 11627
 11660
 11662
 11805
 11987
 12000
 12003
 12015
 12018
 12034
 12045
 12053
 12057
 12060
 12064
 12065
 12066
 12070
 12071
 12077
 12078
 12079
 12093
 12095
 12104
 12110
 12112
 12118
 12127
 12128
 12134
 12137
 12139
 12142
 12148
 12153
 12161
 12186
 12204
 12215
 12223
 12384
 12399
 12425
 12465
 12469
 12534
 12557
 12558
 12573
 12584
 12826
 12919
 12930
 13005
 13090
 13124
 13210
 13256
 13283
 13328
 13706
 13767
 14127
 14325
 14676
 14778
 14813
 14834
 14976
 15000
 15003
 15010
 15011
 15043
 15044
 15055
 15059
 15060
 15071
 15072
 15079
 15083
 15090
 15094
 15096
 15102
 15105
 15106
 15110
 15114
 15134
 15142
 15164
 15169
 15170
 15173
 15179
 15188
 15189
 15195
 15197
 15225
 15263
 15269
 15270
 15284
 15300
 15301
 15307
 15313
 15316
 15319
 15349
 15352
 15354
 15382
 15386
 15420
 15426
 15433
 15450
 15452
 15456
 15493
 15510
 15513
 15517
 15521
 15554
 15587
 15617
 15621
 15668
 15704
 15737
 15739
 15752
 15771
 15777
 15790
 15794
 15832
 15908
 15928
 15935
 15960
 16013
 16016
 16070
 16290
 16687
 16735
 16758
 16898
 16913
 16932
 16939
 16961
 16998
 17223
 17246
 17255
 17262
 17302
 17308
 17410
 17448
 17472
 17502
 17575
 17594
 17599
 17633
 17803
 17855
 17877
 17885
 17911
 17912
 18000
 18002
 18006
 18007
 18018
 18023
 18074
 18077
 18083
 18092
 18098
 18119
 18124
 18140
 18141
 18152
 18163
 18171
 18202
 18210
 18227
 18286
 18312
 18351
 18372
 18408
 18410
 18475
 18506
 18512
 18574
 18642
 18716
 18743
 18760
 18882
 18905
 18920
 18997
 19070
 19148
 19576
 19725
 19781
 19819
 19936
 19981
 20069
 20178
 20230
 20277
 20495
 20514
 20544
 20556
 20664
 20746
 20765
 21000
 21010
 21012
 21014
 21023
 21045
 21046
 21055
 21067
 21090
 21091
 21110
 21123
 21193
 21194
 21207
 21213
 21218
 21219
 21254
 21259
 21263
 21285
 21290
 21334
 21470
 21561
 21695
 21752
 21760
 21784
 21807
 21829
 21832
 21834
 21837
 21844
 21854
 21858
 21893
 21899
 22015
 22021
 22028
 22033
 22040
 22050
 22080
 22097
 22098
 22122
 22129
 22130
 22172
 22178
 22193
 22217
 22226
 22234
 22241
 22259
 22274
 22283
 22324
 22403
 22436
 22463
 22465
 22501
 22526
 22546
 22547
 22585
 22610
 22614
 22637
 22673
 22720
 22724
 22786
 22799
 22897
 24000
 24001
 24023
 24024
 24037
 24048
 24057
 24064
 24080
 24107
 24113
 24122
 24147
 24192
 24236
 24241
 24278
 24312
 24369
 24370
 24653
 24709
 24753
 24777
 24841
 24845
 24868
 24877
 24945
 24971
 25006
 25107
 25148
 25175
 25269
 26189
 26218
 26370
 26371
 26481
 26515
 26977
 27000
 27002
 27055
 27061
 27072
 27082
 27093
 27107
 27116
 27119
 27126
 27130
 27147
 27159
 27186
 27211
 27217
 27224
 27230
 27309
 27322
 27338
 27382
 27403
 27436
 27453
 27459
 27505
 27511
 27579
 27715
 27720
 27839
 27840
 27955
 28001
 28239
 28353
 28390
 28531
 28537
 28581
 28812
 28901
 28973
 29052
 29781
 30000
 30004
 30007
 30014
 30020
 30025
 30093
 30120
 30142
 30232
 30325
 30335
 30643
 30708
 30892
 31043
 31059
 31187
 31201
 31209
 31382
 31412
 31446
 31478
 31505
 31513
 31515
 31579
 31582
 31586
 31627
 31654
 31656
 31700
 31773
 31840
 31850
 31910
 31938
 31971
 32008
 32028
 32080
 32141
 32257
 32303
 32401
 32437
 32439
 32988
 33000
 33001
 33003
 33009
 33016
 33028
 33061
 33069
 33070
 33072
 33078
 33081
 33101
 33138
 33140
 33145
 33156
 33193
 33214
 33218
 33227
 33244
 33306
 33318
 33319
 33337
 33373
 33401
 33410
 33434
 33465
 33518
 33673
 33685
 33851
 33861
 33870
 33892
 34028
 34030
 34233
 34269
 34289
 34384
 34405
 34660
 34731
 34884
 34923
 34956
 34976
 34980
 35011
 35199
 35314
 35346
 35401
 35423
 35454
 35551
 35649
 35652
 35818
 35833
 35871
 35905
 35940
 36000
 36002
 36009
 36013
 36014
 36015
 36018
 36062
 36109
 36111
 36112
 36123
 36137
 36155
 36164
 36214
 36246
 36289
 36304
 36307
 36344
 36351
 36423
 36433
 36441
 36462
 36465
 36469
 36479
 36482
 36489
 36505
 36524
 36528
 36544
 36566
 36569
 36653
 36697
 36719
 36734
 36817
 36833
 36877
 36961
 37490
 37602
 37613
 37676
 37755
 37756
 37761
 37796
 37831
 37900
 37903
 37912
 37941
 38222
 38251
 38401
 38404
 38425
 38463
 38499
 38532
 38554
 38578
 38769
 39000
 39001
 39004
 39008
 39026
 39032
 39043
 39095
 39099
 39134
 39136
 39200
 39238
 39268
 39316
 39336
 39360
 39362
 39363
 39371
 39385
 39467
 39481
 39537
 39551
 39552
 39560
 39571
 39578
 39611
 39615
 39617
 39633
 39710
 39718
 39724
 39748
 39771
 39781
 39790
 39853
 39869
 39896
 39920
 39923
 39933
 40039
 40177
 40224
 40249
 40262
 40342
 40985
 41081
 41099
 41195
 41268
 41281
 41329
 41330
 41339
 41396
 41422
 42000
 42002
 42030
 42031
 42045
 42046
 42050
 42052
 42099
 42106
 42111
 42112
 42140
 42152
 42195
 42251
 42304
 42334
 42357
 42443
 42468
 42480
 42504
 42506
 42548
 42566
 42586
 42611
 42624
 42854
 42876
 42969
 43263
 43323
 43778
 43863
 43932
 44008
 44024
 44040
 44386
 44509
 44712
 44803
 44808
 44872
 44926
 45000
 45002
 45009
 45017
 45027
 45058
 45134
 45343
 45347
 46192
 46238
 46309
 46468
 46659
 47358
 47485
 47731
 47743
 47849
 48000
 48001
 48002
 48006
 48010
 48015
 48024
 48035
 48046
 48049
 48075
 48078
 48080
 48128
 48223
 48285
 49326
 49779
 49893
 50346
 50532
 50707
 51000
 51002
 51004
 51008
 51010
 51012
 51014
 51019
 51020
 51028
 51035
 51040
 51047
 51072
 51082
 51084
 51093
 51100
 51136
 51138
 51145
 51189
 51245
 51290
 51331
 51468
 51603
 51622
 51642
 51777
 51875
 52000
 52008
 52054
 52342
 52573
 52679
 52994
 53381
 53534
 53546
 53667
 53733
 53738
 54000
 54001
 54007
 54010
 54014
 54023
 54028
 54057
 54059
 54065
 54080
 54099
 54107
 54113
 54131
 54136
 54164
 54173
 54174
 54203
 54234
 54251
 54253
 54317
 54323
 54434
 54446
 54564
 54717
 54903
 55348
 55377
 55412
 55517
 55595
 55625
 55671
 55675
 55706
 55784
 55786
 55793
 55794
 55809
 55816
 55875
 55974
 55977
 56049
 56200
 56427
 56649
 56985
 57000
 57006
 57038
 57094
 57109
 57121
 57158
 57468
 57485
 57530
 57542
 57590
 57596
 57788
 57828
 59185
 59363
 59510
 59637
 59678
 59690
 59722
 59993
 60000
 60008
 60010
 60015
 60031
 60250
 60279
 60319
 60333
 60478
 60494
 62718
 62764
 62807
 62976
 63000
 63051
 63057
 63095
 63103
 63110
 63123
 63309
 63817
 64570
 65033
 65157
 66000
 69000
 72000
 75000
 78000
 81000
 84000
 87000
 90000
 93000
 96000
 99000
 102000
 105000
 108000
 111000
 114000
 117000
 120000
 123000
 126000
 129000
 132000
 135000
 138000
 141000
 144000
 147000
 150000
 153000
 156000
 159000
 162000
 165000
 168000
 171000
 174000
 177000
 180000
 183000
 186000
 189000
 192000
 195000
 198000
 201000
 204000
 207000
 210000
 213000
 216000
 219000
 222000
 225000
 228000
 231000
 234000
 237000
 240000
 243000
 246000
 249000
 252000
 255000
 258000
 261000
 264000
 267000
 270000
 273000
 276000
 279000
 282000
 285000
 288000
 291000
 294000
 297000
 300000


# name: optim_start
# type: scalar
502


# name: optim_steps
# type: matrix
# rows: 1
# columns: 101
 18 110 189 333 418 483 593 651 733 775 822 872 939 1008 1071 1118 1137 1159 1203 1256 1279 1294 1306 1307 1308 1309 1310 1311 1312 1313 1314 1315 1316 1317 1318 1319 1320 1321 1322 1323 1324 1325 1326 1327 1328 1329 1330 1331 1332 1333 1334 1335 1336 1337 1338 1339 1340 1341 1342 1343 1344 1345 1346 1347 1348 1349 1350 1351 1352 1353 1354 1355 1356 1357 1358 1359 1360 1361 1362 1363 1364 1365 1366 1367 1368 1369 1370 1371 1372 1373 1374 1375 1376 1377 1378 1379 1380 1381 1382 1383 1384


# name: VPVP_params
# type: scalar struct
# ndims: 2
 1 1
# length: 8
# name: lambda
# type: scalar
300000000


# name: downsample
# type: scalar
10


# name: MaxIter_X
# type: scalar
200


# name: MaxIter
# type: scalar
50


# name: optTol_X
# type: scalar
1e-06


# name: progTol_X
# type: scalar
1e-10


# name: optTol_aW
# type: scalar
0.0001


# name: progTol_aW
# type: scalar
1e-07




