# Created by Octave 3.8.1, Mon Jan 08 06:51:25 2018 ART <gabrevaya@ws4.labo2>
# name: y_start
# type: matrix
# rows: 10
# columns: 1
 0.5862658891907384
 -0.2987544793644107
 0.4353174569691737
 0.9803765728174907
 0.06624353912268889
 0.9224266019551524
 -1.001250356740413
 1.460475249026607
 1.531888473985376
 0.2645578725177424


# name: alphas
# type: cell
# rows: 1
# columns: 3
# name: <cell-element>
# type: matrix
# rows: 10
# columns: 1
 2.378148670670094
 1.208349568413682
 1.002014302614486
 0.3677225435261977
 0.3172364622150534
 -0.9487176801597265
 0.06356845205595835
 -0.1311918500974631
 0.4026176856605489
 2.569758858021508



# name: <cell-element>
# type: matrix
# rows: 10
# columns: 1
 1.280832980018479
 1.239784194189619
 1.047803655924882
 1.227135684157007
 0.9700059401628555
 1.935988676244189
 0.6790891721916013
 0.3251245549884401
 1.653536784005144
 0.2014782602144728



# name: <cell-element>
# type: matrix
# rows: 10
# columns: 1
 11.23606754511213
 10.41463492867698
 10.63031180277831
 8.519518078854748
 11.60377575205216
 9.797883960420624
 12.17708272018173
 12.02156019200782
 11.16918192299653
 12.60636787042153





# name: W
# type: matrix
# rows: 10
# columns: 10
 -0.08904236945757932 -0.09400090557458517 0.8926051726618001 -0.3257565603602836 -0.8004653176592939 0.2468876851375932 -0.09660204142603335 -1.306338768674864 -0.5482755335925074 0.5175828898769391
 -0.1284425492468227 -0.4390026484957721 -0.5215563026903922 0.2529166961386617 0.04008148662192584 0.2814134493034957 0.3367084969720499 0.3260078395861596 -0.1687175202182914 0.8183913333769335
 -1.210981466597343 -0.2571470848227933 -1.098629414641739 0.4990221709358348 1.148761364658495 0.1505523507935065 -0.2467589741275871 0.7476499762732118 0.2424605224841799 -0.3184443049122549
 -1.256749593061791 -0.2497225083200534 1.115090481536543 -0.4765691450709232 1.001600396107512 0.6390142872172416 -0.2030709483989725 -0.03141414990652261 0.3413868400626692 -0.2612130803113964
 0.5148734406745511 -0.3026216621724816 -0.1404380346214952 0.5019501909558189 0.462128465984535 -0.04669170974535088 0.9476544350090835 0.2351132461703081 -0.3009852868169605 0.4718451374782371
 0.07595989624364317 -0.7806154355973601 0.1896608768163054 -0.0142690131006345 -0.3610228975087142 0.008557302267357821 -0.363203662992748 -1.055523129078899 0.4291958135105339 1.02054241580036
 0.3262767085189928 0.01564721022998515 0.8441477281840584 -0.07223415172087577 0.1131858495286699 0.4619613743210143 -0.05791704316239669 -0.7168183137337427 -0.5126405120075777 0.2749788028378045
 -0.956870673452461 -0.781093481351905 0.4103880872011646 -0.1692037164219083 -0.4272794195716627 0.2232496978713876 -0.2068422243673142 -1.031537741007012 -0.4812432938367361 -0.5025009037812087
 -0.2778836502842397 0.2663124171789769 0.09352237578657756 -0.642682818985767 -0.2119826079662874 0.6588941014824148 0.3204858538975775 -0.9656948650226798 -0.4886610950683691 0.6002808834605028
 -0.5667275094816405 0.2918251409931453 -0.6436725717373771 0.1586701052245956 0.8344861422484028 0.06193658193854693 0.1980229569740881 -0.2019025772840715 1.144903935287962 -1.122274313804534


# name: iter
# type: scalar
200000


# name: c
# type: matrix
# rows: 1
# columns: 10
 NaN NaN NaN NaN NaN NaN NaN NaN NaN NaN


# name: mean_corr
# type: matrix
# rows: 1489
# columns: 1
 -0.004186360499825533
 0.005809634524818144
 0.003965829652390765
 0.005811185839186853
 -0.02681451659989071
 -0.02001244601563332
 0.01764665852705682
 0.01832684605499885
 0.02385532469364609
 0.03969593114100532
 0.03957304190300161
 0.06508130402755039
 0.06550158565693652
 0.3516781320782846
 0.3478716686475146
 0.3042864592996131
 0.3020992312428523
 0.3046813156218882
 0.305067100035936
 0.305274370333024
 0.3070930986476207
 0.3044098836945945
 0.3009157400756413
 0.2957020525080252
 0.2957147033963851
 0.2684480944575188
 0.2708312314072734
 0.2663318238999218
 0.2642738048391142
 0.2857419593405581
 0.2859188914688173
 0.2782201067177633
 0.2751621546347654
 0.2750244999287194
 0.2751067850722874
 0.2665210864483744
 0.2661838266875084
 0.2650493299855886
 0.267936554132813
 0.2726404218149425
 0.269926748597994
 0.2639554933149867
 0.2638024843446152
 0.2688347565302165
 0.2713449748658739
 0.2726920291773977
 0.2711015271835531
 0.3951180083535431
 0.395526708787324
 0.3841379287817275
 0.3863457204431626
 0.3841669055592817
 0.3703703824581454
 0.3439722040836395
 0.3421512455767482
 0.3378141032863055
 0.3382719203428873
 0.3469232124437384
 0.3418988615794046
 0.3400065358145605
 0.3237589806083002
 0.3224663847811053
 0.3228633629859567
 0.3212056519015283
 0.3227625463322932
 0.3352529063903683
 0.3294061588115931
 0.3287141996511991
 0.328191356756835
 0.3392495639322847
 0.3474169214380892
 0.351897286362865
 0.3472878300247378
 0.3443036079897091
 0.3379219126738767
 0.3286904087904299
 0.3275077524272109
 0.323542917888838
 0.4143468517112646
 0.3910011735446359
 0.3965707729369587
 0.3687231852432429
 0.3714271868822044
 0.3857000972499373
 0.3743964920372015
 0.372033202449956
 0.3559432313691654
 0.3534554052428663
 0.3565263124426959
 0.3617718981246835
 0.3596460697700948
 0.341694919419009
 0.3415480060374237
 0.3412505205627799
 0.3366892142059966
 0.3349003071322825
 0.3372831385327482
 0.3372802158564934
 0.3368814156489009
 0.3394739777364684
 0.3402256662556228
 0.3414879105922458
 0.34152569082282
 0.3397003442425158
 0.4250849596510795
 0.4225523395276224
 0.4164228908559217
 0.3745583145387347
 0.382877933702617
 0.392822434524186
 0.391753753252562
 0.3948663704578991
 0.3830106811403429
 0.3914910027531102
 0.3908368797528343
 0.3972733466191475
 0.3948567734966248
 0.3918823744581529
 0.3964490848870908
 0.4000165421875792
 0.392936832091913
 0.3837292218447913
 0.3897998119905192
 0.3889724299193232
 0.3893784847001188
 0.3889761788624189
 0.3980687962227989
 0.3941973435259978
 0.3908056448311815
 0.3928890243199906
 0.3901758147917941
 0.3940372737687411
 0.3951043038756518
 0.3958755892228723
 0.393498656844786
 0.3938987593249601
 0.3970354389529396
 0.3885218720159889
 0.3908118569495972
 0.3868135343605434
 0.3821065462710782
 0.4256443851101702
 0.4257912435660213
 0.4103846967777316
 0.3999423439058106
 0.4077023462151835
 0.4053377226310623
 0.3986249758964633
 0.4061987803990396
 0.3979011731568645
 0.4022570696425882
 0.3956136141132537
 0.3894816737288319
 0.3848552937139604
 0.3976816084401472
 0.3968414563699512
 0.403705118378087
 0.4020615143073007
 0.4023106612288497
 0.3954428497427934
 0.3985384145127818
 0.3950897108573183
 0.394395891261991
 0.3913465825168065
 0.3903931061627859
 0.3921380772305211
 0.3909825145896292
 0.3896187843677442
 0.3859352248359526
 0.3886601781747225
 0.3899142482893526
 0.3843513500301383
 0.4208399226902729
 0.4092463860989644
 0.427828417412663
 0.4317864770683957
 0.4195534517226603
 0.4257311367435654
 0.425282094388325
 0.4257505519440326
 0.4202204094027261
 0.4217664814655446
 0.4221450945375668
 0.4224375978348781
 0.4231890335324315
 0.4152528570046943
 0.4135348836344979
 0.4126925336720413
 0.4112469480516355
 0.39902331467483
 0.3970868443218143
 0.4066017802045524
 0.4053574448982403
 0.4010659172975511
 0.4027181222539288
 0.3994355377886744
 0.401276021670154
 0.4095670210849028
 0.4064360289026248
 0.4311073053116022
 0.4390642610317143
 0.4496927900528728
 0.4291968368175009
 0.4269405992335149
 0.4247183113141954
 0.4269706645331545
 0.4242356411591196
 0.4236215964415881
 0.4305411683496686
 0.4198117869526484
 0.4191492404812525
 0.4019701502901438
 0.4049280960683274
 0.4089217759193725
 0.4130755748976194
 0.4075968447682591
 0.4149649393512519
 0.4133275430599763
 0.4140441485747554
 0.4145335009845367
 0.4151066177210092
 0.4169773056283849
 0.4188116813779705
 0.4205916705062253
 0.4189482345210564
 0.4160430850585962
 0.4158371288048377
 0.4113712595370333
 0.409223508651649
 0.4407661991835532
 0.442968159983212
 0.4415009262881381
 0.4386305321562476
 0.4389187106785132
 0.4385099308989691
 0.442477484285531
 0.440158713256379
 0.4383569943938395
 0.4401766236796402
 0.4418161349239654
 0.4425479974782848
 0.4406992570817162
 0.4358952230978461
 0.4370020004344554
 0.4378345072370836
 0.4365133240830561
 0.43510617525026
 0.4353609840734458
 0.4385222507684351
 0.4377593076908551
 0.4375502230873559
 0.4375581783191091
 0.4411346520216391
 0.3689301066138354
 0.3836458031060284
 0.3805460884356149
 0.3772356619251686
 0.3789828693126673
 0.3925165012704301
 0.3980424620865953
 0.3976958048921214
 0.4092646881456283
 0.4076034629176523
 0.3990837186446088
 0.400495326587076
 0.4002640451512885
 0.4201004676842093
 0.4224156384200374
 0.4118349519564085
 0.4161827512156915
 0.4179272509404909
 0.4197489858696685
 0.4128619928753745
 0.420629837032782
 0.4224884298014596
 0.4278440387024216
 0.4204830574454711
 0.4205498866845899
 0.4229720569593102
 0.4205638523144028
 0.4255819447444919
 0.4254246864887465
 0.4198932863644875
 0.4195660026607017
 0.4186277940013625
 0.4189352019009026
 0.4220200387863478
 0.4230141886547959
 0.4234696672973189
 0.4244571110410867
 0.4259957314771617
 0.4277694562011914
 0.4277375937276924
 0.4270201036887037
 0.4262619372779131
 0.4265402154353696
 0.452257259220608
 0.4401031787566151
 0.4476832756477808
 0.4516450378224182
 0.4290629457899004
 0.4240529272123365
 0.4241752771419556
 0.4270883525160692
 0.4299995616878361
 0.4087084106246833
 0.4088897446175144
 0.4025590774283359
 0.3993154164908618
 0.3982846970725473
 0.3979846933262925
 0.3946306007118436
 0.3953035874435059
 0.3936444110868362
 0.4665336750003052
 0.4623349225399754
 0.4447569469473369
 0.4142159549369578
 0.4274861562380614
 0.4361681070879411
 0.4371203133744078
 0.4401516847302985
 0.4401932655011873
 0.4341448313192102
 0.4371859277519889
 0.4371870618924518
 0.4348451908563311
 0.4318338851139015
 0.435871891429835
 0.4307776728536729
 0.4304533258192201
 0.4330938065248978
 0.434222082455127
 0.4361768458679218
 0.4303392325083276
 0.4303281672547053
 0.4316790965035693
 0.4350924079161705
 0.4345995354015148
 0.4824489433963824
 0.4770384377827284
 0.4783932574812552
 0.4765639713064641
 0.4790741998701301
 0.4533434856155201
 0.456974341350184
 0.4365448570514648
 0.4420791339441843
 0.4417988051514069
 0.4426902784243109
 0.4467775209158245
 0.4441575187545538
 0.4447832514356059
 0.4506799298811537
 0.4502191376516874
 0.4505198984847169
 0.453444464147933
 0.4543444410984934
 0.4570517682633297
 0.4582354463411784
 0.4581234915856106
 0.458321914562587
 0.4575796536265336
 0.4576814600185505
 0.4577889418394031
 0.4580579635485892
 0.4582793620804486
 0.458095049304612
 0.4574025890077979
 0.4522770329963269
 0.4528937741482501
 0.4528847290289986
 0.4515161416860679
 0.4524972543975533
 0.4532195077160459
 0.4510140672076648
 0.4513804662979214
 0.4527387529583903
 0.4526533465745534
 0.452751524519789
 0.4515855057619946
 0.4522357016118564
 0.4528987723360663
 0.4526116981894696
 0.4527251356876232
 0.4526337796592083
 0.4500429236543733
 0.4525107541907114
 0.4520071090216716
 0.4520747313732534
 0.4923302638196673
 0.4892801700918922
 0.4934987034868573
 0.4957855010418559
 0.4940397675987671
 0.4941631476545361
 0.4441193398804013
 0.4508285730504532
 0.4503896406328229
 0.4503026288073482
 0.4677284264898925
 0.4679387122078157
 0.468199548234403
 0.4686591033799134
 0.467844170610578
 0.4692739137415612
 0.4677203626682827
 0.467648011689436
 0.4647207491064606
 0.463769208377779
 0.4588806440002862
 0.4581880196215822
 0.4596567752422979
 0.4597837937539394
 0.4615889245181245
 0.4582649800985237
 0.4622560817660381
 0.4576678860082515
 0.4619823305971359
 0.4615251646464266
 0.4599532081642838
 0.4600677363651771
 0.4641647567352034
 0.4644585121772047
 0.4681237435446611
 0.4671590441153125
 0.4656200291595848
 0.4657102519080693
 0.4649270100904091
 0.4655148820402989
 0.4647199480587261
 0.4624657144348385
 0.4916064312816985
 0.4861499877311988
 0.4947112243342815
 0.4902246215043518
 0.4896785408417898
 0.4901292017504563
 0.4904218788757195
 0.4911861359285353
 0.4899784019356641
 0.4886717225921819
 0.4812617241257099
 0.4881692425989747
 0.4879942909361431
 0.4884633651040784
 0.4700880900155749
 0.4695400438540313
 0.4735853919983382
 0.4753861710120845
 0.4671164573469951
 0.4648925842205294
 0.4684062475512062
 0.466160776071184
 0.4689216447169468
 0.4685187292716623
 0.4685302425960739
 0.4683526756541374
 0.464708692453016
 0.4657822391699213
 0.4706146895990001
 0.4655781304109641
 0.4645548200163963
 0.464808906866539
 0.4675757670485711
 0.4675869915516019
 0.4659058246781299
 0.5010136870417766
 0.4995742377788014
 0.5038604647565201
 0.5033418829853742
 0.5032038891457764
 0.5003121645606929
 0.4920347050268732
 0.4371312070972196
 0.438033750034316
 0.4850183572589574
 0.4848009308396549
 0.4855064941411927
 0.4849605533882113
 0.4856306942985461
 0.4878355908214699
 0.4877009543089746
 0.486769697522529
 0.4747246163270065
 0.476163042273346
 0.4755897442956518
 0.4773992131436611
 0.4745505388719977
 0.4768273578842434
 0.479286733724418
 0.4793751825259996
 0.4794346168884506
 0.4792173967598643
 0.5064908176324472
 0.5063764142336222
 0.5124972567590791
 0.515830867905491
 0.5088841187636934
 0.5117279966643048
 0.5072537779659568
 0.5116696342781146
 0.4970326960197308
 0.4986780925572493
 0.4758678679687519
 0.465737848122433
 0.4707689671854059
 0.4803895189618065
 0.4712200491110564
 0.4664122623592366
 0.471495952452823
 0.4802999830265731
 0.4841571893786426
 0.4832558767361894
 0.4862800877848442
 0.4827889801518919
 0.4881924230830942
 0.4910110295391802
 0.4952195445494635
 0.5003555496685645
 0.4982759574153047
 0.4951233287571875
 0.4940346536023901
 0.490499481821578
 0.5276089175116745
 0.5301355030863305
 0.5234172197951017
 0.5232160588632983
 0.5174724021242
 0.5129528061645883
 0.513509961905342
 0.5077600197657417
 0.5057833171636859
 0.4979356299570895
 0.4947235397225477
 0.5096192421312251
 0.5133503881805656
 0.4970741861770206
 0.5060832203013155
 0.5000111899695807
 0.508164314849903
 0.4921839629270133
 0.4991525224443333
 0.4945024358609079
 0.4977259305925381
 0.4926686958369494
 0.4987608278283371
 0.4936368775674899
 0.4852647615915182
 0.5331508473408331
 0.5212569277630351
 0.5235995655788728
 0.517794255649072
 0.5266362330017993
 0.5349423769080296
 0.5037773449318079
 0.5006682948120637
 0.5276735894598787
 0.5285558440111343
 0.5165176225991136
 0.5101581937079495
 0.5042418320172998
 0.4975861843368778
 0.5010053741824223
 0.5032914164053395
 0.5112310104233011
 0.5185169718135458
 0.5104494946114836
 0.5031877742593271
 0.503936311101743
 0.5064844923602048
 0.5068499980683486
 0.5031162872892387
 0.504877963205584
 0.503925689198556
 0.5026677653721899
 0.5016518929557805
 0.5018061662168446
 0.4975821128589997
 0.5031682636330772
 0.4933083806939004
 0.478595690397487
 0.4832597673351735
 0.479288027750289
 0.4942098045530613
 0.4879780493440454
 0.4957821510976579
 0.4995586206816848
 0.4878619623876438
 0.4912982287773523
 0.5019094670569381
 0.5020111562653227
 0.5048705190875292
 0.4986095725932227
 0.5024629276860604
 0.5052953131541015
 0.5066194632734572
 0.5102415608627744
 0.5094166839363641
 0.5123254796664398
 0.5080827753862491
 0.5106718388405898
 0.5127404423896936
 0.5123586200966483
 0.5089899786504061
 0.5235876957626892
 0.5171636145547096
 0.5261423987303621
 0.5233295615475091
 0.5175314265803468
 0.5303197636015211
 0.5191879814199671
 0.5248614865084515
 0.5252701979617226
 0.5205591494646279
 0.510492970308846
 0.514201171682828
 0.5140328852190559
 0.5159107867769226
 0.5209867341230756
 0.5088867474860646
 0.5084534826161866
 0.508861112148785
 0.515129703793253
 0.5086438620550204
 0.4620412763039441
 0.4665835147644454
 0.4811783417110482
 0.4715895447517103
 0.4438969491823664
 0.4709348746234344
 0.4757059243283042
 0.4821002335255937
 0.4702875356150065
 0.4542608414606325
 0.4639530485998172
 0.4708089054392469
 0.4764779129791438
 0.4866468377564166
 0.4894219178554808
 0.4830963000868247
 0.4799358255390073
 0.4836403414650009
 0.4873810365205486
 0.4850757532161893
 0.48412858446797
 0.4822712143223905
 0.4741018909941754
 0.4721168418855551
 0.4725090842097141
 0.4871983956907885
 0.4937067114440138
 0.5091201167616626
 0.5084618695342447
 0.5069532401193724
 0.5115761508344422
 0.5106938750074372
 0.516140455763745
 0.5166964006090176
 NaN
 0.498654358364677
 0.5091550040924455
 0.4902177240563574
 0.5002665973464323
 0.5123191277310207
 0.5049479150468467
 0.5006220869453858
 0.5001645020973399
 0.49473915810694
 0.4961101617961428
 0.5050835303411125
 0.5050883053052927
 0.5068439414053445
 0.5051010066241023
 0.5024409115416113
 0.5033304331738687
 0.5011894011105473
 0.5015590942924237
 0.5083840405415243
 0.5054105386243466
 0.5167981364283749
 0.5154868683851574
 0.5189312041341496
 0.5210131121765835
 0.524112031994812
 0.5223041611389625
 0.5291365801233088
 0.4792841473160543
 0.5161027558181722
 0.5247530965717181
 0.5158661123891207
 0.5168154868897741
 0.5225114847844596
 0.5238951926020392
 0.5180617813291813
 0.5188563806686446
 0.5207287507960561
 0.523062715137353
 0.5282068967614217
 0.5303343607230713
 0.52691533149669
 0.5318138672730777
 0.5207357940842406
 0.5171256885766091
 0.5287710516710088
 0.5308544670516083
 0.5272023484417687
 0.5281334890970991
 0.5249495673504334
 0.5240519620419052
 0.5235442825890906
 0.5256511599420819
 0.5163689302581334
 0.5236345889107412
 0.519817116221674
 0.5247374635510531
 0.5213909362466884
 0.5249533481224293
 0.5323006665167428
 0.5002811887432577
 0.5252859334083696
 0.5168611406827612
 0.5129860073045611
 0.5009489188789995
 0.5004666955725794
 0.5066442430925143
 0.4993622369238174
 0.4874594147983185
 0.4933863357352996
 0.4928257698291841
 0.5016969387476744
 0.5035672217746996
 0.5116546625186761
 0.5132543599638076
 0.5207322763509576
 0.5252012734945473
 0.5212596832674798
 0.5198234155126922
 0.5207968989629114
 0.5237771871535996
 0.5229223980693142
 0.5230840302969174
 0.5267712871009802
 0.5264893659897983
 0.5218790628937203
 0.5163032586121952
 0.520755008599149
 0.5213000833498572
 0.5247715095561885
 0.5172571508017645
 0.5200357330378241
 0.5195648677292353
 0.5151437879759254
 0.5186620834363337
 0.5247509339577909
 0.5251381697293189
 0.5157479504167739
 0.5187963889837743
 0.5247873955512978
 0.5231679939772367
 0.5197541981811615
 0.5202808963866107
 0.5293439196146984
 0.5293413115370075
 0.5294595191608108
 0.5294529901631745
 0.529983083907168
 0.5287669541492437
 0.5296578623096089
 0.5237202914790222
 0.5263172018261447
 0.5263087336750367
 0.5255867191627436
 0.5238596220690023
 0.5262295567143858
 0.5243466167167743
 0.5267443164515327
 0.5279632560225448
 0.528550361575966
 0.5242697144089247
 0.525188918137877
 0.5253359468583245
 0.5286795620247543
 0.5296197749561313
 0.5252853000344641
 0.5284518196597835
 0.528417856030907
 0.5304450185829623
 0.5251577221597825
 0.5249566051735257
 0.5258995596112597
 0.5198082752922913
 0.5275154420112678
 0.4917114085615951
 0.4711233279388843
 0.5020148011274903
 0.5100398341457995
 0.5087807051196533
 0.5059678760094419
 0.5017138945812428
 0.5036732386618071
 0.5060378885264261
 0.5049783811717974
 0.5062298327821367
 0.5045890992829604
 0.5111337007780448
 0.5130598558347275
 0.5120938054200188
 0.5113861636435351
 0.5151076473347481
 0.5152624946848077
 0.5166069367563801
 0.5166338106352385
 0.5128951461958844
 0.5117377044625142
 0.5126441044319767
 0.5144345457635258
 0.510814102444682
 0.4967560681352185
 0.487953313854985
 0.4926817739769379
 0.5012955062164908
 0.506927934477858
 0.5095140452113557
 0.5084645422700562
 0.5085013901266654
 0.4996288830258352
 0.5000103048241453
 0.4951087285534534
 0.4976420441939768
 0.4970425855794828
 0.4961459764626312
 0.4957772685807048
 0.497125711368366
 0.4958862195201214
 0.5041991819999792
 0.5022100486015855
 0.5078771591776075
 0.5061362852893141
 0.5060119664400747
 0.5082048267088501
 0.5078975046026272
 0.51022155281823
 0.5141033562800825
 0.5141847107593792
 0.5155303776199516
 0.5167713830379361
 0.5167985501578926
 0.5183533329365416
 0.5163710635751808
 0.5039105734407329
 0.5086379513279141
 0.5156221406492085
 0.5107948470643551
 0.5153739509055701
 0.5198584994647421
 0.5141858535608452
 0.5124914299074477
 0.5146961513090693
 0.5129666640424918
 0.5122488473556897
 0.5127766573096605
 0.5172913578405754
 0.515167716473395
 0.5139101143347264
 0.5138002025020014
 0.5124576206845378
 0.5070166399083581
 0.5114793064710585
 0.5135572638245028
 0.5119814987335614
 0.5105302895067915
 0.5123358781856958
 0.5148618530812006
 0.5141153918252498
 0.5145966886726188
 0.5148039569016916
 0.5148156612343839
 0.5153560066062548
 0.5105813908582337
 0.5137486003305348
 0.5136985607265518
 0.5083415814112769
 0.04028392109756236
 0.441007048131577
 0.454663851338232
 0.4871965550966674
 0.5092409827516859
 0.5109511845894068
 0.5047472992816073
 0.504648282991248
 0.504337563425476
 0.504314786119439
 0.5094540677074791
 0.5087397749970849
 0.4417205640798005
 0.4960761098678198
 0.4829752852851173
 0.4943427550468186
 0.4910609214220469
 0.5008524851527628
 0.5044610123811706
 0.5044134801185776
 0.5007261668751217
 0.497658303107605
 0.5007636182374351
 0.5039385113969926
 0.5097136254667184
 0.5066671424484218
 0.4171924244933726
 0.4572658530543913
 0.4674863445990377
 0.466610336885264
 0.4783475220294052
 0.4869663054987171
 0.4873247598177651
 0.4882435930908318
 0.487565127899282
 0.4944173533370401
 0.4951502285526144
 0.4987186150131325
 0.4995640035648446
 0.4974480987187596
 0.5032766569906786
 0.5055491045922411
 0.4989584217455934
 0.5024795081582278
 0.507439940351156
 0.5120773355660916
 0.5052209543213376
 0.5171500663326574
 0.5155575621508467
 0.3796410588855295
 0.435713230091515
 0.5017413524480538
 0.5069946851358725
 0.5047936939088841
 0.5099457594048158
 0.5109680119473679
 0.5185205499150698
 0.5165720701070053
 0.5175143971942127
 0.5170098393504234
 0.4626934513822425
 0.468128278837818
 0.4565708561182895
 0.4983951112067642
 0.4876505170267643
 0.4968806256364648
 0.4946823786670927
 0.5018370744179861
 0.5005180021148308
 0.5060218717562236
 0.5084910129000559
 0.508095792129801
 0.5085191642614084
 0.5057219552290669
 0.4995543928061288
 0.5039211346365849
 0.504189119890633
 0.3808764253421851
 0.4273629276176233
 0.4286924346920848
 0.425351694713459
 0.5083025700956499
 0.5042832340419638
 0.5182920409780178
 0.5078383421458466
 0.5208253252344834
 0.514300808646887
 0.5087463625532036
 0.5052946863265265
 0.5179698038083396
 0.5159853288892862
 0.5196728954273973
 0.5162912397671859
 0.5176794897396221
 0.5170466154810995
 0.5165479991751338
 0.4204514781531469
 0.4434745732632052
 0.5046632111235245
 0.4930669442452177
 0.4501483878979043
 0.4813765291776353
 0.4922542819811609
 0.483643098465578
 0.4911406957168846
 0.5030373721108294
 0.5007003317949053
 0.5023704876378882
 0.5022726172111118
 0.496837178842309
 0.5049108685712549
 0.5101614294883443
 0.5091294163711126
 0.5103570091008234
 0.5071267760048203
 0.5016362079656761
 0.5098928537028089
 0.5132410508913868
 0.5088112125378608
 0.5080858536317102
 0.5081664172204803
 0.5062562268277947
 0.5077936251592696
 0.5163152224660401
 0.5034290331327368
 0.5140652049546034
 0.5147451835779201
 0.516979057577049
 0.5064406317596163
 0.5052278752658536
 0.5037904995298397
 0.5017474323042712
 0.5176549236158391
 0.5187670488996861
 0.5219827284635268
 0.5169366941278788
 0.5212270324657297
 0.5152840360863558
 0.51858160722332
 0.5210558185293391
 0.5132614592502531
 0.5210557389948797
 0.5359128455577348
 0.5144798139139042
 0.52669049793139
 0.5273829592879002
 0.5174028070964842
 0.5232624505958826
 0.5240275761267422
 0.5184375856779155
 0.5146132500985374
 0.5234817722364922
 0.5278807054564301
 0.5277034640197507
 0.5222854334219704
 0.523652449697899
 0.5225908065822115
 0.5231882448940739
 0.5127038678301427
 0.5177485220442392
 0.5345661507279089
 0.5340654941252986
 0.5338803255302407
 0.5360094493457541
 0.5334517467826985
 0.5368343458908605
 0.5344890988017167
 0.5368269784065511
 0.5365261747605378
 0.5400806100294554
 0.5338591269088243
 0.5330168714875191
 0.5331786635510185
 0.4182094909024515
 0.4160911704146353
 0.46758012983039
 0.5022985837280149
 0.5178845009225611
 0.5175578111268458
 0.5185990014476487
 0.5205740482915177
 0.5221018125270991
 0.5253265687603297
 0.5255354904921627
 0.5218198957613182
 0.5261800287160528
 0.5245193323683038
 0.5198982252326297
 0.5281842101848676
 0.5306216950463221
 0.5335342348787565
 0.5339142791671909
 0.5350660735979605
 0.5350535081037598
 0.5371637329149802
 0.5370119734804922
 0.5360567582324347
 0.53453846895144
 0.5358983623536482
 0.5399352105871273
 0.5378924564580088
 0.5372683538843197
 0.4177886893324546
 0.4185031743473805
 0.4946659105797337
 0.5021489246283144
 0.5148235869091762
 0.4941686412692207
 0.4984665556224527
 0.5087549231607332
 0.523048849344027
 0.5217438273838246
 0.5248558112331246
 0.5260832297879737
 0.5240991011197363
 0.5254981454643833
 0.5320015700800974
 0.53137321561323
 0.5318222318269097
 0.5348076919594644
 0.5357733461296867
 0.5361850105127047
 0.5335971476271203
 0.5314044616967595
 0.5324601327656089
 0.5278236660311928
 0.5298995559972421
 0.5332335609267528
 0.5341547638448563
 0.5346286480739563
 0.5315820096334853
 0.5317893915849659
 0.5282630909524006
 0.5320408146468442
 0.5300185839650311
 NaN
 0.2744391073044575
 0.2712481169497252
 0.3141603775915131
 0.3356403128444087
 0.3717613590862911
 0.4090545215138618
 0.4370161378999891
 0.4725813178062956
 0.4879331065579051
 0.4968042675774408
 0.4978826960127861
 0.4720425481858713
 0.5141258972145082
 0.5300869679687056
 0.4953749139303684
 0.4890021026920827
 0.4810912180204534
 0.474203012942164
 0.4795142148226631
 0.4881432776147865
 0.4827723320064211
 0.4890989979070312
 0.4882172022003396
 0.4910288994075658
 0.4934730380774865
 0.4931520300408982
 0.4950368784158375
 0.4946522936012017
 0.4969735040903201
 0.4994144599825499
 0.5022187616834113
 0.5133000565210896
 0.5149675396651937
 0.5152405762825422
 0.5105577864639871
 0.5150247073895732
 0.5142565903255734
 0.5154037840994578
 0.5166804565446439
 0.5451770750791111
 0.5420659855506265
 0.5493883890359621
 0.5464049613868427
 0.5454689655221364
 0.5319795420649852
 0.5318603546082435
 0.53943785777626
 0.5427300742388417
 0.5327775915710437
 0.5393884955390444
 0.5359493583744802
 0.5380392738924187
 0.5467157946832166
 0.5469910096381354
 0.5492487590004829
 0.5531061979375471
 0.5408473735445471
 0.5532580699841808
 0.5484272268792496
 0.5407986596908072
 0.5343083841906064
 0.5419477143377202
 0.5421424851327028
 0.536078151246024
 0.5343499703003616
 0.5312685422751553
 0.5286553383825411
 0.5339198017267718
 0.5370405573016711
 0.5276711847496646
 0.536938561516076
 0.5360967625187593
 0.5276181335465998
 0.5331770126989781
 0.5323006068329874
 0.5348987586294018
 0.5352881737478739
 0.5364286123340122
 0.5115367095033097
 0.5210787161035413
 0.523577909331171
 0.5559210497205131
 0.5474152927801567
 0.5567669047876339
 0.5472075837872998
 0.5510431825664963
 0.5481555545898028
 0.5525140627520987
 0.5486905480856119
 0.5504003531757485
 0.5504485789730705
 0.5497659217158526
 0.5344471189899959
 0.5249001224896894
 0.5431692379050757
 0.5366856652079516
 0.5571968853373057
 0.5594008265805319
 0.56139888358903
 0.5547936614677803
 0.5542281922562612
 0.5563757320208527
 0.5583925468452786
 0.5467715910454829
 0.5470208832929443
 0.5480430575799518
 0.5675116481793714
 0.5686788961778255
 0.5703556199264083
 0.5671741253346607
 0.5690618307272932
 0.5584345617653301
 0.5605820668513755
 0.5591069308422183
 0.5425709263892898
 0.5615725829086059
 0.561713401498619
 0.5632514974997448
 0.5571935199939723
 0.5610377620114608
 0.5639913792794149
 0.5547673901298077
 0.5626956423317216
 0.5600105537899474
 0.5604504129113922
 0.5598099341474085
 0.5669463931761232
 0.5675699869576069
 0.5657787626753767
 0.5649553053894634
 0.5682921041019335
 0.5618203221002737
 0.5541262566144394
 0.5618293807000054
 0.5616388345772754
 0.5627322794859089
 0.56765671345165
 0.5643711870404582
 0.5639326397460953
 0.5632256627788493
 0.5730960999084014
 0.5687518508881572
 0.5681902621498638
 0.5688556697275279
 0.5648164365036273
 0.5602941318689132
 0.5595965177699693
 0.5588926428010337
 0.5666909515825909
 0.5639579905426677
 0.5585221927917051
 0.5585322518972593
 0.5737554945762141
 0.5718336203295559
 0.5689168116267166
 0.5711075050344219
 0.5640934170584986
 0.5642029211528745
 0.5535014573703544
 0.5628176701585544
 0.5583197435541797
 0.5548870309465157
 0.5601934991441128
 0.5554863714888834
 0.5609985966201079
 0.5598586613618644
 0.5536789148737417
 0.56761078210555
 0.5728192190378275
 0.5747225819432134
 0.5727083089599907
 0.5654474021107638
 0.5754571925121882
 0.5748789528663737
 0.574454663326484
 0.5651078697932358
 0.5621002588812696
 0.5649020464616907
 0.569594844016538
 0.5647599284542789
 0.5669176956491124
 0.5689380561345019
 0.5709919734559398
 0.5667070995596337
 0.5719948853511678
 0.5643770527453358
 0.5746095817990426
 0.5812194830240777
 0.5780732258836203
 0.5710570428080636
 0.572517101691807
 0.5610986683058059
 0.5742808268251809
 0.5712752554218296
 0.5723645469468777
 0.5705572654590682
 0.5667428476612155
 0.5712526918300792
 0.5745657541689492
 0.5770718876911128
 0.5716686707046363
 0.5748457495592399
 0.5780601679437576
 0.5792437740569165
 0.5782681212106597
 0.5707513682285941
 0.5737537482490279
 0.5669676356303155
 0.5764308454073295
 0.5759348553983876
 0.5742550279650236
 0.5740811859460799
 0.5721378818020394
 0.5735083392053199
 0.571360995865615
 0.573801241255544
 0.5736974564711682
 0.5733396160390688
 0.5800219555733948
 0.5769582910638344
 0.5798370046037492
 0.5692524683012714
 0.5729390863487029
 0.5686851420546252
 0.5755966809137064
 0.5787539339521119
 0.5708806771288149
 0.5743807595821403
 0.5732521471823145
 0.5708531531658876
 0.5693244407416979
 0.5828594860813712
 0.578964938012421
 0.5767829183637995
 0.5601944635229696
 0.560163395529375
 0.5648657984190623
 0.5675222890440025
 0.574345867493842
 0.5747610612155725
 0.5706027883287366
 0.5727944177990162
 0.575201173279525
 0.573278697968563
 0.575606430519744
 0.5715163629504313
 0.5689218958653001
 0.569727393462453
 0.5734454787007351
 0.5710970216015421
 0.5727535764258894
 0.5700452505853619
 0.5718393552674268
 0.5696704951774776
 0.5679347184936375
 0.5673262459977246
 NaN
 NaN
 NaN
 NaN
 NaN
 NaN
 NaN
 NaN
 NaN
 NaN
 NaN
 NaN
 NaN
 NaN
 NaN
 NaN
 NaN
 NaN
 NaN
 NaN
 NaN
 NaN
 NaN
 NaN
 NaN
 NaN
 NaN
 NaN
 NaN
 NaN
 NaN
 NaN
 NaN
 NaN
 NaN
 NaN
 NaN
 NaN
 NaN
 NaN
 NaN
 NaN
 NaN
 NaN
 NaN
 NaN
 NaN
 NaN
 NaN
 NaN
 NaN
 NaN
 NaN
 NaN
 NaN
 NaN
 NaN
 NaN
 NaN
 NaN
 NaN
 NaN
 NaN
 NaN
 NaN
 NaN
 NaN
 NaN
 NaN
 NaN
 NaN
 NaN
 NaN
 NaN
 NaN
 NaN
 NaN
 NaN
 NaN
 NaN
 NaN
 NaN
 NaN
 NaN
 NaN
 NaN
 NaN
 NaN
 NaN
 NaN
 NaN
 NaN
 NaN
 NaN
 NaN
 NaN
 NaN
 NaN
 NaN
 NaN
 NaN
 NaN
 NaN
 NaN
 NaN
 NaN
 NaN
 NaN
 NaN
 NaN
 NaN
 NaN
 NaN
 NaN


# name: mean_error
# type: matrix
# rows: 1489
# columns: 1
 1.419811300562086
 1.415417310617069
 1.380082604894528
 1.378182938102408
 1.407361478837886
 1.39782368915973
 1.366119934000613
 1.364691324709582
 1.360699931008418
 1.357380272080441
 1.347921027719853
 1.338280091711572
 1.341825092635134
 1.250180865240435
 1.243806761800144
 1.268308062537158
 1.269999428558922
 1.263731715292736
 1.261855451726069
 1.259206807070893
 1.258414467104907
 1.259595664364016
 1.257103343151471
 1.260250772410249
 1.259945753765984
 1.261053847257231
 1.260628339614314
 1.258691684574158
 1.260100371358381
 1.260164082785441
 1.260473640552443
 1.26110567655174
 1.264368873694921
 1.260765379039945
 1.261624202753816
 1.259719264491282
 1.266009162471325
 1.260042014079466
 1.256212273392311
 1.254306281244794
 1.251025526848798
 1.254801859084536
 1.26019259738903
 1.261341088686073
 1.259891154097621
 1.246843487339482
 1.246741979755688
 1.239098102295671
 1.239705956802565
 1.23654950625774
 1.235715127821467
 1.238391846023524
 1.254496635358502
 1.275128694542502
 1.273338703420877
 1.257411478078071
 1.245051280732091
 1.240555194199369
 1.248779746896919
 1.248887547962472
 1.261397122741626
 1.258933230518882
 1.259346775256807
 1.256417739813216
 1.257630384016099
 1.245508250980078
 1.249163574378616
 1.251526080530446
 1.248352470650074
 1.240391068651301
 1.228697238490099
 1.229915707930277
 1.232504240229809
 1.232338222873117
 1.236988904437688
 1.240566655941295
 1.242152089045687
 1.24396664189944
 1.245782666178705
 1.255656835400887
 1.229970211697919
 1.269173163573477
 1.269301850516477
 1.245471502747961
 1.249550425121574
 1.250708735628505
 1.259595661763224
 1.258448073977037
 1.259674272682025
 1.25674921842752
 1.256767516689801
 1.258076135837609
 1.259341845951535
 1.259353871424343
 1.2551742986938
 1.256317330794701
 1.256547662594589
 1.256743247152833
 1.255303913171694
 1.254683678233287
 1.253926964152915
 1.252854401282496
 1.255077223672279
 1.254660726171405
 1.241920707277394
 1.233397114206899
 1.228933096929115
 1.267277442817562
 1.265518747802034
 1.262597795129191
 1.274217103541101
 1.270446506677299
 1.280655904315622
 1.271848657713664
 1.271533051767619
 1.268364006733216
 1.260455989489917
 1.266430328763753
 1.250756373338633
 1.252236146523568
 1.254449209114558
 1.265647091804526
 1.262411775787599
 1.262889050071808
 1.259489052953783
 1.260057974529727
 1.246366992289298
 1.245487273504985
 1.246645346779519
 1.244398022651417
 1.241452977650374
 1.236265905046877
 1.235537134633609
 1.233960855894466
 1.234145122005666
 1.230627752468927
 1.227295470137048
 1.235496920890415
 1.232726168252088
 1.231098029346937
 1.236786913638535
 1.218316790248405
 1.226409811140234
 1.234923683439752
 1.242557619908651
 1.231685704263197
 1.227949039239191
 1.22267079510436
 1.216443448598411
 1.221241185323118
 1.222808331089591
 1.226135829281625
 1.233905916777861
 1.237082196082357
 1.227491516844876
 1.227800674309689
 1.225574615193189
 1.226874431658235
 1.222962595384444
 1.226278551076166
 1.226190051248889
 1.230516838772595
 1.227246526712374
 1.229544384044932
 1.230110172721906
 1.22748804281303
 1.227206644332767
 1.228928872633891
 1.232028556842027
 1.227291072644566
 1.227672638390632
 1.231383461761608
 1.223721733290169
 1.244606308549723
 1.230144898622582
 1.229018144526153
 1.229418793178308
 1.228897668835306
 1.227156597387312
 1.225870123900538
 1.225454974257028
 1.227504744772324
 1.226675148113093
 1.222315742639637
 1.220178247077483
 1.231384155967367
 1.231045956213193
 1.231587210728591
 1.231917746233582
 1.234266162683409
 1.23152029864883
 1.226279947940923
 1.223274473676595
 1.228129187743824
 1.227303327806302
 1.226480449369332
 1.227134339381136
 1.217930090217193
 1.221927029836768
 1.223998974874165
 1.224374956071569
 1.214344498053217
 1.195019991456033
 1.19308810351957
 1.188553625106439
 1.187920280180092
 1.198853877352889
 1.199218682750945
 1.193540111775735
 1.183526522547085
 1.185523658407597
 1.203062652502364
 1.201355319576345
 1.207375399048725
 1.21523958583886
 1.232448579094093
 1.220561046352099
 1.225897975156635
 1.226039833874102
 1.22487935683455
 1.223348028609113
 1.220408738071054
 1.209209217604063
 1.208500822645552
 1.207943981356781
 1.211400613618834
 1.210414320025373
 1.216375869204826
 1.216957287789336
 1.23267240313478
 1.210893021000248
 1.21128596101681
 1.213417881014695
 1.200956712861482
 1.207189196193628
 1.202719453288305
 1.204409529344213
 1.200850337195313
 1.198724591929317
 1.208109853314137
 1.209699874799262
 1.210284455933517
 1.204981779214003
 1.203367117311081
 1.20601185117303
 1.205103425596922
 1.199352180362844
 1.201886881325593
 1.203885202266533
 1.202742181498492
 1.202409284591856
 1.20215652877438
 1.242471027056018
 1.266971086074412
 1.262726572079357
 1.253009046510146
 1.26695432592994
 1.267564055193175
 1.267057119332935
 1.261741976306859
 1.260622549388494
 1.245741692083193
 1.249381990662194
 1.255222323941777
 1.226049584102075
 1.226691991317919
 1.231597700600437
 1.237038068702675
 1.232831601872198
 1.228867674752888
 1.231302400391731
 1.230680644566952
 1.258448910250591
 1.243365433441388
 1.23518932808077
 1.225471024622503
 1.244365740795197
 1.23908088692296
 1.244428202524375
 1.242685000618956
 1.235501922476383
 1.234830831328753
 1.227332472652895
 1.226761206745651
 1.215385823493109
 1.214900955185817
 1.216393999573651
 1.208016198520028
 1.207129060861231
 1.204050205966579
 1.209547833366782
 1.214369131277036
 1.213738098694034
 1.216745561216939
 1.213573734299375
 1.215445289111373
 1.245889486730359
 1.249853406726083
 1.245129612709198
 1.241491128419579
 1.249241138034943
 1.23360233704424
 1.233134946256994
 1.231577137620983
 1.225499138598721
 1.235130507972109
 1.242303268617506
 1.247726028981304
 1.24513782886348
 1.246123607240651
 1.246615139209944
 1.244742001063799
 1.243600476010917
 1.238206883368065
 1.247374389673113
 1.239525360763819
 1.250172330010669
 1.23876984686398
 1.231010796616478
 1.214039259135115
 1.222071615382311
 1.21930824038418
 1.21788216137406
 1.223390221725976
 1.223378997226279
 1.224290884381402
 1.220474414763598
 1.224518973223297
 1.21640954033777
 1.217361550997144
 1.217621479768237
 1.219687560990681
 1.219183547632529
 1.216578160672065
 1.225130826477831
 1.22299912973527
 1.222515658324099
 1.219387198543015
 1.219667496444898
 1.24731359398056
 1.245000889980781
 1.229596437967718
 1.239547751365095
 1.228881827404989
 1.226912053270162
 1.200531942361228
 1.231136354144639
 1.218582375802003
 1.219549785104596
 1.21967756952156
 1.219904843691884
 1.22548093967784
 1.226574828416931
 1.229415184907204
 1.229004856566478
 1.227354794413489
 1.224097802055991
 1.225351582928463
 1.225621961752449
 1.223745423847217
 1.225414345526276
 1.225030106358422
 1.22615138832124
 1.224853470545275
 1.223964317187152
 1.223513910094825
 1.224025139197968
 1.225664532207129
 1.229901634941183
 1.228475105286267
 1.224473585363154
 1.232123293422223
 1.231909568401272
 1.231104535127182
 1.229894532615494
 1.231770895197622
 1.231595058587708
 1.229255457511813
 1.230849264527908
 1.230144527255725
 1.229878273051837
 1.231660021157839
 1.231140466427112
 1.22936497144131
 1.228107097084592
 1.230810404540396
 1.232465091507942
 1.230163632763082
 1.231252142202804
 1.231451621941619
 1.242794078391462
 1.241632609896706
 1.23876033162305
 1.23920939992188
 1.239906378056199
 1.240377104666364
 1.227387323883476
 1.226111617466246
 1.222430376161336
 1.221853926777744
 1.216736856088398
 1.216672532005096
 1.214766981546122
 1.206324525468598
 1.206032189411225
 1.205119745603061
 1.204711057565339
 1.20338801302157
 1.204455556991031
 1.211749376639442
 1.214362523702751
 1.21295834384288
 1.216424553900285
 1.214337169280608
 1.217274787707308
 1.221461391740866
 1.214694067363349
 1.219019777749497
 1.212083231186538
 1.211809251021054
 1.209064379286275
 1.208952844188658
 1.207477738879029
 1.20640934999698
 1.20636316255444
 1.20815016137117
 1.210114687832111
 1.208056377861437
 1.206844948837864
 1.207523555011
 1.205732936974381
 1.203864509489915
 1.225720308372742
 1.22013765882363
 1.219789303289982
 1.216001107308085
 1.214484702227963
 1.213827312396081
 1.21316370230486
 1.213513811635758
 1.214704590769423
 1.212325782942537
 1.208213075528964
 1.210853092853386
 1.208770407533586
 1.207703205974743
 1.212577488385512
 1.21008277244559
 1.209624562915122
 1.189747198062953
 1.20347699257201
 1.204112092324377
 1.213105053009139
 1.208308420053375
 1.207857361846775
 1.20904471250041
 1.205950054910094
 1.201628629092204
 1.201812452193058
 1.206777506017821
 1.204969292546262
 1.204607628950987
 1.203445063359702
 1.202998771311758
 1.205092180954713
 1.20467949771748
 1.203157360322251
 1.211172338281626
 1.21101530187309
 1.208555356866217
 1.208780794892771
 1.206913568872303
 1.203912410723968
 1.197775996527262
 1.19929820060564
 1.200502713309637
 1.177188248597764
 1.18009346533558
 1.174065127662032
 1.172863505105321
 1.174184303408524
 1.175912514855306
 1.176137826523686
 1.175308853458975
 1.178753021578911
 1.181710093098701
 1.187400076893006
 1.186833406640468
 1.191026829666661
 1.186835400635111
 1.189602264036816
 1.189859419686677
 1.187991192230468
 1.187869401008916
 1.206690510755192
 1.19678936761217
 1.201726710006099
 1.197933990662816
 1.208971413087619
 1.212633320268237
 1.211894329223568
 1.205082069042215
 1.217734362673299
 1.209774897564143
 1.207846013418581
 1.229882696594569
 1.228784684833534
 1.191787582130899
 1.212427997240827
 1.222272941821938
 1.224295440724425
 1.210542501006483
 1.20129962894622
 1.202366591793104
 1.201090802134684
 1.209557188066934
 1.211045204020531
 1.203045021192033
 1.193312749462207
 1.194197652252241
 1.192427080931146
 1.181767127182863
 1.180690753129
 1.183582527406756
 1.174572900553757
 1.179428141652964
 1.181424063680399
 1.183017845812501
 1.185958036909472
 1.199586495013133
 1.196655073013822
 1.200288272323679
 1.206047946186704
 1.19508607013314
 1.193165731355934
 1.193200891643688
 1.198700978956816
 1.204158994532326
 1.192162926421884
 1.182603481479498
 1.178060334455945
 1.18765765792866
 1.175038538409824
 1.181675677359942
 1.183252252239096
 1.180356781209089
 1.168372998103421
 1.172463230092226
 1.170981279764679
 1.15549085667507
 1.162264606009687
 1.141307470303077
 1.162775297246633
 1.157252907778762
 1.155902615398448
 1.169247431441815
 1.171625217154289
 1.152364788906991
 1.153403892402753
 1.168947155303581
 1.174500633057782
 1.172014338333257
 1.182554285530778
 1.183047918743481
 1.176331913060509
 1.164611505611025
 1.16324924021823
 1.162432641980911
 1.171057055456309
 1.173996811030401
 1.169692436194752
 1.167213599208649
 1.169738574271127
 1.170985294653719
 1.177769454892293
 1.18257735558784
 1.17721739119315
 1.177290781215136
 1.179772833724995
 1.186023876320633
 1.178955776922286
 1.202094828501287
 1.206880861102033
 1.216021700292732
 1.188021132201134
 1.187749183955716
 1.184547922098469
 1.177342667493512
 1.182402294191471
 1.176684819939631
 1.187480332770957
 1.192106183601801
 1.191352573303188
 1.189272916618918
 1.185185999775154
 1.188538194438601
 1.189251306413457
 1.189236584528468
 1.188230063280892
 1.189257889020133
 1.185400331322342
 1.188474620306557
 1.184858027071509
 1.184450174835606
 1.188501000448054
 1.168689374164314
 1.167774736793969
 1.170092653949696
 1.167845907713464
 1.174903834384053
 1.180106905283814
 1.186211760882624
 1.187651884477894
 1.187282959447495
 1.189102717627571
 1.190674625859197
 1.187431552158512
 1.186407076888536
 1.175027896833555
 1.159267060556957
 1.163069841180929
 1.156116527982953
 1.15839387248672
 1.154357688818193
 1.202305249332788
 1.217049661987126
 1.2026199359143
 1.185192295256864
 1.189435266622547
 1.204557093013744
 1.201443707902536
 1.197313531505836
 1.200675946514803
 1.201342990184356
 1.214424333846051
 1.209832742925533
 1.204536743025814
 1.197824308838212
 1.188123227329233
 1.187754354788022
 1.1941673132081
 1.194691242104366
 1.196423597528035
 1.196708293283928
 1.199796978309932
 1.201954779624592
 1.197556627216941
 1.202016631327036
 1.211948091556066
 1.211324404062967
 1.186866769244275
 1.188597033880089
 1.176006765276062
 1.178886509951706
 1.181588804548986
 1.176973875713131
 1.180718157130396
 1.18008374396103
 1.181113037895287
 NaN
 1.226699364437423
 1.192011834212737
 1.205066607085333
 1.194920943548933
 1.194903922137316
 1.203858121454545
 1.20048311672025
 1.19524118502997
 1.197851562987608
 1.193298550145374
 1.196767449514709
 1.206853170679113
 1.216611940944962
 1.212511163269664
 1.209669246418465
 1.197632428868562
 1.204580029217433
 1.199394336269643
 1.201474992314602
 1.189559266359733
 1.192745304933409
 1.197224994108217
 1.200057285253828
 1.203602404707232
 1.199044404518994
 1.200720659776678
 1.207971947387825
 1.225246851309626
 1.215711015062602
 1.226782276444368
 1.21898679789489
 1.219509857680999
 1.218331101519608
 1.205016524013442
 1.204989293914056
 1.202224222826663
 1.207770510170984
 1.203445477810406
 1.202545830238094
 1.202233428317356
 1.200796352132031
 1.202968188382547
 1.211945485708833
 1.214982148876689
 1.217304550127954
 1.215937510449876
 1.217739372711606
 1.216472517343591
 1.22550317504346
 1.216507178830685
 1.220601430844351
 1.226411165354316
 1.225367778180953
 1.230375712631922
 1.221562716743318
 1.219515910959644
 1.217832778299112
 1.226568378340098
 1.221410675184295
 1.282842727832783
 1.252848064360826
 1.251547006331174
 1.252131843390337
 1.240832290514466
 1.247210809959411
 1.237939565301972
 1.229411998234224
 1.223886569372241
 1.223730958477914
 1.219718142128301
 1.221470371559824
 1.22931329515648
 1.217444762140147
 1.219088670416364
 1.234671135723473
 1.225470051769564
 1.232367507233256
 1.236236307961863
 1.235239750501666
 1.234359327247217
 1.231074086245715
 1.234870524472937
 1.232960886154531
 1.232849723096677
 1.23215122270636
 1.227337243733141
 1.225416281762025
 1.221854123817085
 1.21386690476033
 1.202804791882478
 1.213472666156083
 1.210994692568052
 1.224383966326565
 1.221286299077465
 1.22004355390878
 1.219717285426378
 1.215558261775432
 1.210617772998009
 1.213450196024588
 1.208642288725771
 1.211667361808237
 1.212052524963207
 1.219571846549633
 1.220226231411986
 1.228333309028721
 1.226902380948338
 1.222455674816481
 1.224249976269075
 1.227232856606119
 1.223088072152738
 1.220475222886742
 1.220470226519739
 1.220278999376726
 1.218805303842575
 1.219466843223645
 1.217158483426594
 1.218446479143718
 1.218467764443598
 1.218784961935836
 1.220353678720231
 1.220824647036468
 1.220682808936653
 1.220502020214679
 1.220208482733747
 1.21644434663057
 1.213891321749163
 1.212934342476785
 1.215195826606726
 1.21277974282679
 1.221059584548478
 1.220476597935495
 1.227762297649735
 1.221900255309599
 1.271935431637557
 1.272167343334317
 1.264452579470136
 1.265365558433944
 1.250824974760752
 1.244424670055341
 1.23189780772293
 1.219147542093161
 1.219783441974648
 1.226610875171297
 1.232307288192098
 1.236772519262445
 1.214314912005626
 1.209070350813602
 1.212784997163285
 1.211531016375848
 1.219300487101326
 1.211992426069207
 1.214691878802233
 1.214394209691672
 1.214056653307355
 1.21543424734239
 1.228402634149304
 1.22314128092958
 1.216938511892548
 1.239845899319936
 1.251997351029639
 1.249648564040839
 1.248743036278485
 1.233193844430291
 1.238678465272177
 1.230968606456825
 1.236755456249211
 1.245566177291168
 1.250393783763979
 1.244438751295845
 1.242823889877803
 1.246926011284856
 1.244173113871456
 1.241726166038908
 1.239260534252273
 1.248342881435978
 1.24333445133857
 1.237278798053142
 1.235870818150321
 1.243646005130646
 1.235422337735137
 1.239863313935598
 1.241743074322483
 1.2396585304273
 1.242176744671371
 1.242235046988444
 1.241285650155406
 1.235830125854404
 1.236156044493043
 1.236618275413329
 1.231745466190298
 1.238981276935825
 1.238450106243666
 1.252047791772763
 1.239498173753906
 1.244799052613579
 1.247087732838353
 1.242075331854946
 1.240004257037759
 1.241042876922666
 1.237649593570973
 1.240277456022744
 1.240095690933293
 1.242338961458693
 1.240542161212906
 1.242404539496434
 1.238741348225541
 1.236738593977551
 1.238840240329446
 1.236446748448025
 1.237008304816971
 1.238499227585716
 1.236955753678159
 1.235326981345455
 1.232258556254071
 1.236562745281971
 1.236137953534127
 1.235898882637738
 1.235754659412124
 1.235066876779602
 1.235317487274776
 1.234093897168028
 1.242347219601386
 1.241682218243163
 1.265940178937421
 1.243836668824347
 1.249727169818029
 1.24028448991262
 1.224223982102674
 1.223633927027168
 1.223505658360737
 1.225345047045309
 1.233792641399253
 1.245532090334138
 1.233359598166797
 1.233940168301083
 1.251223229107908
 1.245625695051399
 1.24099357946148
 1.241117813956057
 1.229640370826621
 1.234089437832685
 1.236872537932516
 1.239444814168908
 1.2275149634947
 1.226777040630193
 1.224268670237886
 1.226749452682043
 1.225667425279918
 1.22070767958228
 1.24944729141643
 1.233965745333945
 1.232842911591116
 1.233770435295437
 1.223252401338461
 1.21566695477083
 1.220435792921784
 1.225377041313799
 1.224038660899858
 1.222952447322892
 1.218923259944221
 1.217148721585348
 1.217411887401225
 1.21980977166676
 1.220988272254387
 1.227726310606074
 1.206701570624125
 1.211782684722879
 1.204501154190323
 1.215413439078377
 1.210709427478449
 1.221558459632238
 1.208451470269968
 1.275098892308007
 1.238359547227946
 1.200836882820298
 1.200344897212355
 1.199671954069061
 1.202962511473622
 1.204387868420467
 1.200970930288511
 1.199092963927573
 1.206594876832202
 1.203535826387447
 1.225080757325762
 1.213074400690596
 1.216553426628169
 1.199596254142407
 1.199717820782925
 1.197595827195284
 1.19859768023858
 1.20310445162588
 1.210884006004737
 1.210982891102774
 1.212988769447862
 1.209924327220838
 1.201108475225628
 1.202416817223315
 1.207601201753809
 1.211111425613618
 1.200050260007774
 1.268175264035307
 1.242282331822796
 1.241411456114674
 1.245032825098008
 1.211043687141091
 1.209336087520881
 1.209323747981485
 1.210827588471473
 1.21180971255676
 1.20730404052944
 1.205683132541029
 1.211032641717172
 1.200309525014399
 1.198918273825028
 1.192853616876406
 1.199265405216646
 1.188094072811654
 1.194414876136728
 1.19431619489841
 1.257719381913741
 1.247270357434085
 1.221401141889506
 1.216522176471335
 1.212826110285951
 1.204304210825675
 1.205702092334575
 1.210422367779343
 1.211184295283337
 1.226954256621068
 1.224734204403842
 1.215019716611191
 1.208998309001984
 1.213333690014799
 1.196751962659967
 1.199308652584917
 1.204649376623241
 1.200774289002319
 1.20235940787326
 1.200354739016861
 1.214505435060749
 1.213104088241231
 1.215596076512894
 1.222256950443164
 1.216369350095365
 1.218219798213486
 1.222451168292618
 1.207301654245347
 1.21031775897708
 1.212573962911307
 1.206594849822791
 1.20614053214752
 1.208429672813851
 1.207859903148972
 1.207210733227056
 1.216163004313646
 1.204690518603429
 1.207788407846009
 1.200449187671083
 1.201489385493723
 1.199488966535288
 1.202664711797784
 1.204152996756318
 1.190130497164959
 1.206311819335294
 1.199518488364716
 1.196983460845635
 1.200416364106275
 1.191004447710615
 1.18787796603026
 1.184527914084561
 1.191740413942576
 1.180954500955996
 1.180881646224307
 1.178860230052437
 1.172086467193387
 1.166098614901142
 1.162348360379412
 1.173002750458256
 1.17391023363353
 1.17783004290357
 1.1774534682982
 1.209692263234052
 1.201337869534383
 1.185021974488724
 1.192948646698418
 1.196048432467198
 1.201274719764695
 1.207947610888085
 1.203913998978055
 1.206527917067765
 1.212271968857536
 1.212042192909623
 1.210406569453532
 1.203869691175321
 1.197640932563904
 1.193521855646761
 1.277501504078995
 1.275213525899917
 1.240437098792283
 1.216149189315765
 1.208427764751976
 1.209070995491844
 1.203101821530787
 1.206023124873102
 1.204048312558102
 1.204625516846076
 1.204535843523187
 1.212593219866605
 1.207313839719888
 1.203377877908829
 1.204346996843047
 1.201721608437528
 1.198289942932867
 1.206453532982273
 1.205777688985792
 1.206302509145663
 1.202527156798302
 1.201964231849618
 1.201529214763393
 1.212685388296194
 1.213265702191898
 1.209690458834759
 1.207956998743169
 1.210234935192013
 1.203747725855738
 1.28960607414725
 1.28978265852157
 1.231239974616955
 1.235421347066438
 1.214529089188423
 1.226042210791599
 1.223205443752049
 1.224147614250369
 1.220497032277019
 1.222548795517294
 1.217476775835028
 1.218399006553654
 1.217969541919323
 1.212286426979506
 1.22201945989969
 1.218406771584672
 1.220748622197913
 1.220775797312125
 1.220002044037981
 1.217174033876608
 1.209852934742913
 1.204857801864444
 1.211697767099377
 1.206179315852107
 1.209262937170122
 1.208413978165241
 1.205310508495981
 1.201080464291249
 1.204965326259375
 1.204149340100567
 1.20203518031266
 1.201001812373681
 1.199337815144152
 NaN
 1.337760838098701
 1.335457232890554
 1.329275719689517
 1.317975337020494
 1.301805119210914
 1.280349824461724
 1.263994154967199
 1.249840160905316
 1.204103056482963
 1.206851129937562
 1.201378980578612
 1.222018244218882
 1.213327098856757
 1.20863997102889
 1.23404492609791
 1.233858753896159
 1.227416010409802
 1.227724689460854
 1.2278071451862
 1.23225649111832
 1.245529501103547
 1.240504969705829
 1.234970671265252
 1.235727525144974
 1.236930189793371
 1.236995619689154
 1.237705066779387
 1.239568601137447
 1.237582917287059
 1.241124612014249
 1.235560125299874
 1.219329783183798
 1.22367014911329
 1.223577046970229
 1.226795634577058
 1.222988016439219
 1.22181834976206
 1.22030215531354
 1.22427287576642
 1.21358645632087
 1.213348415086182
 1.208953747681095
 1.203147175439262
 1.204521769821193
 1.217349635676294
 1.218343984194282
 1.207671281033376
 1.205380945160053
 1.204121475841307
 1.199682964060094
 1.205631527454095
 1.205329100265317
 1.200170951355205
 1.1980523334076
 1.200162234201163
 1.197785303678491
 1.20599997698205
 1.209861669762058
 1.218610610715036
 1.218655118993162
 1.2233289662372
 1.208208162873836
 1.208061193965938
 1.208392634491204
 1.207737910217927
 1.199396629354521
 1.207482349462637
 1.199858738893995
 1.197372920326696
 1.215009672762553
 1.213720521761234
 1.20695158706357
 1.213442274008916
 1.215526705568561
 1.213743326602337
 1.215967823119378
 1.219786961979494
 1.218549981643853
 1.237810668309448
 1.238518234754694
 1.229503433471659
 1.206004351880663
 1.200229664031739
 1.205877530267192
 1.206549665835865
 1.208865929867082
 1.206981975854461
 1.209751000952747
 1.217699060502743
 1.218480785838923
 1.217612884920569
 1.214339878615388
 1.216484905749044
 1.225652493518566
 1.212457890945551
 1.219921948625373
 1.206118409983743
 1.204219271481436
 1.204029594692277
 1.213539333201777
 1.216923588984287
 1.210861020798777
 1.209195790988465
 1.201402869135147
 1.20879540090829
 1.207251687324834
 1.199450745098272
 1.20274903496294
 1.195303347177105
 1.1915947960271
 1.200250150357562
 1.190416234151917
 1.194486925233979
 1.188747670346232
 1.206229642706916
 1.192463148427129
 1.188425552665213
 1.180897015824023
 1.193391276343614
 1.190013113776083
 1.19074939630664
 1.19435272894805
 1.191280657997345
 1.180537172410506
 1.180756413486842
 1.189020436830743
 1.17409550202135
 1.174533189978975
 1.162858298548733
 1.139917294554743
 1.140467815525485
 1.147916775067866
 1.156653107711515
 1.165969191138744
 1.173179671149425
 1.180215485091607
 1.179513115104795
 1.164455415819063
 1.159645415352057
 1.170390897961237
 1.168909327759155
 1.166061092530349
 1.170449697370862
 1.176297938311544
 1.17193812249972
 1.180399962724642
 1.177013097206977
 1.170962411052004
 1.161873207426859
 1.161502693576648
 1.163414806240195
 1.169132173817761
 1.162306744609607
 1.15810378892483
 1.158979876179692
 1.160132344276035
 1.157816893263644
 1.153984575954484
 1.168261114057591
 1.147636104937518
 1.15832961770019
 1.165063209540147
 1.160239219161946
 1.170915101779048
 1.170041899477514
 1.171001560922743
 1.184089837596035
 1.166553299738799
 1.170129114560194
 1.168699201018184
 1.167415925415696
 1.165575927421434
 1.16691542874273
 1.17439849253999
 1.163909040974489
 1.182365950364692
 1.179344139081185
 1.156914892902974
 1.160245593801369
 1.170271616948704
 1.171292728614067
 1.164061363954602
 1.164708269401121
 1.15727752297773
 1.158417123784889
 1.158650052598936
 1.173748237756799
 1.161281863631519
 1.161845194025054
 1.159003494873062
 1.164657445080304
 1.184316537838953
 1.180447342287297
 1.15391786282579
 1.1608880372277
 1.167355712520071
 1.163790366641094
 1.149733544046723
 1.168078513759086
 1.175664685105812
 1.176282210421316
 1.176855250220966
 1.145045556629569
 1.153279235519342
 1.155495440175612
 1.171828857998862
 1.165851722188767
 1.167029271241575
 1.163755130286719
 1.173321566138576
 1.166289170126905
 1.165167099339458
 1.165524314272674
 1.170919119071582
 1.178962830906578
 1.175766041229873
 1.17261266024916
 1.161118548904899
 1.147743258275723
 1.145827079973623
 1.140920378863055
 1.157346586714993
 1.153498811160715
 1.168323549497075
 1.175519438163964
 1.165589472752103
 1.184409521631183
 1.179538243693798
 1.179354671028783
 1.184626067512637
 1.181564484097434
 1.135322826053566
 1.137144612920904
 1.146881734001145
 1.146025949807909
 1.155100817717292
 1.137980610036966
 1.142755277840053
 1.135666318568494
 1.132985680515108
 1.138849891334017
 1.132981310942004
 1.154862554464539
 1.147095307005796
 1.131950386477154
 1.122596453397852
 1.121958921679788
 1.115932698498832
 1.111929795136579
 1.118634494574776
 1.121440515750334
 1.132942454026834
 1.135473352462458
 1.138843289948405
 1.137535021284843
 1.1389333768448
 NaN
 NaN
 NaN
 NaN
 NaN
 NaN
 NaN
 NaN
 NaN
 NaN
 NaN
 NaN
 NaN
 NaN
 NaN
 NaN
 NaN
 NaN
 NaN
 NaN
 NaN
 NaN
 NaN
 NaN
 NaN
 NaN
 NaN
 NaN
 NaN
 NaN
 NaN
 NaN
 NaN
 NaN
 NaN
 NaN
 NaN
 NaN
 NaN
 NaN
 NaN
 NaN
 NaN
 NaN
 NaN
 NaN
 NaN
 NaN
 NaN
 NaN
 NaN
 NaN
 NaN
 NaN
 NaN
 NaN
 NaN
 NaN
 NaN
 NaN
 NaN
 NaN
 NaN
 NaN
 NaN
 NaN
 NaN
 NaN
 NaN
 NaN
 NaN
 NaN
 NaN
 NaN
 NaN
 NaN
 NaN
 NaN
 NaN
 NaN
 NaN
 NaN
 NaN
 NaN
 NaN
 NaN
 NaN
 NaN
 NaN
 NaN
 NaN
 NaN
 NaN
 NaN
 NaN
 NaN
 NaN
 NaN
 NaN
 NaN
 NaN
 NaN
 NaN
 NaN
 NaN
 NaN
 NaN
 NaN
 NaN
 NaN
 NaN
 NaN
 NaN
 NaN


# name: iter_improve
# type: matrix
# rows: 1489
# columns: 1
 1
 22
 62
 68
 155
 161
 173
 185
 192
 246
 256
 269
 302
 539
 540
 548
 549
 560
 581
 591
 594
 596
 599
 604
 614
 616
 625
 634
 662
 669
 673
 678
 685
 688
 707
 722
 813
 814
 823
 843
 848
 867
 882
 895
 909
 910
 919
 1000
 1001
 1003
 1006
 1007
 1016
 1022
 1036
 1044
 1053
 1061
 1073
 1134
 1140
 1174
 1191
 1248
 1258
 1341
 1416
 1597
 1613
 1666
 1687
 1726
 1740
 1766
 1793
 1835
 1842
 1935
 2000
 2001
 2008
 2009
 2010
 2023
 2025
 2038
 2040
 2044
 2068
 2078
 2089
 2092
 2151
 2198
 2207
 2244
 2310
 2390
 2599
 2686
 2693
 2770
 2819
 2868
 3000
 3001
 3009
 3010
 3012
 3028
 3032
 3044
 3060
 3085
 3089
 3091
 3099
 3118
 3188
 3191
 3194
 3196
 3201
 3240
 3264
 3281
 3294
 3319
 3327
 3342
 3370
 3415
 3513
 3783
 3815
 3841
 3880
 3920
 3948
 3963
 3970
 4000
 4010
 4011
 4014
 4021
 4055
 4059
 4065
 4080
 4104
 4220
 4221
 4251
 4254
 4258
 4308
 4423
 4451
 4465
 4473
 4480
 4530
 4661
 4683
 4772
 4780
 4806
 4871
 4914
 4961
 4984
 5000
 5004
 5005
 5015
 5017
 5034
 5040
 5045
 5052
 5069
 5124
 5141
 5162
 5235
 5241
 5247
 5248
 5276
 5386
 5565
 5596
 5631
 5722
 5848
 5862
 5870
 5901
 6000
 6001
 6004
 6009
 6013
 6015
 6019
 6028
 6033
 6041
 6055
 6081
 6105
 6110
 6113
 6116
 6124
 6129
 6194
 6232
 6240
 6244
 6250
 6252
 6286
 6299
 6403
 6455
 6526
 6570
 7000
 7001
 7009
 7010
 7012
 7055
 7060
 7203
 7228
 7243
 7246
 7265
 7289
 7294
 7298
 7312
 7320
 7496
 7497
 7613
 7674
 7732
 7769
 8000
 8005
 8011
 8013
 8014
 8017
 8018
 8020
 8028
 8031
 8037
 8043
 8053
 8057
 8058
 8067
 8075
 8101
 8109
 8124
 8125
 8126
 8155
 8161
 8168
 8176
 8195
 8196
 8207
 8211
 8225
 8227
 8232
 8257
 8266
 8284
 8296
 8301
 8303
 8340
 8424
 8425
 8560
 8640
 9000
 9002
 9003
 9007
 9013
 9017
 9020
 9022
 9026
 9062
 9093
 9123
 9150
 9457
 9556
 9566
 9887
 9958
 10000
 10001
 10010
 10012
 10016
 10017
 10022
 10026
 10033
 10038
 10054
 10059
 10118
 10121
 10128
 10148
 10184
 10215
 10316
 10336
 10436
 10462
 10764
 10823
 10844
 11000
 11002
 11018
 11019
 11056
 11059
 11062
 11065
 11069
 11080
 11108
 11159
 11184
 11196
 11200
 11215
 11245
 11269
 11270
 11282
 11302
 11307
 11344
 11392
 11402
 11552
 11574
 11605
 11663
 11692
 11715
 11719
 11731
 11732
 11733
 11742
 11752
 11757
 11777
 11786
 11831
 11839
 11915
 11918
 11921
 11925
 11933
 11942
 11974
 11976
 11991
 12000
 12003
 12004
 12005
 12010
 12014
 12015
 12019
 12022
 12024
 12029
 12039
 12040
 12044
 12058
 12072
 12076
 12125
 12173
 12181
 12193
 12237
 12240
 12259
 12272
 12297
 12299
 12319
 12386
 12492
 12507
 12646
 12657
 12673
 12692
 12714
 12754
 12819
 12844
 12856
 12886
 12905
 13000
 13003
 13010
 13017
 13021
 13031
 13066
 13121
 13124
 13128
 13173
 13214
 13244
 13274
 13297
 13321
 13323
 13326
 13327
 13331
 13375
 13382
 13390
 13448
 13496
 13703
 13709
 13713
 13724
 13763
 13792
 13828
 13862
 13877
 13922
 14000
 14003
 14009
 14028
 14044
 14076
 14101
 14106
 14107
 14114
 14115
 14122
 14125
 14132
 14267
 14275
 14277
 14318
 14360
 14391
 14432
 14455
 14507
 14573
 14582
 14798
 14826
 15000
 15001
 15009
 15050
 15053
 15063
 15073
 15088
 15125
 15135
 15171
 15187
 15219
 15225
 15229
 15375
 15378
 15382
 15386
 15405
 15466
 15470
 15521
 15535
 15548
 15591
 15611
 15676
 15695
 15991
 16000
 16022
 16023
 16026
 16042
 16044
 16046
 16082
 16088
 16106
 16123
 16201
 16204
 16210
 16217
 16253
 16376
 16434
 16489
 16508
 16631
 16634
 16644
 16652
 16966
 17000
 17003
 17004
 17006
 17016
 17017
 17043
 17048
 17049
 17055
 17067
 17181
 17240
 17258
 17260
 17263
 17268
 17292
 17301
 17476
 17535
 17551
 17615
 17625
 17637
 17675
 17683
 17773
 18000
 18158
 18194
 18292
 19000
 19001
 19002
 19005
 19016
 19017
 19021
 19024
 19027
 19033
 19043
 19222
 19233
 19399
 19469
 19551
 19576
 19586
 19605
 19846
 19898
 19909
 19915
 19949
 20000
 20001
 20016
 20019
 20029
 20030
 20037
 20048
 20052
 20093
 20097
 20102
 20141
 20147
 20211
 20225
 20913
 20920
 20923
 21000
 21003
 21007
 21009
 21028
 21031
 21033
 21042
 21045
 21054
 21070
 21073
 21082
 21091
 21095
 21103
 21112
 21114
 21121
 21125
 21139
 21165
 21170
 21198
 21256
 21293
 21446
 21489
 21502
 21504
 21507
 21512
 21568
 21779
 21975
 22000
 23000
 23001
 23005
 23006
 23008
 23009
 23014
 23019
 23022
 23051
 23068
 23147
 23162
 23163
 23173
 23182
 23269
 23278
 23287
 23315
 23317
 23318
 23372
 23381
 23421
 23433
 23891
 24000
 24001
 24003
 24016
 24019
 24038
 24145
 24155
 24164
 24170
 24199
 24322
 24375
 24422
 24731
 25000
 25008
 25021
 25022
 25039
 25784
 26000
 26069
 27000
 27021
 27024
 27064
 27129
 27130
 27326
 27425
 27468
 28000
 28003
 28010
 28021
 28029
 28031
 28041
 28043
 28046
 28051
 28052
 28054
 28087
 28091
 28124
 28125
 28131
 28147
 28155
 28199
 28228
 28416
 28423
 28485
 28502
 28506
 28993
 29000
 29003
 29005
 29015
 29023
 29127
 29145
 29173
 29191
 29214
 29440
 29603
 29682
 29779
 29859
 30000
 30196
 31000
 31971
 32000
 32025
 32103
 32176
 32269
 32676
 33000
 33008
 33089
 34000
 34027
 35000
 36000
 37000
 37956
 38000
 38381
 38878
 39000
 39089
 39359
 40000
 40076
 40222
 40766
 41000
 41056
 41505
 42000
 42001
 42002
 42007
 42011
 42014
 42040
 42043
 42091
 42174
 42190
 42214
 42224
 42225
 42254
 42306
 42778
 42851
 42934
 43000
 43175
 43484
 43514
 43630
 43662
 44000
 44002
 44004
 44017
 44046
 44114
 44466
 45000
 45003
 45108
 45130
 45154
 45346
 45410
 45898
 45931
 46000
 46014
 46019
 46064
 46167
 46392
 47000
 47075
 47148
 47178
 48000
 48438
 48653
 49000
 49312
 49381
 50000
 50004
 50031
 50038
 50043
 50046
 50055
 50059
 50415
 50508
 51000
 51048
 51101
 51104
 51171
 51378
 52000
 52017
 52233
 52722
 53000
 53200
 53295
 53454
 53906
 54000
 55000
 56000
 56474
 57000
 57034
 57082
 57403
 58000
 58002
 58011
 58018
 58027
 58039
 58081
 58106
 58195
 58217
 58364
 58976
 59000
 59001
 59003
 59008
 59027
 59029
 59042
 59046
 59075
 59107
 59132
 59134
 59166
 59180
 60000
 60006
 60010
 60014
 60017
 60018
 60029
 60033
 60034
 60052
 60062
 60071
 60083
 60102
 60133
 60160
 60252
 60340
 60581
 60638
 60775
 60802
 60874
 61000
 61001
 61005
 61007
 61038
 61087
 61116
 61174
 61242
 61253
 61600
 62000
 62004
 62012
 62013
 62014
 62026
 62030
 62057
 62074
 62095
 62110
 62112
 62152
 62154
 62319
 62334
 62455
 63000
 63002
 63003
 63004
 63015
 63027
 63057
 63063
 63064
 63065
 63074
 63097
 63100
 63104
 63160
 63317
 63329
 63385
 63437
 64000
 64003
 64004
 64008
 64012
 64017
 64045
 64048
 64051
 64059
 64062
 64079
 64090
 64093
 64114
 64133
 64144
 64153
 64168
 64210
 64213
 64277
 64339
 64634
 64681
 64954
 65000
 65009
 65046
 65129
 65215
 65302
 65419
 65718
 65993
 66000
 66003
 66024
 66073
 66099
 66257
 66421
 66654
 66946
 67000
 67004
 67009
 67026
 67029
 67041
 67155
 67204
 67241
 67276
 67282
 67381
 67382
 67413
 67455
 67467
 67623
 67719
 68000
 68003
 68008
 68021
 68081
 68096
 68123
 68141
 68143
 68156
 68232
 68569
 68691
 68702
 68761
 69000
 69001
 69003
 69015
 69017
 69020
 69023
 69038
 69039
 69050
 69056
 69070
 69075
 69077
 69124
 69233
 69281
 69341
 69361
 69393
 69406
 69444
 69485
 69567
 69581
 69628
 69645
 69669
 69973
 70000
 70002
 70003
 70005
 70007
 70014
 70023
 70034
 70036
 70089
 70100
 70115
 70227
 70231
 70258
 70268
 70275
 70307
 70317
 70448
 70505
 70513
 70515
 70522
 70532
 70557
 70558
 70611
 70631
 70655
 70689
 70808
 70894
 71000
 71003
 71004
 71013
 71019
 71063
 71073
 71089
 71099
 71109
 71110
 71115
 71116
 71128
 71129
 71155
 71171
 71173
 71180
 71198
 71219
 71223
 71237
 71239
 71241
 71245
 71257
 71258
 71295
 71464
 71506
 71516
 71518
 71529
 71530
 71533
 71536
 71562
 71886
 71942
 72000
 72007
 72008
 72038
 72040
 72058
 72068
 72081
 72084
 72103
 72147
 72176
 72177
 72205
 72238
 72286
 72377
 72837
 73000
 73034
 73043
 73071
 73077
 73079
 73106
 73115
 73152
 73159
 73238
 73283
 73323
 73341
 73342
 73444
 73455
 73478
 73480
 73867
 73994
 74000
 74001
 74017
 74020
 74049
 74112
 74118
 74180
 74200
 74226
 74319
 74516
 74561
 74780
 75000
 75005
 75022
 75025
 75034
 75140
 75199
 75207
 75272
 75789
 75849
 76000
 76003
 76011
 76013
 76015
 76065
 76271
 76273
 76444
 76515
 76929
 77000
 77006
 77011
 77019
 77069
 77109
 77167
 77228
 77277
 77290
 77566
 78000
 78003
 78013
 78014
 78018
 78032
 78033
 78038
 78049
 78054
 78070
 78172
 78382
 78383
 78388
 78393
 78400
 78408
 78413
 78527
 78552
 78564
 78649
 78697
 78823
 78851
 78862
 79000
 79004
 79022
 79039
 79117
 79134
 79254
 79303
 79313
 79317
 79504
 79525
 79538
 79586
 79635
 79934
 80000
 80015
 80027
 80048
 80110
 80128
 80142
 80174
 80243
 80263
 80295
 80371
 80474
 80743
 80855
 80860
 80892
 80924
 81000
 81011
 81019
 81022
 81040
 81042
 81219
 81243
 81291
 81337
 81482
 82000
 82016
 82028
 82035
 82060
 82077
 82126
 82159
 82266
 82276
 82378
 82431
 82462
 82593
 82622
 82714
 82742
 82835
 82907
 82978
 82979
 83000
 83019
 83027
 83035
 83039
 83048
 83072
 83261
 83343
 83362
 83517
 83636
 83805
 84000
 84003
 84020
 84070
 84183
 84246
 84349
 84362
 84381
 84492
 84555
 84563
 85000
 85001
 85023
 85024
 85029
 85042
 85043
 85078
 85085
 85098
 85266
 85481
 85703
 86000
 87000
 88000
 89000
 90000
 91000
 92000
 93000
 94000
 95000
 96000
 97000
 98000
 99000
 100000
 101000
 102000
 103000
 104000
 105000
 106000
 107000
 108000
 109000
 110000
 111000
 112000
 113000
 114000
 115000
 116000
 117000
 118000
 119000
 120000
 121000
 122000
 123000
 124000
 125000
 126000
 127000
 128000
 129000
 130000
 131000
 132000
 133000
 134000
 135000
 136000
 137000
 138000
 139000
 140000
 141000
 142000
 143000
 144000
 145000
 146000
 147000
 148000
 149000
 150000
 151000
 152000
 153000
 154000
 155000
 156000
 157000
 158000
 159000
 160000
 161000
 162000
 163000
 164000
 165000
 166000
 167000
 168000
 169000
 170000
 171000
 172000
 173000
 174000
 175000
 176000
 177000
 178000
 179000
 180000
 181000
 182000
 183000
 184000
 185000
 186000
 187000
 188000
 189000
 190000
 191000
 192000
 193000
 194000
 195000
 196000
 197000
 198000
 199000


# name: optim_start
# type: scalar
539


# name: optim_steps
# type: matrix
# rows: 1
# columns: 200
 14 48 79 105 142 173 200 230 253 297 315 340 391 433 468 495 525 550 578 582 606 625 660 661 688 703 709 711 720 747 762 764 766 772 775 777 778 779 781 784 787 791 794 813 819 826 835 841 845 848 851 861 867 871 876 877 878 880 884 896 910 933 944 961 980 1006 1015 1024 1042 1057 1086 1119 1159 1177 1198 1212 1223 1234 1245 1272 1288 1306 1317 1338 1351 1363 1376 1377 1378 1379 1380 1381 1382 1383 1384 1385 1386 1387 1388 1389 1390 1391 1392 1393 1394 1395 1396 1397 1398 1399 1400 1401 1402 1403 1404 1405 1406 1407 1408 1409 1410 1411 1412 1413 1414 1415 1416 1417 1418 1419 1420 1421 1422 1423 1424 1425 1426 1427 1428 1429 1430 1431 1432 1433 1434 1435 1436 1437 1438 1439 1440 1441 1442 1443 1444 1445 1446 1447 1448 1449 1450 1451 1452 1453 1454 1455 1456 1457 1458 1459 1460 1461 1462 1463 1464 1465 1466 1467 1468 1469 1470 1471 1472 1473 1474 1475 1476 1477 1478 1479 1480 1481 1482 1483 1484 1485 1486 1487 1488 1489


# name: VPVP_params
# type: scalar struct
# ndims: 2
 1 1
# length: 8
# name: lambda
# type: scalar
300000000


# name: downsample
# type: scalar
10


# name: MaxIter_X
# type: scalar
200


# name: MaxIter
# type: scalar
50


# name: optTol_X
# type: scalar
1e-06


# name: progTol_X
# type: scalar
1e-10


# name: optTol_aW
# type: scalar
0.0001


# name: progTol_aW
# type: scalar
1e-07




