# Created by Octave 3.8.1, Thu Nov 30 09:12:37 2017 ART <gabrevaya@ws15.labo7>
# name: y_start
# type: matrix
# rows: 15
# columns: 1
 0.4328092691456565
 -0.1402088636937383
 -0.4612755081542038
 -0.05013961656780062
 -0.003650737618530449
 0.3727076118669436
 -0.1446251853820042
 -0.207913436540058
 -0.08277605989242823
 0.3651809415049948
 0.4924776346347
 1.358163408494642
 0.01148844121722441
 -0.4033279237164001
 0.232084947145022


# name: alphas
# type: cell
# rows: 1
# columns: 3
# name: <cell-element>
# type: matrix
# rows: 15
# columns: 1
 0.5757477902258951
 0.01385559311092132
 0.5056139813901965
 1.863305858734281
 1.897271537337068
 -0.5790227707520508
 0.2943173818387673
 0.1598364608325935
 1.531178651134961
 0.9292166290273675
 2.145756972757535
 0.6033018861754185
 1.063247334765407
 1.29161446800355
 -0.6932063017874376



# name: <cell-element>
# type: matrix
# rows: 15
# columns: 1
 0.7402178978871906
 0.7986287248384893
 1.270907302165723
 1.047657521252161
 0.6807367936067169
 1.079477739880717
 1.382387515832356
 0.8169736418435039
 1.605100407103552
 0.6595977936253348
 0.5105352983734956
 2.987639632896065
 0.6029880691558143
 0.680270615371148
 0.4338498444279061



# name: <cell-element>
# type: matrix
# rows: 15
# columns: 1
 11.05743610063724
 11.27749072802414
 11.78394610576424
 12.65964784621849
 11.60098500624487
 13.42522457857223
 11.86614209197678
 11.11352334584265
 11.21826710062832
 11.41506024730882
 11.01260192368035
 9.584720730774217
 11.12609729851979
 10.16844654376107
 10.7599833919465





# name: W
# type: matrix
# rows: 15
# columns: 15
 0.1462407736475355 -0.210116735489842 -0.09886988911147285 0.9762871990575784 0.1719155062566583 0.3617291464802334 0.2425928914234549 -0.1926295452707914 -0.09093213372367205 0.1713132927036656 -0.4460691847188222 0.3161478072320824 -0.09341263122627418 0.01347988340471162 0.2266412408046438
 -0.5766082637560559 0.2930297403524301 -0.563121074266276 -0.8925986978770325 0.1582456999191316 -0.2372763477960271 -0.3852000274521977 0.5114530444904454 -0.1196512783131623 0.01676581654575117 0.357647149765849 -0.5056280351034673 -0.1391111448004511 -0.03256581001464059 -0.3764774162261594
 -0.0714227837529902 -0.04518264460763503 -0.1097363011752589 0.08671081568390301 -0.1346426187151867 0.09914569249978884 -0.0117891225600898 -0.1867345317094946 -0.0398998331617055 0.01472913437638947 -0.1635839715079886 0.09666538293190156 -0.049418566272043 -0.2247521690812447 -0.007209433049142054
 0.04307231083926698 0.1968186622830646 0.4452104790902207 -0.402009715527103 0.1461150391146668 -0.1371263535196456 0.3771111422340113 0.3492085369425014 0.387937108171196 0.154630051235386 0.11079002067221 -0.04065293231462699 0.3834667086727426 -0.2112311283413976 -0.03520324675870519
 -0.4270874742316835 0.6451059000205296 0.07254893948146249 0.1150862764818988 -0.1118802853181731 0.05161860824536486 0.4754854603706288 0.5841678649675116 0.3377207006845336 -0.3102148785285094 0.01345492113392184 0.05070607294954811 -0.0776930312924653 -0.1162724678637 0.1410375804623369
 -0.05156844261042924 0.1024918086467425 0.06173271328209077 -0.02892392055426557 0.2101604032425154 0.0225573646842697 0.07028563320555369 0.04278061242181684 -0.1750554700358159 0.1006248245748385 0.04082741892977299 -0.06589277662553425 -0.02072035316019213 0.1427300355540324 -0.198685575430758
 0.04217341987237212 -0.03832668777715901 0.06666437840400023 -0.3943127511103954 0.04209371213490491 -0.09351974107355793 -0.1650101195271494 0.04364185879895763 8.193767389360266e-05 0.2778691804885185 0.3627630937170346 -0.1815881959581036 0.1956810325909996 0.1648327866538539 -0.3614540822524376
 0.1320920947241369 -0.1167421012768947 -0.5186400419802626 0.344861402972423 0.2131596353519473 0.02490577100266867 -0.1660288760439168 0.1819310967626004 -0.2416707640113491 0.2097378489988719 -0.2161648424368371 -0.03758859731319737 0.05468472214183495 -0.429162886272021 -0.1323588287645771
 0.1005503025643854 -0.1083134831448807 -0.004035598135568198 -0.149248560208324 -0.06610395095919004 -0.0130003223902446 0.02902193480323966 -0.1558327707182771 -0.004134923776962503 0.0957519403094725 -0.2797249067241625 -0.09503096548064047 -0.02129500962355036 -0.143605672160989 0.2270676959048779
 -0.02128035687271911 0.03628993491951363 -0.03979614476914447 0.3998248728959357 0.06109466118503677 0.1089542059424551 0.0364692332926548 0.04291805204321489 0.02632598947983502 -0.2369742631530274 -0.1550120540224396 0.1298367718816906 -0.1011037119022256 0.001190245176284654 0.2644476892155631
 -0.03482816750563465 0.2138034996144323 -0.0291954403143833 0.04975358221864775 0.02641569325945804 0.198833031931922 0.353569725582659 -0.1882747263532605 0.02398636694449506 -0.2031580449793339 -0.4095928035103469 0.1873248701461717 -0.1246193694688295 0.02783108303450666 0.1397422058381833
 -0.008311074572890249 -0.09116677275792089 0.1031784758987381 -0.122050397671733 0.02990574072935671 -0.01953399113888873 -0.2473321233468672 0.0715461340780273 0.01825356467742906 0.009583543685640102 0.1327405683169941 -0.4410037565529225 -0.03037579151870255 0.03548788635211157 -0.2119404264887103
 0.0506675684446912 0.1675917153798057 -0.3412620425948237 0.3488948074104183 0.06546263041873568 0.1472836037443657 0.301667384385242 0.2460743944379192 0.181048222166789 -0.1305417896955112 -0.3003563863846331 0.2453527947757154 -0.2483026661889099 0.0199857559955627 0.3248024899098033
 -0.3915354452302711 0.572732462450204 0.4694267576257966 0.1274648133396236 0.3299080086698131 0.1553440334789744 0.4027299296147491 -0.2743640149756393 0.09757470003985488 -0.2294657090118816 0.1896302258066563 0.06822963079236991 -0.03372758841333393 0.1795869984337171 -0.2394949705017382
 0.1451337839772126 -0.2525115337286878 0.5029347182601658 -0.5496041030913601 0.1385844260107705 -0.1587926435306226 -0.1632504043587507 0.1058136065499691 0.03022781654951824 0.5784748959463223 0.4767111113292891 -0.3951272877651899 0.3721128739945496 -0.0175298688315318 -0.8448181854776229


# name: iter
# type: scalar
300000


# name: c
# type: matrix
# rows: 1
# columns: 15
 NaN NaN NaN NaN NaN NaN NaN NaN NaN NaN NaN NaN NaN NaN NaN


# name: mean_corr
# type: matrix
# rows: 1097
# columns: 1
 -0.1572821058626434
 -0.1566238906172417
 -0.1199762401207984
 -0.09823298840749493
 -0.0966504124494228
 -0.0945023139969865
 -0.08843618122011415
 -0.06067965406553815
 -0.05571953890545354
 -0.03492576554153963
 -0.0318502408369886
 -0.01904876649638907
 0.003098174223155948
 0.004644273274499146
 0.03943255763905222
 0.04267363067172773
 0.0549979566342581
 0.06861429140249166
 0.07485517340402074
 0.07956720703245072
 0.09914463336071822
 0.4278623249908698
 0.4254725259010477
 0.3938024557377335
 0.4065196352099924
 0.3973436955579058
 0.4003485102240515
 0.406926308782339
 0.4059574074824252
 0.3949016846348126
 0.3893038910607302
 0.3922024729299992
 0.3890888485384117
 0.3680777432660033
 0.3487815020775394
 0.3524475952197895
 0.3460929098290926
 0.3436112613877201
 0.3594224868465932
 0.3483275935696745
 0.3465955814521828
 0.3461544907426935
 0.3278813603909437
 0.3248928392311629
 0.3277354403578797
 0.308664320723651
 0.3096743823038807
 0.2975135580203817
 0.2908726539582606
 0.2957677903101025
 0.2873398719768883
 0.2875123012872072
 0.2875867506272801
 0.2874734318740136
 0.2893479767891712
 0.2836422786223979
 0.2845148498330203
 0.2767372048902822
 0.2803820982137211
 0.2737009007960998
 0.2739716535887056
 0.2754307210882103
 0.2758134484582896
 0.2746173745742317
 0.2745862139188892
 0.2731928740103571
 0.2733713661069588
 0.2729057617500612
 0.2727003585979648
 0.4901309894919149
 0.4587973431664313
 0.4589057562534844
 0.4614597187037289
 0.4242883462594976
 0.4166250296002915
 0.4212905207248934
 0.4097944943165798
 0.408672530910105
 0.3979482807366509
 0.3921357250902286
 0.3915033533080532
 0.3850080339607839
 0.3828486609446417
 0.3829507536019637
 0.3801800181365864
 0.3792435745002397
 0.3641396053859646
 0.3667365003107544
 0.3649818695972797
 0.3689491884843649
 0.333113865510861
 0.325407297822827
 0.3401062456972609
 0.3358074222558839
 0.335248098822227
 0.3379054481726111
 0.3388270609360416
 0.3440927098921605
 0.3578590153045651
 0.3543668098271289
 0.3649688292297444
 0.3588831644155625
 0.358028953482645
 0.3562118793619937
 0.3581392325073578
 0.3570697735219586
 0.3572051247767065
 0.3562573018636706
 0.3562026468587202
 0.356809980189751
 0.3558422003569169
 0.3560239381742126
 0.3561195900719841
 0.3577817735056807
 0.3604033827552041
 0.3596053254259369
 0.3581943254963704
 0.349268371885593
 0.3476999876442398
 0.3553598097604331
 0.3564006815620882
 0.3424920692024651
 0.351784683079904
 0.3520124525544575
 0.3582775871594196
 0.3574874586146991
 0.3517525445127844
 0.3470964947726106
 0.3480391132187861
 0.3483828909512378
 0.3499812064450201
 0.3522643010756683
 0.3377559132104513
 0.3352637802409088
 0.3363864464047849
 0.3355131612257122
 0.3342910226503686
 0.3337408804938524
 0.3325927393613178
 0.3346202720559854
 0.3352588095132668
 0.3374605125618488
 0.3346196647740901
 0.3356429374037305
 0.3357335530294306
 0.3356471454319763
 0.3329724182359309
 0.4985785842569547
 0.4880317157086669
 0.4480727227525414
 0.450696153409766
 0.4524894481999483
 0.4462941137831375
 0.4544661923365617
 0.4598383022504999
 0.4428620126958718
 0.4279563773230686
 0.4243883998540315
 0.4293183288964801
 0.4280318124658936
 0.4425575995911758
 0.4173007457833396
 0.4280648059327464
 0.4259403998008952
 0.4255954873954469
 0.4320652738669477
 0.427740086041699
 0.4094019875700319
 0.4018116578367543
 0.3956141400878572
 0.3956304303057704
 0.4029980090623662
 0.376343641629536
 0.3813512471418725
 0.3916264461131356
 0.3884821792819648
 0.3901123852124229
 0.3905062612321391
 0.3906369384451634
 0.3916393919049332
 0.3873545796735477
 0.3894687337409614
 0.3645159401904863
 0.3674348904246287
 0.3582193026772002
 0.3605116316233185
 0.3629728484164225
 0.3730759376575297
 0.3667106735346584
 0.3540561372321716
 0.3537977781275322
 0.3489046241073379
 0.3489247637297529
 0.3481429976968141
 0.3496972317068842
 0.3441257715117342
 0.3345562039063706
 0.32093554711755
 0.3258856333536416
 0.3223785118496555
 0.3208373740767468
 0.3237796327833998
 0.3197595330090228
 0.3222109922347845
 0.322539507309248
 0.3227527751946291
 0.3225849720782119
 0.3194320766922504
 0.3187533914435037
 0.3176110236273076
 0.3166166901214002
 0.3179867277841461
 0.317224842680953
 0.3257615284508055
 0.3213316458213839
 0.3197495615049847
 0.3187021992190538
 0.3157154238478075
 0.3207901829443645
 0.314541507628487
 0.3155740793851046
 0.3132977462252108
 0.3150807744288752
 0.3239022005529943
 0.3355171184249625
 0.3352742331929786
 0.332419924402142
 0.3329443383947375
 0.3338153797606659
 0.3438646012001251
 0.3481900574112881
 0.3510650756835617
 0.3506648995989582
 0.3552473308322197
 0.3547281042624596
 0.3544914652006786
 0.3495897776950833
 0.3565242970356198
 0.3553394939094706
 0.3665778657358895
 0.35748817169784
 0.3564088538412139
 0.3547834967038858
 0.3551490062405189
 0.3444862608042453
 0.3484492307732138
 0.3460383376203882
 0.3436721917287595
 0.3460960206064849
 0.3471727558149837
 0.346926825614755
 0.3354988473414435
 0.3297574828757429
 0.3318449215347333
 0.3368033198761665
 0.3347532764797256
 0.3370326778606523
 0.334090958834187
 0.3372601254928869
 0.3376957083562612
 0.3349385314480401
 0.3327771768359201
 0.3362388940745224
 0.3350767657328201
 0.3553900290861739
 0.3516155813530755
 0.3497074168652854
 0.3501546302340655
 0.3554262852072962
 0.3558515584179912
 0.3624158094944858
 0.3643411550197769
 0.3623267006726069
 0.369691187731387
 0.3795962418124951
 0.3655400040851405
 0.3678697675889811
 0.3683869993113715
 0.3682946804640607
 0.3526498512708954
 0.3534654264080012
 0.3529551071447543
 0.3569190075891909
 0.3527981256435479
 0.3526882802088543
 0.3536084579249281
 0.3532051100838946
 0.3616439409143631
 0.3587425777393166
 0.3543437022305662
 0.3550320086737518
 0.3548110982827874
 0.3638394374906913
 0.3796069081856724
 0.3778527963988747
 0.3936310020140679
 0.3930471357373406
 0.3955530067792
 0.3958261502788012
 0.3993797063537257
 0.391708670532558
 0.3927231032308939
 0.3929512108676774
 0.3930633695782893
 0.3893374875065098
 0.5404556795789929
 0.5400748124328808
 0.5382994982662254
 0.5244727338398286
 0.5228712617204021
 0.5085509703765924
 0.5049568412365468
 0.5035578106990566
 0.5042104236614001
 0.4985314146908852
 0.4955786089880767
 0.4815287537617358
 0.481994891313502
 0.4657156651783891
 0.4520503826011079
 0.426063030926952
 0.4271588000669124
 0.4662209427203151
 0.4672895479041014
 0.4299546177808546
 0.4229853312050029
 0.4076909020874483
 0.407838660231482
 0.4065250801158701
 0.4093271476008599
 0.4066345996413349
 0.4066626879983118
 0.4008758049567359
 0.389285728943296
 0.3899717972526027
 0.3972951556986697
 0.3836056298463817
 0.3970293667917658
 0.4145336142234564
 0.4011409584626053
 0.406763749865714
 0.4059528281022845
 0.3962587237712339
 0.3874975156649889
 0.3792704516864711
 0.3972077469149521
 0.417829431771391
 0.4233158088114374
 0.4231549460202693
 0.423811733740491
 0.4241569604039466
 0.4243132564510642
 0.4245525131401955
 0.4260230059327403
 0.4253654091176021
 0.4192729018091926
 0.4133617244733577
 0.397860166270193
 0.3988207540284275
 0.3968569647864163
 0.3981452454149618
 0.3990879147053341
 0.4010064512776449
 0.4020521684247534
 0.4082941850449122
 0.4063448413357726
 0.4062443944203163
 0.3994063858359648
 0.4000387913066649
 0.4005450124613331
 0.4008054724621413
 0.4078451256752931
 0.4035515873897201
 0.4026516895209333
 0.4032592883883245
 0.4030560724199563
 0.4014310209438862
 0.4018713348793663
 0.4141863905800128
 0.4133523744673067
 0.4140751097970759
 0.4183289115290851
 0.4112661076542122
 0.4121681031026036
 0.421326208798616
 0.4214183860352151
 0.4211950376891724
 0.4215981434751903
 0.437042308419658
 0.4375304653865087
 0.4382656894314687
 0.4382665370596303
 0.4535737750423451
 0.4628028800726817
 0.4614029245701954
 0.4664446696198371
 0.4667434815095977
 0.4672877504885649
 0.4671612603613663
 0.4677345058186631
 0.4693238384550525
 0.4682776166397425
 0.4725184495530007
 0.4728417136480534
 0.4730830983965594
 0.4735373488941356
 0.4748504722434715
 0.4752134120033802
 0.4768177341247636
 0.4767997678862112
 0.4756652983106789
 0.476985248261576
 0.4782911631228839
 0.4768588562388235
 0.4751800445122216
 0.4778322598287611
 0.4749285674126051
 0.4739509480934246
 0.4739341675804941
 0.4740504100898409
 0.4744153649563207
 0.4742982014322899
 0.4746305415063955
 0.4740171792202428
 0.4740749877574877
 0.4745435907066112
 0.4745509646244654
 0.4751227143646573
 0.4753079710592303
 0.4813925181822133
 0.4875307939461861
 0.4865995950483127
 0.4852393642509565
 0.48548452582843
 0.4875586345889991
 0.4850914414983959
 0.4831361518227956
 0.4840357428699126
 0.4932556512007837
 0.4916509387272157
 0.4912833339354675
 0.4974242062972674
 0.4943750761999375
 0.4937309176326272
 0.4933068955805069
 0.5035886406147673
 0.5077479678351825
 0.506514181255045
 0.502417399039033
 0.5040604613710846
 0.5038604592479552
 0.5031529319482246
 0.5030980376621698
 0.5047228752873744
 0.5046432411956777
 0.5046371190765986
 0.5607000738499219
 0.5458882024293489
 0.5428262565239776
 0.5436758714505356
 0.5369722140359937
 0.5285318060342159
 0.5307194928763279
 0.5327495142852412
 0.5202998940585651
 0.5397140881087855
 0.5397630672470631
 0.5390991014896741
 0.5372408679974022
 0.5368044880819998
 0.5323921957125868
 0.5152613149366077
 0.5229429610815793
 0.5194804118222504
 0.5152281843309968
 0.5198397591597117
 0.5214922768463339
 0.5215678822633255
 0.5171816305357361
 0.5160901430173818
 0.5089341723953411
 0.5022541967069863
 0.4894016696313075
 0.4860501643152804
 0.4865695717122254
 0.4855065242626513
 0.4840660341141526
 0.4821372578039265
 0.4829361771352861
 0.4518736890416954
 0.4609444350870824
 0.4497465996603932
 0.4482496091905329
 0.4459573490216777
 0.4433372711499424
 0.4438418795989255
 0.4484985084023227
 0.4677705983522708
 0.4674528481386659
 0.4684874088730558
 0.4670017721557466
 0.4675103890140554
 0.4508690355938142
 0.4487148399597091
 0.4466109787506417
 0.4404782330850302
 0.4408263184960639
 0.46226555192289
 0.4623899619791987
 0.4647037719845208
 0.4651169883475726
 0.4621070536369034
 0.4623553993794179
 0.4649742644768092
 0.4764690202839982
 0.4744583496622873
 0.4765173343731778
 0.482425272139564
 0.4806843151019367
 0.4749657717988343
 0.4681733760715689
 0.470711284879175
 0.4690867526129283
 0.456938869687344
 0.4619833764409666
 0.4600456371486608
 0.4460305051131677
 0.4444330625122447
 0.4456752832321003
 0.4498837925172144
 0.4490542488191213
 0.4480834569931939
 0.4482301742493343
 0.4500202200240654
 0.4529422281954479
 0.453606811126296
 0.4539863122531096
 0.4463383096757004
 0.448233736985584
 0.448894562745554
 0.4489564576293691
 0.4553297805904127
 0.4560299231921944
 0.4553376676072249
 0.4597030089077857
 0.4602156634610952
 0.454503773454549
 0.4543313520987987
 0.4523107747149497
 0.4461589583720758
 0.4454943214867324
 0.4455273962911385
 0.4452093102347252
 0.4454047761532482
 0.4454092997891101
 0.4491107822485915
 0.4477679636305854
 0.4438871177387501
 0.4463240950094803
 0.4443894504799506
 0.4470325910354793
 0.4421483441064475
 0.4418713173451088
 0.4400203626036084
 0.4402332894942862
 0.4488860153148856
 0.448603631449923
 0.4483160727756668
 0.4469094786613078
 0.4480315473624548
 0.4503641291359379
 0.4473464377934316
 0.4474543445342166
 0.4469612193427759
 0.4434149434263913
 0.4442608953205847
 0.443020996877475
 0.4394555392672259
 0.4409531476824159
 0.4456957599806076
 0.4445629342024645
 0.4458195834878468
 0.4491929057599915
 0.4496639327379063
 0.4489225334045341
 0.4502476359463333
 0.4487248895430405
 0.4503693619344389
 0.4498222956628783
 0.4430901470449368
 0.4431683071546117
 0.5734252433497473
 0.5735602292490739
 0.570413054256444
 0.5580849466026213
 0.5561717876002746
 0.5552825910600351
 0.5363588067370652
 0.5356127560100441
 0.5322258409096768
 0.5315309709366942
 0.5021705859674347
 0.4974361871321339
 0.4971283457630372
 0.5071241585135262
 0.5068709276115014
 0.4997506467464464
 0.4995995175608977
 0.4987575291830234
 0.4942355639065508
 0.496713103001095
 0.4978116281516206
 0.4946796209165012
 0.494563901673159
 0.4910401533337813
 0.4944242130022174
 0.5000172095142309
 0.4977113057290931
 0.5004067006679566
 0.5052477205259763
 0.4950139664040477
 0.4967660184087369
 0.4965435635151672
 0.4966418887338331
 0.4949349747423115
 0.4940166387647816
 0.4957033709328619
 0.4949694786002116
 0.4980364229726114
 0.5043752612101209
 0.5112384164872754
 0.5119208119613544
 0.5127455621745579
 0.5206120136668415
 0.5129522502008842
 0.5142086525233137
 0.512549174376369
 0.5117995823211526
 0.5414224910051451
 0.5418375771252639
 0.5417759383408698
 0.5416444101864498
 0.5442082727851051
 0.5418869931228228
 0.542674179641809
 0.543868336858334
 0.5410440635981641
 0.5507935694033571
 0.5474560667643491
 0.5470045909807656
 0.551132700710084
 0.5617433051202402
 0.5608859997429653
 0.5574937226731447
 0.5572711381040467
 0.5574453423376771
 0.555318944088119
 0.5556377300836702
 0.5548859761510591
 0.5549576741008084
 0.550866986446725
 0.5541822980079404
 0.5557821780789929
 0.5555321745282317
 0.554970408090161
 0.5533565739865287
 0.5501900626629831
 0.5514434233116126
 0.5503737723092712
 0.5531655739149807
 0.5533211877844147
 0.5515204669908625
 0.5536855905912964
 0.5558969146089131
 0.555475026245445
 0.5540278778829472
 0.551389683039695
 0.5469987179934545
 0.5432232883838307
 0.5439505531740879
 0.5418606814595587
 0.5480574019826882
 0.5483658986265958
 0.5482672999601711
 0.5477092331284201
 0.5477804747687839
 0.5494692436282499
 0.550338989237384
 0.5513654469011164
 0.5499924981875535
 0.5495243349971582
 0.5496570380894498
 0.5488502107492567
 0.5397062773060287
 0.540503795008948
 0.5377080911733384
 0.5410300662207056
 0.540571228816328
 0.538718711896498
 0.5370554674939272
 0.5379404970038982
 0.5397840463080589
 0.5387949282889635
 0.5375401864645272
 0.5379363440913125
 0.5392952993406304
 0.5392977445252388
 0.5400092028958439
 0.5400659064737315
 0.5414032951480371
 0.5416612558124917
 0.5433927363802475
 0.5439081345064178
 0.5423517927902581
 0.5415577171236065
 0.5417395687292423
 0.5415585479650659
 0.5419067874678039
 0.5422213182517698
 0.5422307139683945
 0.5420181252914482
 0.542826951719972
 0.5431905683671158
 0.5431704796949515
 0.5430141384792196
 0.5426390541925152
 0.5426386046803787
 0.5426049530488881
 0.5424579822359237
 0.54369266725729
 0.5433496688107429
 0.5432000958322915
 0.5432677987599874
 0.5433338385214374
 0.5432707367713572
 0.5422097952301329
 0.5426012954049575
 0.5432444313992284
 0.543535632223339
 0.5428824221109653
 0.5431371703743567
 0.5408079731435175
 0.5408065543958347
 0.5392724605824795
 0.5391891879413842
 0.5372941739051422
 0.537073928790362
 0.5386098630036713
 0.5389035443960432
 NaN
 0.5625429707210258
 0.5614018698134691
 0.5606986695879019
 0.5636236744003114
 0.5648863340983515
 0.5672919899973206
 0.5551222359506865
 0.5527845479876154
 0.5526787223890443
 0.5576802103280248
 0.554262626822288
 0.5507482324265409
 0.5463733874952068
 0.5469949863239246
 0.5467604469609372
 0.5422650654139854
 0.5408599293007781
 0.5403150482270428
 0.5366429320946712
 0.5391526427669225
 0.5333626291525916
 0.5344228916656782
 0.5324655106354236
 0.5352598647643464
 0.5378111273001321
 0.539851365999954
 0.5401143255699473
 0.5427996040418593
 0.5433188558020604
 0.5433671800912544
 0.5506119601316972
 0.5525325580444775
 0.5476676912316216
 0.5445337071065189
 0.5455662879649607
 0.5434947239558104
 0.5450406019369815
 0.5390443810079751
 0.5384686774015595
 0.5356387477724384
 0.5360717451653219
 0.5381960043628349
 0.5341653727189456
 0.539495079147596
 0.5436517271637888
 0.5443298950122042
 0.5416212590660596
 0.5427410213352295
 0.5421876496249755
 0.5386843670442941
 0.5380745367299317
 0.5383168805253686
 0.5381353807652651
 0.5412338879495646
 0.5402080500279915
 0.540384208103282
 0.5392885684703516
 0.5366584897945794
 0.5354882634118315
 0.5354304703123247
 0.5351481099312322
 0.5302961735585966
 0.5297268989332922
 0.5426467766603674
 0.5382033331708995
 0.5360440264917974
 0.5378763873676373
 0.5337198805508623
 0.5349225454163797
 0.5354687961282897
 0.5280886538795296
 0.5295907053328764
 0.5235372131437056
 0.5142298316646879
 0.5166485654781313
 0.5159736338749816
 0.5129048269828401
 0.5100698406567246
 0.4964046836617046
 0.5004314069984857
 0.5018404191780043
 0.5027198369590544
 0.5050667241607099
 0.5013258442583084
 0.5002162334151257
 0.5010417285314841
 0.5020448663761907
 0.4987092046217351
 0.5052413990568371
 0.5051689633014494
 0.4959084849073827
 0.4959471943187282
 0.4961523666346762
 0.4968941865835185
 0.4978892327241888
 0.5005021015967173
 0.5013697801453885
 0.5002041061887508
 0.4994213700662221
 0.5003293164200058
 0.4976972470045927
 0.4965071722939373
 0.4947848410300248
 0.4943580968382937
 0.5831937024530116
 0.5818335418997633
 0.5835869111643467
 0.5797624211237926
 0.5809164394318806
 0.5752693509990611
 0.5760628407527812
 0.5739313304370605
 0.58352369481468
 0.5808848095403676
 0.5794393703895581
 0.5766388365540435
 0.5765507377392083
 0.5725638918691197
 0.572903325988518
 0.567131408873603
 0.566002559966888
 0.5695251665920371
 0.5663066788772945
 0.5694014218510985
 0.5651866593207189
 0.564254461587158
 0.5641478939168906
 0.5663550248366078
 0.5663318203824877
 0.5670328046155826
 0.5668168730851612
 0.5684314759768662
 0.5641920516196083
 0.5593186944485936
 0.5583429751429114
 0.5572971854853779
 0.5589389028714659
 0.5568148601984261
 0.5530247923851536
 0.5542200450311524
 0.5546000344296588
 0.5568522941667778
 0.5581582655282159
 0.558475516861796
 0.5497101604558725
 0.5489882719427601
 0.5489080760282127
 0.5496267929178292
 0.5508918290738098
 0.5506085844699646
 0.5513329796118629
 0.5486520418700648
 0.5486054632442393
 0.5464831940287567
 0.5476178797809379
 0.5401527537859753
 0.5385228801428839
 0.5355821990335209
 0.5363318442509246
 0.536681938052065
 0.5381038658445342
 0.5370887712223416
 0.5319095829181087
 0.5341683153548871
 0.5352951939199783
 0.535064243393556
 0.5339098514056656
 0.5354684588090678
 0.5321715036562976
 0.531983685308666
 0.5360154053875611
 0.5364490187727398
 0.5338542504430596
 0.5347387748899047
 0.5318119388196767
 0.5302224339514052
 0.5334006927679178
 0.5313468766915524
 0.5850156898008367
 0.5843199588548299
 0.5825850959020754
 0.5837120220010122
 0.5836644247642904
 0.5920922950581906
 0.5916300916852226
 0.589540761083619
 0.5901548195475319
 0.5852010786019568
 0.5830957989938725
 0.5801805798806381
 0.5791871801494463
 0.5722363705140574
 0.5789102651610744
 0.5659184216694256
 0.5650167192004947
 0.5785415190025888
 0.5776540693423503
 0.5707278240220732
 0.5677908961036159
 0.5670045266158749
 0.5704518827007817
 0.5666906896294824
 0.5647872656474238
 0.5596911578674297
 0.5562534813002755
 0.5605742007819162
 0.5547996229178123
 0.5594568005376964
 0.5596161070711413
 0.5500925082182072
 0.5514105887374362
 0.5522977220729517
 0.5414777157861205
 0.5397474194835742
 0.5375016313124751
 0.5351457286568492
 0.5327431977999747
 0.5336779218369965
 0.5342192104752653
 0.5335936517798161
 0.5326649868759213
 0.5288453988205213
 0.5369575904336278
 0.5368177305662299
 0.5362808155865385
 0.5368882611540723
 0.5340022890964585
 0.5380111853706643
 0.5398278317281986
 0.5375225735573868
 0.5368467666244298
 0.5446699076022044
 0.539905473623109
 0.5527213823880671
 0.5468597090173607
 0.5466789913113312
 0.5464649893158479
 0.5455086312796313
 0.5445602990140902
 0.544604687724616
 0.5407443904277263
 0.5409201610788543
 0.5419266501692437
 0.5417956960528032
 0.5399474911998106
 0.5390603290522268
 0.5353312226573395
 0.5349246824570449
 0.535298991304452
 0.5343014249193768
 0.5348171545303178
 0.5357719695422648
 0.5353989173710451
 0.5358860664085571
 0.5391288913915041
 0.5402500470247791
 0.539582242692535
 NaN
 NaN
 NaN
 NaN
 NaN
 NaN
 NaN
 NaN
 NaN
 NaN
 NaN
 NaN
 NaN
 NaN
 NaN
 NaN
 NaN
 NaN
 NaN
 NaN
 NaN
 NaN
 NaN
 NaN
 NaN
 NaN
 NaN
 NaN
 NaN
 NaN
 NaN
 NaN
 NaN
 NaN
 NaN
 NaN
 NaN
 NaN
 NaN
 NaN
 NaN
 NaN
 NaN
 NaN
 NaN
 NaN
 NaN
 NaN
 NaN
 NaN
 NaN
 NaN
 NaN
 NaN
 NaN
 NaN
 NaN
 NaN
 NaN
 NaN
 NaN
 NaN
 NaN
 NaN
 NaN
 NaN
 NaN
 NaN
 NaN
 NaN
 NaN
 NaN
 NaN
 NaN
 NaN
 NaN
 NaN
 NaN
 NaN
 NaN
 NaN
 NaN
 NaN
 NaN
 NaN
 NaN
 NaN
 NaN
 NaN
 NaN


# name: mean_error
# type: matrix
# rows: 1097
# columns: 1
 1.472461043048892
 1.471642761994662
 1.449650684704799
 1.445288346063749
 1.445027996550662
 1.443702605521904
 1.441972399869041
 1.419560288700428
 1.421197176448629
 1.407346660476563
 1.404854946200594
 1.398612232417421
 1.382688804090227
 1.38159009388958
 1.368408016023664
 1.365560310393356
 1.359490821359536
 1.35414655916017
 1.349311445177173
 1.331129322307752
 1.32795116362571
 1.235603897332772
 1.238703791030678
 1.244278215602977
 1.231860708351947
 1.232176060367207
 1.227691350169554
 1.229049728880022
 1.228250323626733
 1.231181001549476
 1.233179657015206
 1.221576522679501
 1.223606517365518
 1.236850956845763
 1.248101717649074
 1.253966033174427
 1.259682650016309
 1.258225285945076
 1.246106374420992
 1.247850743577222
 1.254825631283148
 1.254876101591346
 1.26417181008326
 1.267296666126602
 1.268825590963956
 1.281655924292026
 1.283317532843343
 1.289936271799369
 1.290958040165832
 1.289432820759943
 1.290672647833757
 1.292633065238615
 1.29214695149047
 1.291699573616106
 1.291557288952095
 1.295830016142174
 1.293690443672366
 1.291643019276809
 1.296793668676202
 1.299313414941423
 1.299894077441912
 1.298849607784991
 1.294947536024651
 1.294139738181982
 1.295217728329561
 1.294997246627507
 1.294864015066873
 1.294876628554508
 1.296109077309751
 1.201709890689794
 1.210403292020171
 1.210645363457351
 1.212405488582476
 1.214489356970509
 1.224711822637988
 1.223015355676072
 1.21913295454257
 1.219169151458464
 1.223861558216019
 1.219412722703618
 1.221579505360713
 1.225643962514781
 1.225649817614602
 1.228939515034291
 1.230791644940826
 1.233372445587873
 1.236570418415339
 1.232097410178137
 1.228816860477365
 1.22461254931694
 1.24663385809398
 1.252785137774895
 1.245061593944456
 1.246901302639577
 1.256558971405598
 1.25360048660547
 1.252846979954862
 1.251432234798131
 1.238848303061343
 1.239765230520457
 1.247464682521212
 1.250011338212376
 1.25109686766029
 1.253171834435395
 1.25427551257626
 1.256131387990326
 1.256296594177186
 1.255461027324819
 1.253816724185856
 1.253404114798723
 1.253491508247845
 1.252153588896024
 1.252086645663058
 1.253045232188503
 1.250121714725751
 1.247756960541485
 1.248866570584373
 1.252144347972946
 1.253557691109763
 1.254320250018971
 1.254784527769441
 1.261164717848357
 1.25466942424009
 1.253737854907523
 1.250273141706553
 1.249549446308971
 1.252972153180626
 1.255400228185314
 1.255057433866685
 1.252166487352353
 1.252194025595136
 1.252770312690569
 1.258590225683409
 1.260922505702851
 1.260900838180507
 1.261540456310252
 1.262625829235327
 1.259565306643968
 1.260711860758401
 1.258874810510501
 1.256157054931505
 1.261020527547541
 1.260264977630678
 1.261012220934274
 1.25935960599545
 1.258990465375092
 1.261502465969081
 1.1986672763336
 1.201685926516792
 1.224056177207608
 1.216417379384853
 1.219087575785102
 1.22474380624412
 1.217735105491868
 1.220732891407431
 1.234605265122559
 1.245365548014975
 1.250717629367117
 1.246200458349599
 1.248951734722606
 1.237584008250514
 1.257954515018992
 1.241713901841234
 1.244892714301098
 1.244951059362637
 1.245099421350279
 1.24532166103569
 1.262971112376236
 1.265483376977367
 1.258030732604865
 1.259374667155592
 1.252227631248459
 1.264972621247989
 1.260717464951366
 1.254673119560849
 1.254959865024584
 1.258042510204348
 1.257866338225196
 1.257459178650325
 1.257267421719886
 1.259001183243854
 1.264531299631852
 1.276850918735999
 1.271228370846748
 1.274176771395582
 1.273152288400562
 1.272473338033576
 1.268907518166464
 1.27131226032424
 1.274055202388407
 1.273469996937706
 1.284311087617134
 1.284208685532699
 1.284435354477326
 1.293839330637329
 1.296513048914743
 1.304339793286266
 1.310706784972282
 1.307039929832223
 1.307691915009789
 1.307936961208771
 1.302777565420387
 1.305496627139344
 1.305613936921147
 1.306094076387985
 1.306273171840453
 1.308053694540142
 1.310767547531575
 1.310871311586651
 1.313401984117815
 1.313993295412146
 1.309272857696582
 1.313005181297026
 1.308567600785004
 1.312619633838913
 1.314401801379994
 1.312474982102068
 1.312644696018658
 1.309370389962663
 1.311015350853329
 1.311002984300613
 1.30975352484903
 1.312300214711673
 1.299720095662303
 1.29252838218977
 1.296925447834161
 1.304734150561621
 1.301563785674818
 1.302254892714284
 1.2894003383279
 1.283639193544166
 1.281906159338874
 1.281561430747576
 1.276001124594369
 1.274895959966322
 1.277000582479855
 1.27823516725236
 1.276109364843582
 1.275682499660407
 1.264335276912253
 1.266867961054481
 1.268146378225051
 1.2682729966354
 1.269786701284436
 1.28005660492843
 1.276741748748351
 1.277657017850021
 1.276569766318992
 1.275784621896355
 1.271899509729859
 1.270157344248333
 1.275057976453753
 1.276797958684278
 1.278950595077517
 1.271034603764998
 1.258802596314519
 1.256858935112328
 1.258303683480752
 1.255405176037342
 1.25394577376774
 1.255724426450903
 1.257530543823759
 1.254635786947249
 1.255253556629859
 1.239367239793052
 1.238590626567763
 1.238436968208376
 1.238276655029005
 1.232671157492821
 1.231707633794161
 1.225230378949279
 1.224725300122889
 1.224568985100186
 1.221945414171074
 1.215077948078492
 1.222375458711422
 1.222149993778996
 1.222543951253142
 1.222625578620768
 1.235646884195093
 1.23634277084311
 1.239660393062306
 1.237817839271604
 1.23837064117232
 1.23926427293133
 1.242125867713078
 1.242142236916737
 1.241805669669216
 1.241714670355614
 1.246022878015272
 1.24736502415696
 1.246386344890372
 1.244297740268672
 1.236966672687367
 1.238218311246986
 1.220785096135107
 1.217545166080811
 1.21774287600872
 1.217042106045255
 1.218276124578706
 1.226902340163798
 1.225582098518144
 1.225391653945406
 1.225729637074604
 1.230297905917711
 1.165221998124256
 1.165747754608314
 1.166592378257037
 1.170089925227983
 1.170005595270274
 1.175040563121143
 1.175513413642501
 1.178690427466708
 1.178915383521018
 1.180878614021642
 1.179391743906871
 1.186327206687543
 1.186574696711479
 1.191840333247562
 1.197098671215061
 1.213303395917707
 1.212571271284729
 1.208138805635551
 1.210078401781143
 1.240467412642842
 1.255664817343842
 1.270302888007213
 1.271180398615852
 1.273510198092777
 1.270977046109725
 1.27060545771113
 1.269391302512413
 1.270081428677264
 1.266521055236904
 1.266202302473095
 1.267631239829734
 1.277203641941776
 1.261750359129743
 1.243866422377241
 1.251445092427162
 1.245124256556557
 1.245552616363965
 1.255195744800152
 1.26019753222432
 1.263592898909701
 1.249483680296906
 1.233048692044488
 1.234197490685642
 1.233460422662349
 1.232573469464675
 1.233673106423519
 1.233366489433998
 1.233060394507878
 1.233230346749708
 1.233285002029414
 1.235951958125568
 1.242900495940368
 1.249311792334173
 1.247364272861832
 1.250113279294456
 1.249706228325228
 1.249952705087877
 1.248282431993051
 1.250121615877633
 1.2427891439753
 1.246414988030764
 1.246832654700903
 1.24773504936691
 1.249108042033207
 1.247445689520055
 1.247933788421293
 1.241324951970027
 1.242325627470865
 1.24402932664504
 1.244543222486587
 1.244589834977769
 1.249129452794498
 1.249694794748636
 1.242735169147927
 1.242649768185463
 1.243396748073143
 1.243591086510274
 1.244283517980327
 1.244929627660188
 1.237996983524952
 1.238433570121292
 1.239603127791584
 1.240368473646107
 1.238189523972177
 1.238352569527053
 1.239179662514716
 1.24095769369998
 1.239223954062675
 1.246939778271464
 1.249075762948279
 1.24367162306962
 1.24380778634268
 1.243706009618867
 1.244741184755559
 1.243297260122885
 1.241799362925829
 1.23925463173382
 1.22679144529916
 1.228357390835891
 1.227901127681917
 1.22584142762063
 1.225395850114571
 1.225720110397055
 1.224746015397696
 1.224266563390349
 1.225415281874731
 1.223372153214992
 1.223588265082987
 1.224819865401584
 1.22579615122328
 1.222442688531444
 1.2250233730219
 1.227363245615401
 1.226842535173489
 1.228660122773898
 1.228406432307265
 1.224763462670375
 1.223695126478362
 1.221422974308328
 1.224690585882715
 1.224700195262725
 1.219966021846038
 1.21747942985615
 1.217421351218832
 1.213488406763046
 1.214952249091908
 1.215138232460041
 1.214698317157525
 1.210095813537292
 1.209888249147676
 1.209980280536484
 1.210417557960974
 1.212979083668916
 1.211053740808494
 1.215930469056032
 1.216283658061644
 1.210164260225039
 1.211320854002824
 1.210257097868316
 1.211802108288392
 1.205128150427294
 1.194437590904323
 1.195863554345381
 1.197534082309037
 1.195048958893679
 1.19538386868139
 1.196832081036525
 1.196382085267276
 1.191943130893172
 1.190190453261825
 1.188706319882155
 1.17002973658008
 1.183795660820448
 1.184461775757067
 1.18266145642647
 1.182459319736124
 1.196029721404532
 1.200959872084673
 1.19556667199018
 1.19567469882678
 1.178238190454903
 1.173919592158912
 1.175410400487813
 1.171462322982479
 1.171120543966311
 1.181890583228847
 1.188438301180209
 1.176496879315878
 1.179662185331909
 1.179209242066275
 1.170656106451371
 1.173563331396246
 1.172961905782875
 1.177241843264669
 1.177573778451116
 1.182317274186673
 1.179848345513678
 1.187993369891012
 1.192073573652816
 1.192033974884889
 1.192152648121997
 1.190047571930184
 1.185191676400857
 1.18138764351911
 1.195307958651308
 1.193794533884048
 1.197833925742598
 1.19785470635244
 1.199183770220037
 1.199064293812733
 1.198822971504409
 1.206162499020327
 1.194654782821214
 1.190831393189052
 1.193147537836621
 1.190162218454319
 1.190996577794034
 1.196509337063953
 1.198508545275555
 1.198962993475944
 1.201755267951636
 1.200484691442795
 1.192383815207697
 1.192903455923249
 1.196383817043596
 1.20212578368006
 1.203803145448209
 1.1974398716247
 1.192537082794298
 1.18213604690299
 1.184115457837303
 1.183851619347723
 1.18199615606479
 1.18303926019333
 1.188466562093258
 1.190846220662933
 1.191712149222833
 1.185229486220679
 1.187208238481629
 1.18759283719085
 1.18761505535496
 1.191942078979487
 1.190884468819842
 1.188711549512119
 1.189151363788173
 1.188891494070444
 1.189070124021019
 1.190325171018463
 1.189094208668654
 1.189437110117467
 1.188138824153994
 1.186241712086956
 1.190417122689322
 1.194583041496302
 1.190271213316084
 1.198308316216503
 1.195885432120586
 1.196750249190003
 1.198468799559341
 1.199427468775567
 1.200732497463352
 1.199605318924905
 1.200836639727121
 1.202501513387043
 1.201722269025223
 1.203168626370339
 1.202539414917134
 1.202946599649432
 1.20165922501596
 1.198796756386003
 1.195658648981239
 1.195885290005382
 1.195001201787926
 1.197904945035235
 1.194937563690764
 1.193250846225961
 1.196439982248285
 1.195267989984913
 1.19534631600714
 1.197735912623374
 1.198055358091411
 1.19871786442232
 1.200397053641702
 1.19825269768993
 1.198348857962465
 1.195749504571954
 1.19761426016229
 1.197695502137117
 1.199132319241573
 1.200159114532064
 1.199712776774418
 1.199755926885583
 1.200205632569751
 1.199054983931451
 1.200062614690251
 1.200211355109153
 1.199814710353038
 1.199753104660597
 1.20041992804288
 1.1988420975544
 1.197148429579354
 1.197759429233967
 1.193913470705001
 1.193179583360718
 1.198359350264391
 1.198547277961009
 1.167943202967725
 1.161928449385025
 1.163713774965904
 1.160798090397914
 1.16112256482168
 1.16296782630738
 1.14886271366861
 1.155279492496891
 1.154995671366169
 1.155411091999441
 1.175899732381968
 1.17432469995698
 1.174040731556206
 1.166713490076941
 1.165811587418414
 1.166086771729877
 1.164097492244755
 1.164863775005065
 1.167456653673504
 1.166935585321771
 1.16648673989438
 1.169066741974099
 1.171116929386387
 1.170558292345741
 1.169649765939484
 1.168492066672968
 1.168755523451163
 1.171801576775567
 1.170524768254627
 1.169161054068214
 1.166435353832202
 1.16694870794154
 1.166285451639836
 1.164973138329474
 1.160688764980014
 1.161170195918294
 1.160811764262713
 1.159411355369854
 1.156818803872177
 1.155332894014942
 1.156156079751247
 1.160147275590281
 1.153142325762338
 1.152213649080251
 1.14979018375926
 1.148740622575593
 1.148432999309795
 1.155265446273618
 1.156099524769685
 1.155584021551605
 1.155339343187683
 1.153624315487614
 1.154911162222719
 1.160795936930691
 1.158944248852369
 1.163275974983351
 1.163587998241231
 1.165682795955276
 1.161419614444701
 1.161572373559217
 1.153394481590342
 1.153231641680032
 1.157870410706589
 1.158386766901325
 1.157905372142205
 1.156414121859042
 1.155939765334813
 1.153817960911375
 1.154330795649467
 1.153704081605466
 1.146303087055617
 1.147017851863759
 1.145817016417003
 1.144133395605361
 1.148370906029033
 1.147264556264056
 1.146348567012543
 1.145854875259419
 1.146722313868331
 1.147121636405356
 1.149049111269294
 1.150124932670896
 1.147318091630168
 1.146315128339374
 1.145040268575782
 1.148831662531823
 1.145323604819499
 1.149215162730583
 1.148834586929302
 1.153076406907778
 1.14514877113656
 1.145487957707636
 1.144828464719887
 1.145592831284227
 1.14440356784646
 1.144652144422755
 1.142639839054044
 1.141894797393563
 1.137300506746415
 1.136140108786812
 1.136460087716292
 1.137878751574198
 1.138072365926091
 1.135154243823742
 1.132109404595808
 1.12538209729768
 1.125338974787492
 1.126623035322698
 1.127658945126138
 1.127569183449808
 1.125694609212545
 1.126524537004692
 1.128772749075522
 1.129479290552038
 1.129393949410158
 1.128800637591444
 1.133710028714658
 1.133362172932166
 1.13602907962996
 1.135776604588681
 1.13620220445208
 1.137053533428503
 1.137188577404314
 1.136674757701942
 1.13840769772564
 1.138346535889801
 1.139501753203709
 1.138834198702194
 1.138963498368011
 1.138790131391581
 1.137903142689464
 1.137996747027545
 1.13814408856351
 1.137924868838662
 1.138389966035571
 1.138390690754278
 1.139105044313067
 1.139315222232415
 1.138305587741226
 1.138218376253518
 1.138476130011567
 1.138159885818557
 1.13802933354513
 1.138506290572164
 1.135610815610164
 1.138818322523388
 1.136347247052596
 1.134081043068758
 1.132561887781755
 1.13229415731845
 1.133419970935399
 1.133286151094176
 1.133980350344899
 1.134116971508188
 1.134653954413712
 1.133062578272904
 1.132128705242686
 1.133497634302164
 NaN
 1.187181849938528
 1.184733253073838
 1.189844584660292
 1.180112495300901
 1.177861245735649
 1.180552130960618
 1.185511117887985
 1.187003928492927
 1.187229935002343
 1.185498106954895
 1.189737977511975
 1.191707839261473
 1.192257441197528
 1.189549846966172
 1.189936701427349
 1.189638687805142
 1.19187946073189
 1.191543463540122
 1.199389139362926
 1.194171425813717
 1.195957883120577
 1.198055112540602
 1.198360509054495
 1.187632265500851
 1.185064535830594
 1.184752968840885
 1.18502425669549
 1.185649532598593
 1.185843477892031
 1.182693839860257
 1.182869477281131
 1.18355516192687
 1.184789578989775
 1.19269261655515
 1.197269590028055
 1.196265432256607
 1.188888334728647
 1.199080622756598
 1.192813238532334
 1.193184651573225
 1.193409970783234
 1.192203974848223
 1.192490241747382
 1.191278323124011
 1.190743567465179
 1.189014158647488
 1.187317771237555
 1.188407950668119
 1.188544003018863
 1.19172052515494
 1.190590475812564
 1.191085456658452
 1.189440566044025
 1.188981330177842
 1.189087069926795
 1.188888255840334
 1.187330795083002
 1.18530600292254
 1.181305856390823
 1.181765790340534
 1.181667778294018
 1.185657914545245
 1.184647577109698
 1.179892911583805
 1.178442446029859
 1.179377741679819
 1.184542836764166
 1.186168573186987
 1.182860587073956
 1.181481161451442
 1.185249997889348
 1.184942403029138
 1.190323144249723
 1.187743785904262
 1.186711050207044
 1.188150393915133
 1.189483643917226
 1.19041928770373
 1.196661810627954
 1.190609970636137
 1.193493722576135
 1.191110160984297
 1.188115881298921
 1.196243329269524
 1.196932979329762
 1.198008310997268
 1.198657943961702
 1.200968916107837
 1.204824904458275
 1.205534464672229
 1.2079316360012
 1.20875356420446
 1.208487626844179
 1.210669876766897
 1.208824403023507
 1.20525516241641
 1.205011404649422
 1.205686579283074
 1.204356590900435
 1.204804184364081
 1.200887399825922
 1.201407714880093
 1.201159303844591
 1.201673234988576
 1.134532350410665
 1.135108746761095
 1.130822433385141
 1.129663360398144
 1.128957530165687
 1.133343437351146
 1.13061434758319
 1.133556591021853
 1.12493608820679
 1.128131535868412
 1.128676709449027
 1.134054692569176
 1.134827543747291
 1.136523158757037
 1.13675326928665
 1.142950739464171
 1.140883093801616
 1.138605817065355
 1.13993882201075
 1.135061350206833
 1.139667635556025
 1.139651187498983
 1.141741435904438
 1.137360264472361
 1.136909641085591
 1.135491610300386
 1.13559491286438
 1.131247317100428
 1.133345938629613
 1.139470319008039
 1.140688743486041
 1.142123176999341
 1.138761891655228
 1.141426348861506
 1.145699529460551
 1.143399030854972
 1.144523763021612
 1.142700055273499
 1.140357958787891
 1.143137915914273
 1.146657862511814
 1.147088184814489
 1.144926829542217
 1.144398621258258
 1.14324635317423
 1.141910729879148
 1.141174779414961
 1.145212297547863
 1.144572139463427
 1.145874985058715
 1.145060341385062
 1.149560626546591
 1.148367460535674
 1.150857896874585
 1.150864409766672
 1.151337091023525
 1.150671964962231
 1.152055285447709
 1.156398736384889
 1.156351067901656
 1.155952241671821
 1.157234034871807
 1.155887921873799
 1.155560231271797
 1.157676965824997
 1.157434318863335
 1.155951394314053
 1.154649897472385
 1.155791543541914
 1.154028416025726
 1.15613545171783
 1.156450128097418
 1.15523999288316
 1.155787377257828
 1.126768523683473
 1.127860464833345
 1.125138802539489
 1.124803864808244
 1.129033108449813
 1.12226895343854
 1.125161841588787
 1.127131780029321
 1.126944745534717
 1.126680594947978
 1.126748437073608
 1.124764251152637
 1.126533139207236
 1.127908176621676
 1.120067368215156
 1.131968911384198
 1.129484918933236
 1.128612073037762
 1.12961831247273
 1.127491649465598
 1.126734515856851
 1.125304531577375
 1.124214013111936
 1.122308530253077
 1.122784807827239
 1.126818552832674
 1.12837912456283
 1.125859333833956
 1.13575016811378
 1.131417235430736
 1.130205214894403
 1.133761361576516
 1.136610762696251
 1.134883785621183
 1.143984979305625
 1.144174784405805
 1.144760274053953
 1.147434549232628
 1.149548220226374
 1.151427190088104
 1.150026162557322
 1.146519194675719
 1.147387795734105
 1.153205844452274
 1.137128045795862
 1.137600739309842
 1.137404209168538
 1.136846469649919
 1.139880566889165
 1.137209671740276
 1.136044571779353
 1.139274667882759
 1.13602826326364
 1.13841604937139
 1.140108935798608
 1.130983358779807
 1.135937971331903
 1.140787523646155
 1.140979652430006
 1.140043689580133
 1.139507965767539
 1.139489720107094
 1.139669330221835
 1.13978499305691
 1.137954351881055
 1.137316951295773
 1.136113084082996
 1.137000429052453
 1.141616661801939
 1.14172868280751
 1.140969132097852
 1.137500228153819
 1.13739462872392
 1.136521294289551
 1.135747107797609
 1.135611451609729
 1.133232492399441
 1.135365997505691
 1.135852706270442
 NaN
 NaN
 NaN
 NaN
 NaN
 NaN
 NaN
 NaN
 NaN
 NaN
 NaN
 NaN
 NaN
 NaN
 NaN
 NaN
 NaN
 NaN
 NaN
 NaN
 NaN
 NaN
 NaN
 NaN
 NaN
 NaN
 NaN
 NaN
 NaN
 NaN
 NaN
 NaN
 NaN
 NaN
 NaN
 NaN
 NaN
 NaN
 NaN
 NaN
 NaN
 NaN
 NaN
 NaN
 NaN
 NaN
 NaN
 NaN
 NaN
 NaN
 NaN
 NaN
 NaN
 NaN
 NaN
 NaN
 NaN
 NaN
 NaN
 NaN
 NaN
 NaN
 NaN
 NaN
 NaN
 NaN
 NaN
 NaN
 NaN
 NaN
 NaN
 NaN
 NaN
 NaN
 NaN
 NaN
 NaN
 NaN
 NaN
 NaN
 NaN
 NaN
 NaN
 NaN
 NaN
 NaN
 NaN
 NaN
 NaN
 NaN


# name: iter_improve
# type: matrix
# rows: 1097
# columns: 1
 1
 6
 13
 27
 30
 45
 53
 79
 97
 133
 149
 227
 237
 263
 264
 364
 366
 417
 462
 507
 540
 542
 546
 547
 550
 551
 557
 561
 562
 563
 564
 565
 567
 568
 572
 581
 587
 593
 607
 608
 614
 619
 624
 635
 640
 645
 673
 680
 687
 689
 788
 832
 835
 861
 880
 917
 924
 965
 966
 967
 998
 1002
 1025
 1173
 1187
 2122
 2148
 2607
 2791
 3000
 3003
 3005
 3006
 3008
 3013
 3018
 3019
 3020
 3025
 3027
 3030
 3034
 3039
 3041
 3044
 3046
 3051
 3052
 3061
 3070
 3072
 3078
 3081
 3084
 3090
 3091
 3092
 3095
 3116
 3122
 3127
 3140
 3148
 3152
 3157
 3171
 3294
 3296
 3308
 3311
 3318
 3323
 3334
 3344
 3346
 3354
 3399
 3404
 3416
 3421
 3690
 3691
 3697
 3792
 3822
 3962
 4256
 4410
 4454
 4701
 5305
 5350
 5352
 5386
 5393
 5400
 5407
 5466
 5472
 5473
 5504
 5507
 5523
 5587
 5593
 5599
 5997
 6000
 6001
 6002
 6018
 6034
 6036
 6039
 6042
 6048
 6050
 6055
 6057
 6058
 6069
 6070
 6071
 6073
 6074
 6075
 6081
 6082
 6088
 6092
 6097
 6098
 6102
 6106
 6115
 6126
 6178
 6194
 6215
 6218
 6222
 6249
 6264
 6289
 6296
 6306
 6323
 6325
 6329
 6337
 6340
 6348
 6400
 6455
 6472
 6481
 6485
 6489
 6491
 6503
 6563
 6689
 6691
 6715
 6792
 6862
 6875
 7028
 7124
 7196
 7226
 7238
 7261
 7319
 7321
 7329
 7330
 7331
 7363
 7372
 7381
 7473
 7594
 7612
 7623
 7634
 7638
 7678
 7679
 7733
 7735
 7754
 7761
 7783
 7801
 7807
 7828
 7835
 7838
 7839
 7844
 7862
 7867
 7876
 7880
 7883
 7908
 7919
 7926
 7945
 7947
 7975
 8001
 8030
 8032
 8036
 8039
 8040
 8043
 8044
 8052
 8061
 8062
 8092
 8097
 8101
 8110
 8182
 8202
 8203
 8210
 8217
 8235
 8237
 8247
 8266
 8267
 8269
 8273
 8278
 8294
 8303
 8305
 8331
 8338
 8345
 8353
 8483
 8487
 8508
 8517
 8518
 8541
 8542
 8543
 8551
 8562
 8570
 8581
 8590
 8592
 8709
 8745
 8778
 8935
 9000
 9002
 9007
 9010
 9011
 9012
 9014
 9015
 9017
 9020
 9024
 9027
 9029
 9030
 9031
 9033
 9035
 9040
 9042
 9043
 9049
 9057
 9059
 9063
 9077
 9086
 9095
 9167
 9170
 9199
 9208
 9209
 9231
 9232
 9242
 9243
 9245
 9249
 9250
 9278
 9291
 9293
 9294
 9297
 9301
 9302
 9303
 9305
 9307
 9308
 9309
 9318
 9319
 9344
 9354
 9358
 9373
 9379
 9385
 9392
 9404
 9406
 9407
 9412
 9414
 9416
 9418
 9439
 9459
 9511
 9558
 9813
 9863
 9962
 9963
 9995
 10001
 10030
 10033
 10059
 10196
 10202
 10206
 10214
 10215
 10217
 10243
 10245
 10247
 10250
 10275
 10276
 10281
 10287
 10294
 10300
 10311
 10315
 10325
 10335
 10352
 10355
 10394
 10408
 10433
 10435
 10449
 10527
 10536
 10556
 10567
 10574
 10677
 10709
 10801
 11048
 11087
 11088
 11150
 11159
 11165
 11166
 11170
 11185
 11212
 11218
 11245
 11323
 11327
 11330
 11332
 11333
 11343
 11352
 11357
 11366
 11372
 11378
 11393
 11397
 11407
 11412
 11417
 11422
 11483
 11498
 11531
 11685
 11822
 11839
 11971
 12000
 12001
 12002
 12003
 12010
 12011
 12013
 12014
 12024
 12027
 12036
 12037
 12041
 12045
 12046
 12049
 12050
 12054
 12055
 12056
 12060
 12072
 12076
 12096
 12097
 12098
 12099
 12122
 12125
 12140
 12141
 12161
 12164
 12167
 12168
 12177
 12181
 12210
 12256
 12319
 12320
 12321
 12343
 12356
 12357
 12361
 12363
 12367
 12368
 12376
 12426
 12430
 12444
 12451
 12455
 12562
 12699
 12702
 12714
 12717
 12721
 12727
 12735
 12736
 12739
 12740
 12752
 12761
 12784
 12793
 12808
 12812
 12821
 12823
 12862
 12903
 12905
 12909
 12918
 12931
 12936
 12946
 12960
 12972
 12973
 12987
 12995
 13011
 13022
 13032
 13036
 13042
 13044
 13047
 13058
 13059
 13072
 13081
 13097
 13100
 13135
 13141
 13159
 13161
 13163
 13164
 13173
 13246
 13475
 13497
 13523
 13537
 13554
 13587
 13620
 13785
 13881
 13896
 13924
 13975
 13986
 14018
 14028
 14076
 14120
 14226
 14228
 14232
 14264
 14464
 14507
 14603
 14626
 14668
 14884
 15000
 15001
 15006
 15007
 15008
 15010
 15012
 15017
 15019
 15023
 15028
 15043
 15047
 15053
 15055
 15075
 15079
 15107
 15127
 15136
 15146
 15151
 15160
 15214
 15257
 15268
 15293
 15477
 15482
 15483
 15496
 15518
 15536
 15574
 15580
 15586
 15587
 15616
 15620
 15623
 15628
 15641
 15643
 15647
 15649
 15664
 15668
 15687
 15689
 15694
 15720
 15735
 15746
 15773
 15788
 15795
 15801
 15808
 15809
 15811
 15819
 15820
 15828
 15829
 15846
 15852
 15853
 15871
 15874
 15879
 15881
 15896
 15914
 15926
 15938
 15951
 15964
 15971
 16017
 16025
 16042
 16045
 16067
 16108
 16119
 16147
 16163
 16170
 16199
 16205
 16257
 16270
 16272
 16278
 16290
 16307
 16311
 16316
 16322
 16335
 16349
 16352
 16354
 16358
 16369
 16376
 16377
 16390
 16423
 16426
 16456
 16500
 16536
 16580
 16582
 16601
 16605
 16607
 16634
 16659
 16674
 16687
 16690
 16779
 16836
 16877
 16999
 17152
 17232
 17341
 17359
 17365
 17409
 17467
 17554
 18000
 18074
 18141
 18496
 18763
 18842
 19021
 19501
 19503
 19802
 19864
 19987
 20025
 20099
 20100
 20289
 20417
 20525
 20542
 20617
 20673
 20735
 20874
 21000
 24000
 24001
 24003
 24004
 24014
 24016
 24017
 24034
 24039
 24051
 24064
 24069
 24071
 24073
 24099
 24128
 24130
 24154
 24165
 24170
 24175
 24177
 24221
 24239
 24257
 24263
 24264
 24281
 24283
 24288
 24308
 24318
 24340
 24352
 24356
 24368
 24442
 24445
 24455
 24463
 24473
 24493
 24496
 24517
 24527
 24529
 24537
 24541
 24543
 24549
 24554
 24561
 24562
 24578
 24588
 24609
 24610
 24652
 24684
 24691
 24694
 24699
 24734
 24743
 24748
 24761
 24766
 24778
 24792
 24796
 24825
 24845
 24906
 24913
 24920
 24949
 24959
 24960
 24981
 24984
 25012
 25015
 25032
 25041
 25043
 25092
 25116
 25122
 25239
 25250
 25257
 25300
 25311
 25374
 25454
 25764
 25855
 25945
 26262
 26301
 26309
 26340
 26434
 26462
 27000
 27003
 27007
 27009
 27019
 27022
 27031
 27048
 27061
 27068
 27099
 27119
 27124
 27134
 27146
 27158
 27183
 27185
 27278
 27286
 27290
 27295
 27298
 27480
 27488
 27495
 27499
 27541
 27604
 27658
 27664
 27721
 27740
 27749
 27756
 27768
 27845
 28097
 28115
 28123
 28125
 28149
 28232
 28269
 28316
 28394
 28452
 28490
 28518
 28523
 28549
 28557
 28600
 28708
 28800
 28994
 29007
 29042
 29052
 29353
 29361
 29462
 29520
 29540
 29570
 29638
 29665
 29672
 29723
 29780
 29785
 29818
 29834
 29976
 30000
 30005
 30011
 30013
 30026
 30028
 30038
 30044
 30048
 30052
 30056
 30058
 30069
 30074
 30079
 30090
 30099
 30105
 30122
 30142
 30161
 30176
 30246
 30270
 30275
 30277
 30294
 30295
 30297
 30313
 30328
 30331
 30332
 30333
 30391
 30420
 30421
 30438
 30445
 30449
 30455
 30456
 30460
 30461
 30463
 30479
 30485
 30510
 30526
 30527
 30572
 30577
 30580
 30585
 30592
 30612
 30648
 30657
 30674
 30693
 30743
 30794
 31074
 31090
 31126
 31215
 31318
 31411
 31450
 31454
 31480
 31532
 31676
 31752
 31896
 32028
 32301
 32673
 32898
 33000
 36000
 39000
 42000
 45000
 48000
 51000
 54000
 57000
 60000
 63000
 66000
 69000
 72000
 75000
 78000
 81000
 84000
 87000
 90000
 93000
 96000
 99000
 102000
 105000
 108000
 111000
 114000
 117000
 120000
 123000
 126000
 129000
 132000
 135000
 138000
 141000
 144000
 147000
 150000
 153000
 156000
 159000
 162000
 165000
 168000
 171000
 174000
 177000
 180000
 183000
 186000
 189000
 192000
 195000
 198000
 201000
 204000
 207000
 210000
 213000
 216000
 219000
 222000
 225000
 228000
 231000
 234000
 237000
 240000
 243000
 246000
 249000
 252000
 255000
 258000
 261000
 264000
 267000
 270000
 273000
 276000
 279000
 282000
 285000
 288000
 291000
 294000
 297000
 300000


# name: optim_start
# type: scalar
542


# name: optim_steps
# type: matrix
# rows: 1
# columns: 101
 22 70 148 306 457 592 727 750 751 855 929 1008 1009 1010 1011 1012 1013 1014 1015 1016 1017 1018 1019 1020 1021 1022 1023 1024 1025 1026 1027 1028 1029 1030 1031 1032 1033 1034 1035 1036 1037 1038 1039 1040 1041 1042 1043 1044 1045 1046 1047 1048 1049 1050 1051 1052 1053 1054 1055 1056 1057 1058 1059 1060 1061 1062 1063 1064 1065 1066 1067 1068 1069 1070 1071 1072 1073 1074 1075 1076 1077 1078 1079 1080 1081 1082 1083 1084 1085 1086 1087 1088 1089 1090 1091 1092 1093 1094 1095 1096 1097


# name: VPVP_params
# type: scalar struct
# ndims: 2
 1 1
# length: 8
# name: lambda
# type: scalar
300000000


# name: downsample
# type: scalar
10


# name: MaxIter_X
# type: scalar
200


# name: MaxIter
# type: scalar
50


# name: optTol_X
# type: scalar
1e-06


# name: progTol_X
# type: scalar
1e-10


# name: optTol_aW
# type: scalar
0.0001


# name: progTol_aW
# type: scalar
1e-07




