# Created by Octave 3.8.1, Sun Jan 07 21:13:36 2018 ART <gabrevaya@ws18.labo2>
# name: y_start
# type: matrix
# rows: 10
# columns: 1
 1.658447927635788
 -0.5625798963780667
 -1.121852468968848
 0.8496054274800457
 0.5100539014289347
 0.4785095194797568
 -0.6372534360861446
 1.727708867419862
 -0.2004602570469871
 0.2734462850967536


# name: alphas
# type: cell
# rows: 1
# columns: 3
# name: <cell-element>
# type: matrix
# rows: 10
# columns: 1
 2.193175896444016
 0.3914095245731797
 2.645665467379768
 1.683552541536183
 0.1522202387305937
 1.067026799109577
 0.1419829773260308
 1.7534345310098
 0.704047582655018
 -0.3072855451146119



# name: <cell-element>
# type: matrix
# rows: 10
# columns: 1
 1.88061591847882
 0.9126027410390583
 1.15635691652353
 0.3347792118779157
 1.015972166584453
 0.656041850534291
 0.6289211314277692
 0.0995937113592235
 0.4267336540381598
 0.2911831312704835



# name: <cell-element>
# type: matrix
# rows: 10
# columns: 1
 9.345259272260705
 11.30778938910608
 11.53897024835345
 10.30512219499463
 10.19517684544488
 10.99379519190294
 11.42030467928228
 10.29568740330566
 12.69986862128676
 11.10859756847123





# name: W
# type: matrix
# rows: 10
# columns: 10
 0.05792325261887168 0.023688754231985 -0.3445698248957869 -0.4931211297196148 -0.6411964671859921 0.07890993955568069 -0.6072902319862965 -0.260143642354129 -0.9971048463568699 1.239333386916138
 -0.3107389566084234 0.4830229285575027 -0.4278460544998672 0.6654860698938594 0.04578366155243859 0.5824541903760079 0.4098243769021804 -0.142779778498054 0.2053397220478645 0.1595188006946255
 -0.6486508198348921 0.3882071454906897 -0.9136229645112605 -0.2219576208811536 0.7057202685763498 0.08828572163517871 0.1258178076623016 0.09751607721850136 0.8893852347055925 -0.1978780424080845
 -0.9692810214357982 -0.9246280191914283 -0.1465071610754341 0.5720616637042782 -0.3992224388096933 0.6106747260561387 -0.9125330216064942 0.06288017688982613 -0.9884548136004842 -0.06198797945951257
 0.2553800848113454 -0.6810047677931867 0.3847508094550579 0.1928771614349704 0.3094828243064764 0.7059396721879851 0.3626645139822759 -0.6630241466637958 -0.03755519839061917 -0.482431475348072
 0.08966982373051374 -0.5081243553973821 0.36994085958279 -0.589304753982318 -0.09300111037920046 -0.07784739526959335 -0.13674255896111 0.8293296157802017 -0.2503058238411118 0.5097951015695711
 0.3359182129118925 -0.1411847598653067 0.8047959492265867 -0.424652619737719 0.0290094721773306 0.3228783932075043 -0.3075426920946416 0.001370953783809977 0.002166297224338998 0.1577636227993846
 -0.2938268249793418 -0.3597687740997789 0.2042139157158465 -0.01554675447566037 -1.188366649619347 -0.7910290163544624 0.3339829163475187 -0.6371628701966751 -0.2089424789940867 -0.7406972688136991
 0.4073620162178294 -0.6996296963873508 0.4585075509102003 0.2399749573312282 0.4120209351155299 0.2979110992758892 0.2199271310117095 0.6779238723391361 -0.304236513042556 0.4097301377999182
 -0.03217426898973369 0.2998749017575674 -0.2652884863510048 0.05046589523598853 0.5910018506966249 -0.1789434738928139 0.7288651280009487 -0.5110469201968761 0.4003295429764465 -0.8307950601838718


# name: iter
# type: scalar
100000


# name: c
# type: matrix
# rows: 1
# columns: 10
 0.6353465170094361 0.5890470772050928 0.6339779822699139 0.8337015417087847 0.7791287089586963 0.6540527168021301 0.5976518720185248 0.6655207941632971 0.6477322358781232 0.7629449812598095


# name: mean_corr
# type: matrix
# rows: 1026
# columns: 1
 -0.1431017104917308
 -0.1304601313398954
 -0.09321504321759279
 -0.1343370415139799
 -0.09254406196391105
 -0.06841444057576476
 -0.05192960696759843
 -0.04841258738877675
 -0.04588310044342238
 -0.03445945677232431
 -0.02983243928943635
 0.02027112115893693
 0.09040161881356064
 0.09550979990077435
 0.1015277530244888
 0.1069778747006886
 0.1230421236573374
 0.1700314972049598
 0.1917455088600587
 0.2250985658908666
 0.2419712886760103
 0.2440444742952386
 0.258926053964762
 0.2599644192210304
 0.260642538984952
 0.4548454893255059
 0.4513106896043013
 0.4452383234474091
 0.4441849006314863
 0.4481635874596946
 0.4480088964124634
 0.4492182493211965
 0.4253182611162246
 0.4258536582999331
 0.4275746514112581
 0.4235916069310567
 0.4225988454878969
 0.427122439350678
 0.4250012078885651
 0.4200501602596686
 0.3952328597123468
 0.4003771654972657
 0.3954294861654265
 0.4126352805269569
 0.4077301806060749
 0.3594389448014697
 0.3581385583662075
 0.3519554450887705
 0.3428040623221392
 0.3281902141081355
 0.3289091643757387
 0.3289064190555085
 0.3152273989110408
 0.3148932128435124
 0.3139225216580865
 0.3083563735023768
 0.3138650218392171
 0.3106190134843567
 0.3070706308519721
 0.4554997834059435
 0.4549070476218249
 0.4465496636444053
 0.4458929996653239
 0.4304325140064705
 0.4324468631565573
 0.4237035219013882
 0.4240642333454879
 0.4253372630349724
 0.4245565015552219
 0.4316503696156992
 0.4278425824240756
 0.4307126436132692
 0.4301936494916755
 0.4245723514074417
 0.4280600006565859
 0.4049241494885022
 0.4034651537914155
 0.4019238493236781
 0.4127209074882413
 0.40448119510458
 0.3953163846011502
 0.3957347840388409
 0.3975147012217713
 0.4059733331289805
 0.3955050979280641
 0.3869848805510135
 0.38991258732164
 0.3885427704627546
 0.3904718550424575
 0.3901814861187647
 0.3865878411961573
 0.3998749401009665
 0.4068783324628614
 0.3974403993953363
 0.3923105617847773
 0.3819240002039168
 0.3802875222434581
 0.3794948931397256
 0.4679046686088985
 0.468276227000782
 0.4655048876688653
 0.4425470148386142
 0.4433920137663289
 0.4393484154642907
 0.4337894985128516
 0.4349238927744484
 0.439451119299833
 0.4385013957335364
 0.4427404410621881
 0.4453810246896064
 0.4383212351724076
 0.4333893044064802
 0.424816773713509
 0.444056468763307
 0.4354546819452323
 0.4415439816142475
 0.4412966830108903
 0.4451068084281532
 0.441480042043693
 0.4411505699035922
 0.4378514123741433
 0.4294140612002542
 0.4375624579506076
 0.4290810408993738
 0.4270459715223457
 0.4303826200356786
 0.4283913356429604
 0.4339177052973275
 0.4239560409165306
 0.4281558399564773
 0.4263157172872803
 0.4271612180406847
 0.4255071196977754
 0.4862868934396517
 0.4790567741442661
 0.4802185615733486
 0.4733571890490063
 0.4733185217807582
 0.4762619859814802
 0.4778457662379412
 0.4783709592615549
 0.4742674060098476
 0.4557670097064877
 0.4592533597091895
 0.4533110104346876
 0.4550371527432877
 0.4525707105960357
 0.435682312230376
 0.4360007025669549
 0.4348586668985798
 0.4349955407515047
 0.4322806824067195
 0.4341332012186219
 0.4350223149811921
 0.4350105717856049
 0.4361869081803549
 0.4230609090712866
 0.4200901537119231
 0.4210922383356567
 0.4118717745846922
 0.419964686037483
 0.4226421692283567
 0.4238225059582726
 0.426484950448523
 0.4277780774111249
 0.4340241244792741
 0.4297176264418815
 0.4313817628159301
 0.4333898389173078
 0.4325146850961396
 0.4318844730112515
 0.4314340848731056
 0.4315584475510071
 0.4297014602767852
 0.4295440555901967
 0.4289486173243207
 0.4340332317000627
 0.429473580829962
 0.4888650183369784
 0.4873035199859192
 0.4804183844385712
 0.4803816244527657
 0.4723639519654741
 0.4708754525960794
 0.4592248262988138
 0.466714647226639
 0.4672910591748889
 0.4673514556251138
 0.4614574587534787
 0.4600145732219902
 0.4572587796915357
 0.4537214190980342
 0.4522772797262283
 0.4496885141740121
 0.4484424320353251
 0.443810288291801
 0.4421945385748391
 0.4391673695572733
 0.4436164100395987
 0.4519523775291601
 0.4512871968431386
 0.4466936719496908
 0.4365367210362745
 0.4364287222679408
 0.4365142481002801
 0.4359703288985403
 0.443764649159784
 0.4434142017431162
 0.4815290146757653
 0.4863846166411439
 0.4715792014183447
 0.4687645667776764
 0.4606477797783225
 0.4736263944521535
 0.476803095442078
 0.4762462799165357
 0.4732897709194045
 0.4693977075754184
 0.4690354090729393
 0.4623166878970478
 0.4595336210396185
 0.4595480772787848
 0.4508290747160474
 0.4500898426509761
 0.450166170794768
 0.4510674062640708
 0.454047901801854
 0.4451803614152001
 0.4509509980349969
 0.4516405688988132
 0.4502241665401918
 0.4387467030150647
 0.4869289276379561
 0.4549143402333531
 0.4490230375927386
 0.4664801864689505
 0.4690928449118522
 0.4847106763493244
 0.4863370414728855
 0.4863083215019389
 0.4853301809768434
 0.4832489677069923
 0.493974891781634
 0.4826479804297736
 0.476872664060783
 0.4701435977055303
 0.4736742530719028
 0.4581928888890573
 0.4569035218141645
 0.4555324374246587
 0.458912761432931
 0.4560172900710663
 0.4586041123756927
 0.4594419173041743
 0.4572048504336689
 0.4556568650889568
 0.4539552495489884
 0.4525308641901245
 0.4533327313385254
 0.449668566340317
 0.4476222630196046
 0.4955957641640646
 0.5016779574433863
 0.5025482285897807
 0.4776008632332783
 0.4682191611906401
 0.4636177939095195
 0.4651692769201074
 0.4643835067133388
 0.4635999742091579
 0.460109943434958
 0.4577494477536753
 0.4562606511107256
 0.4586008695885386
 0.4588334413854711
 0.4552141959191074
 0.4529702288763942
 0.4942329444347283
 0.4938500403569602
 0.4878177431895313
 0.4806402495125048
 0.485344924124696
 0.4860411900994083
 0.4944849478447325
 0.4955176345480831
 0.4889435949301651
 0.4853898263913766
 0.4840030399168246
 0.4848264803156223
 0.4800939679398648
 0.4761663908658433
 0.4756091301812931
 0.4753991890320021
 0.477188824285888
 0.4801749738530847
 0.4839829048005378
 0.4870130264192706
 0.4761556730535674
 0.4807273713355357
 0.4791797792400407
 0.4791506701277177
 0.4846754402583601
 0.4761895496608372
 0.4759098776738561
 0.4818226725802421
 0.4815920047930771
 0.4796798745511038
 0.4802930039033485
 0.4774860560436046
 0.4713591459436971
 0.4712877099867747
 0.5018015482164558
 0.5026549500707789
 0.5024117758702152
 0.4890101603726316
 0.4771727508674727
 0.478952274069645
 0.4904451680753293
 0.5039470334816816
 0.5021637937372833
 0.4768788896579066
 0.476350997041284
 0.4743911610754593
 0.4736825135242178
 0.4728908729590692
 0.4731023639476059
 0.470724853408376
 0.473013763821465
 0.5070273212384951
 0.5026606133273258
 0.499869261106155
 0.5086859980385032
 0.491479904064264
 0.4939118847875398
 0.497039528323537
 0.4907568133844283
 0.4881629409855644
 0.4783437470858173
 0.4944486496238395
 0.4940413709002561
 0.4913500759090013
 0.4902933064204403
 0.4937835372972408
 0.4888144139358194
 0.4894534794582509
 0.482332046906443
 0.4836047284674689
 0.4845102795630304
 0.4792933756916826
 0.4778668953757849
 0.4834166153250464
 0.5109132393572158
 0.5169399837350371
 0.5005547891036854
 0.4995245353803012
 0.4841359020091803
 0.4872256369255267
 0.4878285028471462
 0.4871001619367513
 0.4872870152434629
 0.4854110879879759
 0.4858613248969884
 0.4869072336950066
 0.4868227687545265
 0.4866265054931852
 0.4829281640757645
 0.4848722600721621
 0.4811152784055196
 0.4799580338122549
 0.5188465418838386
 0.5184173210331261
 0.5200383091144752
 0.5219742574636079
 0.519704608540985
 0.515512501393576
 0.5067518687046126
 0.4870879598450819
 0.4931432600101496
 0.4932866342534853
 0.5049871320192558
 0.4959303837090123
 0.4852796177700255
 0.4851998205367797
 0.4844735005415284
 0.4858868800180463
 0.4859022179177691
 0.4860927326026127
 0.488959240295656
 0.489042924121435
 0.4900381438924145
 0.486713934542412
 0.4856500878760595
 0.4868081401548581
 0.4886896020092638
 0.4880333238680173
 0.5245033320352297
 0.5276004070324798
 0.5265388393073355
 0.4913007945746575
 0.4922740516687899
 0.5001541089202044
 0.4995677285326538
 0.5260937693477291
 0.5292738955730387
 0.5257428086372572
 0.5263819362350253
 0.5251962441992116
 0.5231458515546508
 0.5220243408023773
 0.518857625063785
 0.5195477231850719
 0.5172947856413324
 0.5176798233779965
 0.4880031189564485
 0.4935733479306199
 0.4953019930753834
 0.4970869130552363
 0.4955703963723243
 0.5004637632570843
 0.4983836686355381
 0.4967228681163944
 0.4969473019395865
 0.4966609951301623
 0.4988394224513116
 0.4958287608105095
 0.4951595646688605
 0.5326329710874917
 0.5224052865177236
 0.5220997232992584
 0.4975661720350718
 0.4855895216860937
 0.491857379491666
 0.4966430807560494
 0.4937211018418481
 0.4984704718190621
 0.5400303977958678
 0.5320959196683009
 0.5235660459549367
 0.5124167045124896
 0.5218383613618185
 0.5108495465363782
 0.5014595777072242
 0.4977586429925752
 0.5025083094297602
 0.5059175710640822
 0.5085110260912817
 0.5402571272984419
 0.5330388096247128
 0.529029225026423
 0.5156233554272864
 0.5242931054508367
 0.5121908953973822
 0.5081513064191012
 0.5131278754655656
 0.5253566255202974
 0.5266513980359979
 0.5222236810550955
 0.5146474972735107
 0.5158279912469907
 0.5184265104412578
 0.5213773012200396
 0.5197467294849749
 0.5165407682707251
 0.5167479883240461
 0.515100422218242
 0.5123174866322134
 0.5090502117214174
 0.5496109612486629
 0.5463040416180041
 0.5463897029154829
 0.5418760086872648
 0.5354042808010266
 0.5302709225639946
 0.530641107206413
 0.5260843218726354
 0.5246364066590943
 0.5240075812851362
 0.5471312327056155
 0.5068052748692701
 0.5079962988391757
 0.5258805579102764
 0.5292146698821198
 0.5347059547456036
 0.5371749725087578
 0.5267443843457665
 0.5224955243412706
 0.522380001530353
 0.5229081717764492
 0.5175784726119012
 0.5171307436405204
 0.5128704867169314
 0.4842420678798747
 0.4887099151720827
 0.496726151978219
 0.4931084966302427
 0.4918338255922045
 0.4912781562607559
 0.4952020656778705
 0.4938051131093467
 0.5051779453021572
 0.5142946088830198
 0.5126170145328437
 0.5186920437121402
 0.53596525826789
 0.5386732710486347
 0.5424150116067079
 0.5338386993944056
 0.5400068866510653
 0.5415970458017787
 0.5426024732982666
 0.5405249681479524
 0.5378612213061404
 0.5381167516628736
 0.535723570139364
 0.5374430150725632
 0.5341197195822108
 0.5381566688320735
 0.5351975313263029
 0.533716165585134
 0.5341175012755643
 0.533313178992091
 0.5342417866713567
 0.5307916332836606
 0.5276224473312632
 0.5565307716667987
 0.564226754256031
 0.5606606828538427
 0.5544972706229124
 0.5561154076709317
 0.5519177446310136
 0.5464863777106201
 0.5484619092802799
 0.559797631228431
 0.5473398443993898
 0.5496814192485419
 0.5537698813125994
 0.5540321875251919
 0.5540886168997712
 0.555010288719983
 0.5467973426034141
 0.5465450469317703
 0.5435650019740155
 0.5642561092985396
 0.5617517629607832
 0.555512780711845
 0.5522163334657348
 0.5503409988706742
 0.5515469227607097
 0.5482613519884463
 0.5496256451057657
 0.5491301548354027
 0.55173533167471
 0.5496261144498383
 0.5556173776173426
 0.5507999553832744
 0.5463164570390723
 0.5651994936890239
 0.5726581286944243
 0.5550438872054775
 0.5576959056944053
 0.5554647127669721
 0.5554673628122154
 0.5516725490802828
 0.5480257323029305
 0.5476027779620705
 0.5529622985742119
 0.550450538570485
 0.5542722177431136
 0.5510740146373182
 0.5583313330456461
 0.5811147003328715
 0.577182710629432
 0.5815462426565603
 0.5851792595247565
 0.5781793116836109
 0.5690715953483793
 0.5835255567216633
 0.5762862284783268
 0.5838716686192735
 0.5858922553651099
 0.5839890740877735
 0.5851165612989931
 0.5801336634602321
 0.5773597321325353
 0.5803729749219052
 0.5712746413189723
 0.5723135992793834
 0.5756688144436093
 0.5683682035148838
 0.6066032517375762
 0.5846763571361142
 0.5844707639075637
 0.5897145281715498
 0.5886450479664379
 0.5789612035018981
 0.5778027441781803
 0.5770758229117593
 0.5766811756741743
 0.6083801819355709
 0.604103663246906
 0.5917541021390929
 0.5955439149304033
 0.605389340922576
 0.6115581733050928
 0.6049778343351054
 0.601274109494951
 0.6019344308734911
 0.6026319812499675
 0.6035129479649981
 0.5989856135080674
 0.5948277395902979
 0.5957431091604959
 0.5947636014541221
 0.5930560601465901
 0.5922272381596393
 0.6134810612186786
 0.6137728599679775
 0.613486887093141
 0.6158532198952884
 0.613977286706698
 0.6143329541767777
 0.6070065325001793
 0.6052101085522315
 0.6058507633371938
 0.6059631737486996
 0.6021645664031955
 0.5963711806839549
 0.5924939506332223
 0.5910322483991963
 0.591251111740551
 0.6165265000611159
 0.612191127446486
 0.6099155089699633
 0.6106677911755891
 0.611317583669565
 0.609453065921272
 0.6023803946711698
 0.6072125927488701
 0.6042867129725453
 0.6227307989630979
 0.6272215698645247
 0.6244636759821001
 0.6231460861771717
 0.6176939402019401
 0.6245286291662324
 0.6231526779907138
 0.6254127823376017
 0.6315034146893637
 0.6257321071004071
 0.6267465125252107
 0.6151741663276706
 0.6210333714308396
 0.6287230215284216
 0.6234838955656519
 0.628961353118733
 0.6314727142302391
 0.6324548522615203
 0.6324440691928923
 0.6252413504152041
 0.6285104321445335
 0.623296064435972
 0.6198039731287616
 0.6294477604593588
 0.6317879754622533
 0.6247200800216329
 0.6237310053314612
 0.6173289305455968
 0.6181068977782204
 0.6229268163453958
 0.6323584113341146
 0.6288570650596645
 0.6196674599375049
 0.6246746793339127
 0.632508629384295
 0.6284854110949097
 0.6329404896590234
 0.6376433164675752
 0.6394123966909196
 0.6301820031274773
 0.6395960239045301
 0.6424170478428326
 0.6391841783938157
 0.6404845852267516
 0.6365986937959526
 0.6420610255916321
 0.6432199363866128
 0.6404070157338546
 0.6361839945659818
 0.627073406281184
 0.6308148718715099
 0.6455726176619587
 0.6426147892828892
 0.636355988622312
 0.6375469619548484
 0.6406874025161787
 0.631994632694961
 0.6296820903212523
 0.6326615648502839
 0.6308100872906739
 0.6299451844077348
 0.6291499305907786
 0.627321815634159
 0.6300191106326722
 0.6328210305928023
 0.6349512989325532
 0.6284997776239731
 0.6282308834946582
 0.6286965850804866
 0.6257448692751559
 0.6291273657653578
 0.6288161034685256
 0.635836302539413
 0.6258551779399257
 0.6337495860852678
 0.6281653533525131
 0.6157326811265478
 0.610507277047078
 0.6158880494241656
 0.6250450045173047
 0.6146962234612515
 0.6155790316181253
 0.6096216607243938
 0.6307223603385033
 0.6313856447115834
 0.6330468261509775
 0.6319405942042311
 0.6291289944476071
 0.6333702863135533
 0.6296349069865493
 0.6281258698342977
 0.6366298894041804
 0.6372909113946348
 0.6352998800635372
 0.6374079599978069
 0.6361787894589559
 0.6321328006127998
 0.6299445501559202
 0.6317580373929081
 0.6226559498633787
 0.6472916009937932
 0.6452611396517083
 0.6457243443026803
 0.6264422089571483
 0.6488594015307136
 0.6530911473066607
 0.6483897533458383
 0.6399780055494216
 0.6335364295798882
 0.6370824133810027
 0.6390047840828152
 0.6480682341309337
 0.6297825719085521
 0.6470304664856251
 0.6484593548297315
 0.6421153068533709
 0.6456191169816654
 0.6465452226495032
 0.6492191986775075
 0.6461244100083171
 0.6405737759318517
 0.6475385879406196
 0.6484047893992362
 0.6420552662682926
 0.6442172476560504
 0.64543239545176
 0.6435166920358472
 0.6399343953575489
 0.6475842726116688
 0.6460644608229225
 0.6462374548462179
 0.6409228665834723
 0.6434353692409086
 0.6456610105570073
 0.6387573156402404
 0.6526172924586069
 0.6463245146687013
 0.650031871878048
 0.6270934771754467
 0.639320350259489
 0.639429075652777
 0.6368928172975296
 0.6246018831456501
 0.6492621846909896
 0.6543979881061797
 0.6500990893514955
 0.6361843810759276
 0.6365717835653373
 0.6444642560975826
 0.6429896789237074
 0.6415579489387142
 0.6383233962654865
 0.6431029495962737
 0.6337235274194494
 0.6461449016017599
 0.640212678982113
 0.637718654929485
 0.650105873549307
 0.6497314683650383
 0.6506252159936564
 0.6505400113991564
 0.6402669925945974
 0.6368095092024513
 0.6405033291630449
 0.6453002989165405
 0.6467254835971523
 0.6454885142088609
 0.6485997422995641
 0.6552652182667957
 0.6498954737021488
 0.6434575455651981
 0.6373007923707599
 0.6378179856706345
 0.6536219837005025
 0.6495978774847264
 0.657676228947297
 0.6325408590354663
 0.6535252960773064
 0.6435556400673554
 0.6485637016607637
 0.6424416722233415
 0.6505515155065826
 0.6562298654387608
 0.654303930355507
 0.6514882618542243
 0.6462059389353855
 0.6500736637776946
 0.640236449516862
 0.6411568931866041
 0.6460048781244375
 0.6496569212630663
 0.6625983233127534
 0.6599970582176963
 0.6539641128049281
 0.6541487668642674
 0.653308261468868
 0.656163915076687
 0.6637017086620147
 0.6449964159968438
 0.6573072743512838
 0.6558176674726874
 0.6525123178351243
 0.6641006502664887
 0.6611615262702915
 0.6631485443312741
 0.6522650626041059
 0.655598605374641
 0.664145246626566
 0.654268290163402
 0.6650305666520908
 0.659233505821936
 0.662770392539459
 0.6598983698501415
 0.6579256167147389
 0.6578401619706005
 0.6663264335394904
 0.655330156665457
 0.6682166658294373
 0.6601514791930022
 0.6691142283283394
 0.6648426510826984
 0.661697162437679
 0.669582734869838
 0.6491293718571574
 0.6529000792793843
 0.6505117248220417
 0.6601394239802449
 0.6697751164414997
 0.6636319505049072
 0.6631034795890822
 0.6605973125690096
 0.6700627422474168
 0.6502184732199764
 0.6529008031988165
 0.6576005359750934
 0.6694849363228443
 0.6614550469027726
 0.6685200268209232
 0.6666614859797798
 0.6719730762989247
 0.6567766076312498
 0.6712374799888786
 0.656124832721562
 0.6506068598713929
 0.6718729827427519
 0.6732135678488268
 0.6513264325234934
 0.674360631833877
 0.6638329900049698
 0.6729565065014609
 0.6703560666887628
 0.6744524788302586
 0.6709049890426607
 0.6536654274415852
 0.6553338683377411
 0.6647910080649422
 0.6757944099829255
 0.6510927359871006
 0.6435486386316395
 0.6625175249802134
 0.6660569905999815
 0.6609115156495923
 0.6758013637370673
 0.6716428929964667
 0.6534988041565165
 0.6665967007822404
 0.6641607421132304
 0.6770324517154565
 0.6552769508941867
 0.6579402892515243
 0.6666803321752248
 0.6530349909570357
 0.6778726135330403
 0.6737119781307965
 0.6685783270752415
 0.6581401356335975
 0.6638598147122967
 0.665783378669936
 0.6566272666035359
 0.663581671465346
 0.6727375162663378
 0.6731755526630284
 0.6746336684559798
 0.6585088862545116
 0.6725268402964917
 0.679041751528245
 0.6687029743165758
 0.6715123263462121
 0.6781784555136513
 0.6791342352492298
 0.662014706141091
 0.6418338739295233
 0.6649892795685874
 0.6605395169813376
 0.6724839850337834
 0.6791317432575841
 0.6680716606591472
 0.6640378121343831
 0.6793813161503702
 0.6661292038523726
 0.6563393037591096
 0.6803433226649053
 0.6669905010733288
 0.6747661770976812
 0.6491961486764783
 0.6682595765251658
 0.6736920378283715
 0.6659395949954587
 0.6569920004901691
 0.6798580162645811
 0.6691832986862302
 0.6688285021871305
 0.667340039613738
 0.6704206356868841
 0.6723944587533141
 0.6634887541823737
 0.6626784220895126
 0.6620569694816455
 0.6799141962442912
 0.6425881188797347
 0.6616995841459108
 0.6539698425322399
 0.6622390079194325
 0.6729036443925437
 0.6682789546269208
 0.6662169886225455
 0.6782744644954606
 0.6780322564414958
 0.6708536077811622
 0.6832790872303145
 0.6780395273867815
 0.6733238617848226
 0.671799007991905
 0.671467091795832
 0.6795620881932147
 0.6768104863933528
 0.6712305227825698
 0.6853178061674845
 0.6805951865975651
 0.68224443279953
 0.6691907202501097
 0.6717260504980417
 0.6829826726865881
 0.6810555563686622
 0.66771605399468
 0.6705699363054369
 0.6736137133437607
 0.6855961810879483
 0.6747862316785425
 0.677362960881787
 0.6736403242049874
 0.6714140565528737
 0.6663477518412335
 0.6821701873050079
 0.6744800899704693
 0.6835557384689482
 0.6819612523937709
 0.6753624715871919
 0.6809427228497767
 0.6765910543240201
 0.6661764381352376
 0.6668155794650547
 0.686704683120262
 0.6691024457647219
 0.6730186989177153
 0.6741262920057446
 0.6806212660966491
 0.6808682271460557
 0.6886136722576965
 0.6749593470690776
 0.6783028328030082
 0.6730954160456507
 0.6822410995735241
 0.6669205262593072
 0.6743071581427608
 0.6882234045922824
 0.6793825590132112
 0.6808877316784524
 0.6759836864135261
 0.6781265246909768
 0.6866290007135361
 0.6877478944098698
 0.689240701717463
 0.6715516303020306
 0.6710927070051802
 0.6710183277900934
 0.6799104427273808


# name: mean_error
# type: matrix
# rows: 1026
# columns: 1
 1.512738896061604
 1.509876263269254
 1.483980519778573
 1.502517503959842
 1.481454050533297
 1.464653350535314
 1.444737416020396
 1.439421646085326
 1.439137081642604
 1.437100110429587
 1.432828035426062
 1.404027036195301
 1.37482807202745
 1.370021896767673
 1.36272891751245
 1.364286963437885
 1.352482508235301
 1.337708013369044
 1.326939209931378
 1.307589131011182
 1.294951434627917
 1.290081693025808
 1.290551652788162
 1.28657848564941
 1.287450618208686
 1.246135511915213
 1.246818435213476
 1.253239254397161
 1.257789852752845
 1.258003724688945
 1.253070086366411
 1.254103254543455
 1.260601261187262
 1.258272930237923
 1.254907227296298
 1.241387721590197
 1.242501851353678
 1.236950209871153
 1.242191690951371
 1.246086704043102
 1.244464708741346
 1.258768573213471
 1.262489962805164
 1.253899363648932
 1.25149589601484
 1.286768642956956
 1.280365046369323
 1.276283259501945
 1.277723936102522
 1.246871687065989
 1.247006519488629
 1.247085893691906
 1.253512056695274
 1.253188488221397
 1.250955012325488
 1.251627682214772
 1.249491972014672
 1.250648316914342
 1.251392688888108
 1.220706181475953
 1.223872273413844
 1.227691307676077
 1.222962008314473
 1.252834961159569
 1.254639624106002
 1.270927659746881
 1.265960440050434
 1.26110958866023
 1.258554815793878
 1.236017985491497
 1.241009536999379
 1.232062485839885
 1.231165673661311
 1.22802304417741
 1.232488262937086
 1.22823948409476
 1.240708354252403
 1.242179405731333
 1.234798750643753
 1.238447457174205
 1.240443623900705
 1.242718250855375
 1.245273569972103
 1.239302441792225
 1.239470032096322
 1.236852265377268
 1.236851357746611
 1.231403311963547
 1.232492993906201
 1.23248149404015
 1.235389010328438
 1.23354117111082
 1.239888847912697
 1.24100302905065
 1.239792903953282
 1.230757056917952
 1.238238646054506
 1.240826145647413
 1.226165049557171
 1.225846814745719
 1.229508647980952
 1.221048644391868
 1.221046831634177
 1.237451797929316
 1.23348738264605
 1.234073255008307
 1.235463567662177
 1.236409340428289
 1.232775413956581
 1.231221255563234
 1.235040544724712
 1.234570842426017
 1.232178873831611
 1.238180225814094
 1.246541171835331
 1.241960846552428
 1.245128811135487
 1.241554129958782
 1.23361886929605
 1.234172623894176
 1.236499207075471
 1.232432359482552
 1.232956235863433
 1.235484560559387
 1.234809562690224
 1.228434946799363
 1.227812651549532
 1.236638893099985
 1.237334793111781
 1.233211779941736
 1.232062033083404
 1.232787291748926
 1.243993418548561
 1.218017029785613
 1.224705893243605
 1.219396286536091
 1.225839639950021
 1.22619531448893
 1.227812347630937
 1.226140267496744
 1.227515897969879
 1.225651865536376
 1.228911469674146
 1.224275967702488
 1.227715385574331
 1.225159029503003
 1.229117638679256
 1.234234751751472
 1.232416937415038
 1.234567026506167
 1.232004019817372
 1.234950943689209
 1.236002854434331
 1.230005122755494
 1.228092390910067
 1.237750113294573
 1.239623010000517
 1.240173218265461
 1.242700364252948
 1.242407075975882
 1.237218947138659
 1.233732059510109
 1.235285241264168
 1.230192459863939
 1.231418540656714
 1.224328099007094
 1.227723491332809
 1.225011394678527
 1.223970876591443
 1.223577939599001
 1.221104843404737
 1.220625549531431
 1.218952941688953
 1.218913051087473
 1.224581457786902
 1.217511854804995
 1.215326261141553
 1.221636400761273
 1.200656754154412
 1.200051174551602
 1.205083753085698
 1.206151303409102
 1.210469722888277
 1.209155438314189
 1.211905178176447
 1.20007114195846
 1.197623406766398
 1.197695134218457
 1.19875373361457
 1.197355164693677
 1.198795302351373
 1.205363557654331
 1.207548815563311
 1.21043321084336
 1.208298075063547
 1.210405278388623
 1.211012085852919
 1.210120600836544
 1.209932596307201
 1.209246068242253
 1.208663067198686
 1.214762725068738
 1.220359951071591
 1.216743601536627
 1.217571818042502
 1.218746718637708
 1.217102040780413
 1.217321145223733
 1.203229576686759
 1.201607847770593
 1.200582834102222
 1.200850787784623
 1.204954881932395
 1.205370979969164
 1.195927827038542
 1.198492853412898
 1.191857772738603
 1.19852327787878
 1.199029598531519
 1.197424854330093
 1.200127505049527
 1.200521336635549
 1.202027254795196
 1.20086286253178
 1.199708150465276
 1.203177178629877
 1.207077006819117
 1.209245288583733
 1.209515787850978
 1.20877234623677
 1.20932830804438
 1.210446941725049
 1.209189855002282
 1.22890022019552
 1.229549660483275
 1.215193688757016
 1.212931921014773
 1.20709638669646
 1.205350524804677
 1.195388952805899
 1.200651778653049
 1.206247361793758
 1.207731830595344
 1.203039283734473
 1.203330015314937
 1.204032715495826
 1.199085838809427
 1.196990202576289
 1.200165750981091
 1.195478175910259
 1.198075067861483
 1.198847688711365
 1.198432178139021
 1.207826743352271
 1.205327519039292
 1.201886627067834
 1.200028977845673
 1.202412869256419
 1.208813742519843
 1.204165965425721
 1.203112263356966
 1.210978783628315
 1.195719033750694
 1.192488959496792
 1.201721396554533
 1.19650402529938
 1.195643645721456
 1.19574596075536
 1.195671368371679
 1.204053509456132
 1.205472501112912
 1.199583474611764
 1.20001995545333
 1.19815734689236
 1.197516100771315
 1.198077496492881
 1.198311503113933
 1.208860789581199
 1.208431193377266
 1.210909569285573
 1.216701818435327
 1.212458010714682
 1.206517052170641
 1.204323072985751
 1.197191058949796
 1.201588411611478
 1.206518492430396
 1.210810493797812
 1.211713992482801
 1.217256722006698
 1.210956066860312
 1.210141613436462
 1.210506915683717
 1.206641245644729
 1.196537900428468
 1.191726747976219
 1.189868187361968
 1.185790858270906
 1.18726155222536
 1.190755941858768
 1.193999233829186
 1.178895599768877
 1.180548945702803
 1.182320950780161
 1.185516370522551
 1.182775785001818
 1.18156525948105
 1.181687775381442
 1.181526722363315
 1.185611863737013
 1.183174181537919
 1.176088205712481
 1.176850820517321
 1.176652066032781
 1.180002535560737
 1.177100218070997
 1.176744071027519
 1.183956358384453
 1.182555936723309
 1.182916164023994
 1.197349697298355
 1.195359828965074
 1.193944141924754
 1.193712640439912
 1.196003736761713
 1.193363192078689
 1.193576223982446
 1.19188947476831
 1.17976642934443
 1.185839483558313
 1.183570923983577
 1.184825117055996
 1.184730110314131
 1.178184340532385
 1.182681125114749
 1.186307819033691
 1.180547658126135
 1.196211742550345
 1.193105637396784
 1.19384578365637
 1.195564566182454
 1.195095244616646
 1.194003492720319
 1.19989751677497
 1.198679257455799
 1.202978941992261
 1.201917057024711
 1.20345090851198
 1.202442466459826
 1.199779073524033
 1.201213544408946
 1.176312773234435
 1.169756349814792
 1.182555381009892
 1.193283281188728
 1.198143994383465
 1.195374144980547
 1.200492627166436
 1.202792073454343
 1.201231611380045
 1.200948434071757
 1.198746121330498
 1.198703584316854
 1.195777813379542
 1.195405105511342
 1.199152776485635
 1.201886657593972
 1.204491168794104
 1.198314865179273
 1.178125456853369
 1.179188867767596
 1.180890540826008
 1.182916635690216
 1.186347226968173
 1.164300412083535
 1.173995087766954
 1.18534490178018
 1.19397361205346
 1.195973382859655
 1.196548000892453
 1.196292717055402
 1.193286751270772
 1.188954919647462
 1.183384820957891
 1.182165330310505
 1.182643827651982
 1.181908556862435
 1.180931489060551
 1.18259511387906
 1.186416047810143
 1.189209537329146
 1.188638947118192
 1.190080600736231
 1.191350638151856
 1.188105104781607
 1.169791137436266
 1.169359730719959
 1.171116339299481
 1.198991461515748
 1.202158260173132
 1.201590545081558
 1.20239789137672
 1.17439590854747
 1.172386033454452
 1.167094850916171
 1.167170311341231
 1.169307238113954
 1.165154034006466
 1.170081621404284
 1.174008692267674
 1.170374096111148
 1.167245279132648
 1.167064142130966
 1.191081589151377
 1.190223657047635
 1.186439317653344
 1.182355397172653
 1.179819336118185
 1.18716216355453
 1.184598019214641
 1.190932438863311
 1.190430058344241
 1.190825091061908
 1.189236598058641
 1.186830357938672
 1.186062415210278
 1.173453469888367
 1.162550955740384
 1.15624137633854
 1.177394811316532
 1.191927538299622
 1.189224822062291
 1.19381042589472
 1.207064637403723
 1.212030588364081
 1.172064752537397
 1.147330723883762
 1.150079922378396
 1.167149833630767
 1.146193700753647
 1.165663908210477
 1.169434765621731
 1.164552623663084
 1.165800333350269
 1.161660057560232
 1.164758106625811
 1.170179779335419
 1.149525951187018
 1.15707740651527
 1.15263689717972
 1.158852787283959
 1.154757778513195
 1.154834978747064
 1.160301761864685
 1.16005651904528
 1.159248829281614
 1.157929955154703
 1.168222491241937
 1.164742328493341
 1.168432701619674
 1.166995575585174
 1.170753941445522
 1.163373728912374
 1.16210359861685
 1.172018308489235
 1.169309574582119
 1.168510417233421
 1.157926199863805
 1.142750464506506
 1.139258409604323
 1.137610710744718
 1.148236402040946
 1.158734087815334
 1.155809061151155
 1.16016965589689
 1.16340595312112
 1.160780663533205
 1.171933810041631
 1.16098264454444
 1.166608485849936
 1.160146039749704
 1.147061634335267
 1.143087230224823
 1.155684686577708
 1.134111943497299
 1.168590618704189
 1.141738037409219
 1.151061738284614
 1.144244892857867
 1.14169249334667
 1.130696819096455
 1.159441258737127
 1.161204403457257
 1.146910385519643
 1.147525885881575
 1.151480131091065
 1.158951481538181
 1.167710479960823
 1.166937744804758
 1.149938653386306
 1.137719340060257
 1.139714596970401
 1.142327605693662
 1.178212505802591
 1.174268281203148
 1.170901357798724
 1.161124273293562
 1.14867087063746
 1.157222159714114
 1.154686131573205
 1.154312157050231
 1.157243395386118
 1.155773423474042
 1.1482019727746
 1.147800450873726
 1.145970304673717
 1.135520539806641
 1.131392661346335
 1.132031558459107
 1.139313748258336
 1.144068290290578
 1.146983315215978
 1.144674069978138
 1.137535031262302
 1.179446482343441
 1.159255090712228
 1.143768087670005
 1.144479798805106
 1.158954533655346
 1.161765383449464
 1.165349339697717
 1.142833161215378
 1.175489121938148
 1.151514005441899
 1.132447307348895
 1.134900586864784
 1.13443594676014
 1.146384581469322
 1.151034549205996
 1.154059577665024
 1.135741495661566
 1.138018436983744
 1.16309652362838
 1.156747791353016
 1.146380849810789
 1.145136898913053
 1.133701168511058
 1.130943136962043
 1.133135056202784
 1.138185443730374
 1.135125128446215
 1.135796231839302
 1.130163848226147
 1.128250370762327
 1.125488071255988
 1.139066545171544
 1.169502157286893
 1.14275017915284
 1.122413308706802
 1.123795266917425
 1.123369785982613
 1.136715743013601
 1.122967697102229
 1.121842543772215
 1.120282441723303
 1.125752815450944
 1.12108766306878
 1.120413355641241
 1.124002536517505
 1.114188050166326
 1.162767364509306
 1.163136133508599
 1.156069265168982
 1.148207558536497
 1.157966425256321
 1.168065742793877
 1.145174502089927
 1.147141447415787
 1.153895574298155
 1.14991440439739
 1.139042241308182
 1.136184892012784
 1.145938844496367
 1.155680060207953
 1.151438289136129
 1.17268932396408
 1.160989416617436
 1.153263120102404
 1.156266853010375
 1.114697494453087
 1.112584931657915
 1.105701503361532
 1.121513866450921
 1.115072822705759
 1.118365089048649
 1.113681600712832
 1.121922737118624
 1.122235827913187
 1.111250103963207
 1.11680957517997
 1.137855381464258
 1.127885859706363
 1.108506038915734
 1.111840496458395
 1.129843743130556
 1.130875901503771
 1.122085097924683
 1.114318889227505
 1.115866235708429
 1.120504757254722
 1.118871237908902
 1.123881893501567
 1.115146510824358
 1.124021448628085
 1.109948137889246
 1.107804637660811
 1.116742328845719
 1.119728976627076
 1.103066949664248
 1.107771647128268
 1.08727691179572
 1.091061927060692
 1.094900211969715
 1.097108069058069
 1.095288516275458
 1.111514689716174
 1.101303241345961
 1.109729245525304
 1.114002683166162
 1.112025823227504
 1.101533518007705
 1.117952147652212
 1.124046269682153
 1.112539636040642
 1.106400996828227
 1.111612034088302
 1.116759959921923
 1.10338610065968
 1.110135155886587
 1.105020326323046
 1.107197090669485
 1.094322095541497
 1.098213035944239
 1.093705126802425
 1.104078561497265
 1.109171543854355
 1.09878460202382
 1.101641545656923
 1.097252339920086
 1.095449476797642
 1.08864199577365
 1.09259294772785
 1.10674195826924
 1.113857236879508
 1.111083040133878
 1.103228589571129
 1.091909170840191
 1.091598024920329
 1.082390329237172
 1.077598583317156
 1.078832161952466
 1.096821458401642
 1.110147621438946
 1.108295132225698
 1.118521031666151
 1.123303358432616
 1.131963454030053
 1.109752611605561
 1.109201005655032
 1.099248167089132
 1.102090038513709
 1.121589898482334
 1.104397850673271
 1.096804119318886
 1.091275172678401
 1.094289332620314
 1.09054061127636
 1.096126889037169
 1.098428055323169
 1.093829082909098
 1.09226595662926
 1.092769628606795
 1.093745505830935
 1.096488275606116
 1.088551451491198
 1.08925939382305
 1.091686328015285
 1.08825006177842
 1.103881766348987
 1.089144203291611
 1.083067221932127
 1.089933530825486
 1.086952404006527
 1.095043676294407
 1.104386683926553
 1.107296694462627
 1.099473395000181
 1.104240159641716
 1.101318488144283
 1.095822661145541
 1.111989032270255
 1.094408000619874
 1.102621804539243
 1.098720257690537
 1.102379888362715
 1.10219841339551
 1.091752030383316
 1.099745881955132
 1.094694972935971
 1.079322491494072
 1.082481546651714
 1.087924418728128
 1.091048492062588
 1.106646927051704
 1.094968038017573
 1.096612378409673
 1.108521868659167
 1.111592928757701
 1.116090641307451
 1.120268892663513
 1.111505577447195
 1.127614714067687
 1.107001495646066
 1.119496240086795
 1.121258694687266
 1.122765980198778
 1.098696775784403
 1.115552843752731
 1.118385391501308
 1.112767050483491
 1.103918560147075
 1.115880758472505
 1.11722825155107
 1.104089650876583
 1.100904629739174
 1.109480727682645
 1.110135828136382
 1.109916418935069
 1.107558370017094
 1.074383003109212
 1.079341792277338
 1.086258345880082
 1.078579684591663
 1.078538149519981
 1.075452078119614
 1.075152646961609
 1.066869285251364
 1.056901161179077
 1.068195221557037
 1.063983196714157
 1.07175557569961
 1.064123579232548
 1.080535633635271
 1.086887046881247
 1.062593072346786
 1.060625437116742
 1.071976621541573
 1.068969527370078
 1.064707379645316
 1.048046658678248
 1.046892465728477
 1.061831184081062
 1.068919511154436
 1.062257071659624
 1.061267812783192
 1.087101513510313
 1.08144121205712
 1.066049502916275
 1.056990878263227
 1.055617170861553
 1.057964730935037
 1.052271386486618
 1.057195652675397
 1.074306832716545
 1.062139434885244
 1.066542380055602
 1.064530296124097
 1.082383834527
 1.074222979578273
 1.074235083531592
 1.075082867588414
 1.102975739152
 1.064455203342132
 1.062680977833335
 1.061279343245691
 1.084524854054507
 1.074212712217276
 1.067974319224059
 1.069990652681712
 1.080138493126122
 1.083020493111839
 1.06678130820452
 1.070398062999213
 1.074715537934893
 1.075701693264386
 1.088706540637606
 1.069534457058309
 1.063262544740815
 1.064130969034362
 1.073647395631537
 1.060012367760732
 1.088680398979335
 1.079021188555154
 1.063828576046424
 1.074762564985523
 1.078057725438391
 1.071168378912968
 1.065225429831637
 1.06439359883128
 1.081835530344405
 1.077687965230951
 1.081855218348553
 1.06507394565666
 1.068727456963294
 1.074361593003944
 1.071622618555
 1.058151917676964
 1.072531791555058
 1.047101691428392
 1.068975140139477
 1.068134589397276
 1.055819623835836
 1.062579243711022
 1.06471800219103
 1.052274224322208
 1.059578199899237
 1.054457966538475
 1.056048215127455
 1.062630664177111
 1.068030974795696
 1.062281824028666
 1.061866397908654
 1.073983730434826
 1.067886261399091
 1.068422240009704
 1.075120169529641
 1.057246958325621
 1.084592202754699
 1.077558707016629
 1.085536518810402
 1.087922343288174
 1.057082697916212
 1.063810313155028
 1.06213887206507
 1.065063137576447
 1.066622344221255
 1.06211247253916
 1.082569184711058
 1.059018585052954
 1.055312839175977
 1.064097077533247
 1.066268214078373
 1.080097883585856
 1.076041724731235
 1.060284173023041
 1.067900108466231
 1.05959024852923
 1.064895643626366
 1.05835879383918
 1.074074085272104
 1.077618032679025
 1.057927550335766
 1.082271226958462
 1.085264410481378
 1.090200401497908
 1.082694743940348
 1.059618796831165
 1.058677060443002
 1.073024927483478
 1.093881430796203
 1.059027753409788
 1.062319229593387
 1.089545976752403
 1.074948222193924
 1.054984320743231
 1.060405722023091
 1.055035284775739
 1.074077527852688
 1.053297797919571
 1.062098354542401
 1.055134977013918
 1.074999997052605
 1.080289900100026
 1.047065457342986
 1.060817749266327
 1.080685743474135
 1.047584724865547
 1.053131057568659
 1.063115334633804
 1.056469547123582
 1.055029460081825
 1.048315074156221
 1.067332134988316
 1.073636546746853
 1.07177421670592
 1.041333195331944
 1.065370997382158
 1.072761045479306
 1.063933770286442
 1.071790018279844
 1.082772278956375
 1.041729213270921
 1.061603826068322
 1.072630743185322
 1.071067477825077
 1.059914292017291
 1.041041700161948
 1.066703534695458
 1.053903955251303
 1.069417451535631
 1.07002698875864
 1.036155671702729
 1.046114293061292
 1.057635471564805
 1.061499781382691
 1.064091487785894
 1.056477512404869
 1.069704830741129
 1.067044480513079
 1.035751762246544
 1.052978124766339
 1.055842426080328
 1.073497563865689
 1.038967217837532
 1.041809977257667
 1.062929126832327
 1.062894293368892
 1.031575756645787
 1.038099210991955
 1.07023430343268
 1.085355905847233
 1.065957909860641
 1.073013594091551
 1.059090753704908
 1.033267045680138
 1.049701912863436
 1.072391299382774
 1.04740208853207
 1.068379056979195
 1.068865722140022
 1.036915282108132
 1.055444584968276
 1.064201809758161
 1.084308376525175
 1.068840621072938
 1.064534406025397
 1.072936805180553
 1.080407951317048
 1.042353745278659
 1.028488380212898
 1.041780446254934
 1.053380632999341
 1.054289196489866
 1.043960302790754
 1.06216286877643
 1.069995820094207
 1.077733838036885
 1.041978478809315
 1.076798394149814
 1.067010500284762
 1.065337238359131
 1.070445522672709
 1.057516675669773
 1.06238274967352
 1.055311185267404
 1.045865326993487
 1.051409774869053
 1.046020642039409
 1.033234029898707
 1.031941151279351
 1.034666195936121
 1.031530790842381
 1.04235370395381
 1.049077694716428
 1.054275145982609
 1.063136516539176
 1.032087442903042
 1.026846660082562
 1.046320601907833
 1.075481555979652
 1.065418925127322
 1.032265893348555
 1.053117580265731
 1.046952819979016
 1.039072693375578
 1.053730716659699
 1.030177978694158
 1.025911278523921
 1.061263459288669
 1.04242624833467
 1.037673426741044
 1.051964122258024
 1.029028158702296
 1.032072989308167
 1.028546722227003
 1.036207188345216
 1.031987884490791
 1.043825873132074
 1.041724710225517
 1.04407093754101
 1.051657278395803
 1.028927248345731
 1.057911403020896
 1.050923003068425
 1.053430746657074
 1.040504874126488
 1.045581207080556
 1.025626718604033
 1.040718462414385
 1.042026483256891
 1.036919182483299
 1.052073430681287
 1.063995840017669
 1.063958594242807
 1.028073254781182
 1.040187812628243
 1.045595168903301
 1.046646835017813
 1.046330772349004
 1.027331559552498
 1.031259167423978
 1.027885375394511
 1.046483289556052
 1.042681609500362
 1.052886163263776
 1.03234900369319


# name: iter_improve
# type: matrix
# rows: 1026
# columns: 1
 1
 18
 28
 31
 46
 51
 52
 57
 80
 115
 223
 251
 252
 287
 289
 293
 316
 338
 340
 353
 384
 488
 505
 560
 610
 637
 638
 644
 648
 653
 657
 665
 669
 670
 678
 691
 692
 699
 707
 710
 711
 712
 716
 722
 731
 749
 762
 763
 800
 815
 819
 836
 860
 884
 938
 945
 972
 975
 993
 1000
 1002
 1008
 1014
 1018
 1022
 1024
 1026
 1029
 1045
 1049
 1061
 1082
 1086
 1088
 1090
 1091
 1110
 1138
 1150
 1189
 1242
 1299
 1305
 1391
 1473
 1526
 1548
 1585
 1590
 1591
 1596
 1615
 1660
 1661
 1672
 1727
 1793
 1883
 2000
 2009
 2016
 2017
 2033
 2044
 2045
 2047
 2048
 2081
 2143
 2152
 2161
 2163
 2168
 2208
 2214
 2221
 2226
 2230
 2241
 2242
 2249
 2260
 2286
 2306
 2331
 2543
 2723
 2835
 2843
 2856
 2910
 2927
 2941
 3000
 3001
 3008
 3021
 3036
 3047
 3058
 3079
 3081
 3083
 3097
 3099
 3102
 3110
 3118
 3134
 3143
 3158
 3167
 3175
 3182
 3243
 3265
 3316
 3334
 3394
 3399
 3459
 3512
 3527
 3616
 3624
 3679
 3683
 3698
 3759
 3762
 3763
 3765
 3876
 3877
 3913
 3957
 3983
 3991
 4000
 4010
 4011
 4033
 4035
 4039
 4042
 4046
 4050
 4056
 4136
 4140
 4143
 4203
 4214
 4227
 4231
 4258
 4318
 4384
 4386
 4392
 4427
 4439
 4463
 4480
 4514
 4921
 4945
 4959
 5000
 5003
 5006
 5016
 5027
 5051
 5056
 5064
 5067
 5078
 5099
 5105
 5162
 5169
 5346
 5400
 5628
 5648
 5654
 5675
 5741
 5875
 5903
 5906
 6000
 6019
 6020
 6022
 6030
 6042
 6050
 6051
 6057
 6062
 6065
 6068
 6069
 6098
 6167
 6198
 6201
 6227
 6237
 6239
 6258
 6485
 6513
 6636
 6666
 6693
 6786
 6819
 6915
 7000
 7002
 7005
 7015
 7021
 7067
 7100
 7125
 7175
 7179
 7185
 7187
 7280
 7488
 7560
 7715
 8000
 8001
 8004
 8006
 8007
 8019
 8021
 8034
 8058
 8079
 8108
 8117
 8130
 8131
 8150
 8254
 8545
 8563
 8570
 8571
 8590
 8675
 8710
 8730
 8733
 8749
 8753
 8762
 8763
 8783
 8811
 8845
 8874
 8911
 9000
 9006
 9013
 9014
 9019
 9060
 9071
 9088
 9109
 9115
 9135
 9156
 9160
 9186
 9220
 9379
 9472
 10000
 10011
 10018
 10019
 10022
 10050
 10103
 10142
 10146
 10192
 10206
 10208
 10217
 10276
 10389
 10437
 10469
 10581
 10582
 10766
 10790
 10809
 10895
 11000
 11002
 11008
 11021
 11028
 11056
 11120
 11255
 11297
 11366
 11431
 11645
 11800
 11805
 11882
 11886
 11930
 11975
 12000
 12020
 12021
 12022
 12064
 12079
 12096
 12098
 12099
 12103
 12107
 12137
 12210
 12236
 12302
 12354
 12404
 12416
 12429
 12456
 12484
 12697
 12805
 12820
 12874
 12959
 13000
 13016
 13023
 13037
 13038
 13069
 13987
 14000
 14001
 14018
 14020
 14029
 14032
 14037
 14042
 14055
 14075
 14098
 14106
 14139
 14224
 14271
 14404
 14486
 14499
 14550
 14629
 14760
 14903
 14926
 14947
 15000
 15002
 15020
 15033
 15087
 15124
 15215
 15218
 15398
 16000
 16003
 16004
 16063
 16066
 16075
 16124
 16512
 16524
 16846
 16874
 17000
 17003
 17006
 17041
 17079
 17094
 17322
 17335
 17371
 17398
 17447
 17492
 17493
 17521
 17558
 17611
 17775
 17804
 17815
 17892
 17896
 18000
 18081
 18087
 18114
 18133
 18146
 18160
 18173
 18312
 18373
 19000
 19013
 19016
 19019
 19023
 19030
 19031
 19032
 19037
 19046
 19090
 19123
 19130
 19145
 19161
 19208
 19241
 19301
 19340
 19400
 19427
 19508
 19509
 19576
 19586
 19923
 20000
 20007
 20012
 20014
 20015
 20038
 20039
 20041
 20066
 20097
 20101
 20267
 20307
 20424
 20502
 20733
 20744
 20763
 20807
 20923
 20942
 21000
 21020
 21036
 21272
 21378
 21402
 21469
 21713
 22000
 22003
 22015
 22019
 22029
 22036
 22100
 22240
 22364
 22622
 23000
 23004
 23005
 23017
 23020
 23026
 23085
 23109
 23171
 23214
 23257
 23464
 23501
 23629
 24000
 24004
 24006
 24008
 24053
 24078
 24156
 24243
 24407
 24731
 24775
 24854
 24938
 24974
 25000
 25008
 25013
 25023
 25026
 25030
 25044
 25055
 25070
 25075
 25094
 25119
 25125
 25135
 25154
 25232
 25311
 25756
 25957
 26000
 26003
 26013
 26132
 26136
 26151
 26204
 26244
 26264
 27000
 27004
 27008
 27009
 27052
 27145
 27159
 27380
 27389
 27566
 27592
 27608
 27647
 27763
 27892
 27961
 27966
 28000
 28022
 28046
 28062
 28237
 28377
 28507
 28533
 28654
 28667
 28677
 28757
 28922
 28965
 28988
 29000
 29003
 29029
 29050
 29055
 29096
 29105
 29721
 29840
 30000
 30014
 30031
 30052
 30278
 30378
 30601
 31000
 31019
 31286
 31693
 31822
 31896
 32000
 32003
 32030
 33000
 33029
 33318
 33462
 33470
 33477
 33563
 33647
 34000
 34012
 34338
 34763
 34834
 34904
 35000
 35015
 35046
 35279
 36000
 36002
 37000
 37112
 37327
 37762
 38000
 38066
 39000
 39055
 39203
 39232
 40000
 40032
 40273
 40285
 40402
 41000
 41107
 41319
 41353
 41485
 41994
 42000
 42076
 42332
 43000
 43044
 43630
 43645
 43691
 43773
 43909
 44000
 44043
 44057
 44080
 44170
 44230
 44446
 44558
 45000
 45008
 45041
 45190
 45328
 45378
 45589
 45646
 46000
 46258
 46375
 46453
 47000
 47004
 47127
 47171
 48000
 48398
 48946
 49000
 49003
 49075
 49122
 49582
 49870
 50000
 50052
 50116
 50159
 51000
 51353
 52000
 52135
 52241
 52550
 52831
 53000
 53003
 53021
 53060
 53078
 53290
 53470
 54000
 54003
 54022
 54024
 54127
 54148
 54432
 54445
 54753
 54974
 55000
 55003
 55009
 55032
 55070
 55100
 55233
 56000
 56018
 56211
 56213
 56273
 56582
 56641
 56749
 57000
 57003
 57007
 57020
 57035
 57085
 57223
 57296
 57364
 57589
 57692
 57871
 57917
 57923
 58000
 58012
 58013
 58016
 58072
 58076
 58206
 58244
 58491
 58739
 58755
 59000
 59017
 59099
 59103
 59126
 59178
 59266
 60000
 60034
 60065
 60087
 60098
 60358
 60378
 60434
 60535
 60537
 60554
 60727
 60801
 60806
 60883
 60982
 61000
 61005
 61034
 61068
 61234
 61746
 62000
 62142
 62158
 62335
 62825
 63000
 63221
 63256
 63262
 63427
 64000
 64027
 65000
 65077
 65199
 65228
 65736
 65877
 66000
 66333
 67000
 67002
 68000
 68064
 68074
 69000
 69116
 69395
 69559
 69680
 70000
 70012
 70074
 70192
 71000
 71005
 71164
 71177
 72000
 72010
 72275
 72314
 73000
 73070
 74000
 74139
 74227
 75000
 75133
 75278
 76000
 76102
 76158
 76240
 76430
 77000
 77009
 77089
 77154
 78000
 78042
 78078
 78287
 78352
 78631
 79000
 79058
 79158
 79242
 79264
 80000
 80017
 80195
 80256
 80657
 81000
 81002
 81092
 81097
 81381
 81580
 81645
 81742
 82000
 82011
 82160
 82664
 83000
 83075
 83087
 83172
 84000
 84003
 84017
 84128
 84535
 84734
 84803
 85000
 85028
 85112
 85172
 85229
 85521
 86000
 86165
 86337
 86442
 86448
 86660
 86826
 86899
 87000
 87022
 87052
 87099
 87228
 88000
 88030
 88150
 88244
 89000
 89013
 89079
 89083
 89204
 89253
 89267
 89284
 89344
 89453
 89845
 90000
 90045
 90185
 90242
 90260
 90455
 90747
 90834
 91000
 91099
 91124
 91472
 91524
 92000
 92002
 92107
 92295
 92298
 93000
 93056
 93059
 93080
 93166
 93289
 94000
 94064
 95000
 95078
 95084
 95222
 95223
 95461
 95708
 96000
 96037
 96553
 96576
 96705
 96728
 97000
 97013
 97057
 97134
 97302
 97396
 97462
 98000
 98001
 98026
 98516
 98786
 99000
 99024
 99036
 99749
 99762
 99765
 100000


# name: optim_start
# type: scalar
637


# name: optim_steps
# type: matrix
# rows: 1
# columns: 101
 26 60 99 134 179 209 233 262 278 312 329 352 370 396 403 427 436 447 468 478 504 525 533 543 557 571 590 599 616 631 640 647 653 656 664 670 674 676 680 682 686 691 697 700 707 715 723 727 731 734 740 744 746 751 758 768 775 783 797 808 815 831 837 842 847 849 855 857 859 862 867 871 875 879 881 884 887 892 896 902 907 912 920 924 928 935 941 949 954 958 969 977 982 987 993 995 1002 1008 1015 1020 1026


# name: VPVP_params
# type: scalar struct
# ndims: 2
 1 1
# length: 8
# name: lambda
# type: scalar
300000000


# name: downsample
# type: scalar
10


# name: MaxIter_X
# type: scalar
200


# name: MaxIter
# type: scalar
50


# name: optTol_X
# type: scalar
1e-06


# name: progTol_X
# type: scalar
1e-10


# name: optTol_aW
# type: scalar
0.0001


# name: progTol_aW
# type: scalar
1e-07




