# Created by Octave 3.8.1, Wed Nov 29 15:59:41 2017 ART <gabrevaya@ws14.labo1>
# name: y_start
# type: matrix
# rows: 15
# columns: 1
 0.133437218056828
 2.430080531775497
 0.07645058801018803
 0.1859488406658172
 1.959056505989327
 0.2442516791295475
 0.7695894966791127
 1.689312749455966
 0.09123246966174957
 -0.2539002435124241
 -0.8119739745343529
 1.437684926109348
 -0.9695697381476455
 -0.9594197050576012
 0.5439377976209202


# name: alphas
# type: cell
# rows: 1
# columns: 3
# name: <cell-element>
# type: matrix
# rows: 15
# columns: 1
 0.5710764177291698
 0.9231166510481476
 0.3266718382505113
 2.133525870184174
 1.204911984300365
 -0.01933369072532434
 1.035762479616099
 0.03564075306526503
 -0.7538389247439846
 1.790582861587958
 0.2448675281508997
 0.4763555260628443
 1.666427100824506
 1.263408429468629
 -0.2127111930826581



# name: <cell-element>
# type: matrix
# rows: 15
# columns: 1
 1.90807956852801
 0.4555175579293788
 1.200906687292707
 1.433009684099
 0.9531057310993968
 1.159447456470248
 1.195641199330159
 0.9324193409435995
 1.15900602613081
 0.7691405249589864
 1.985571855332614
 2.548510388007649
 0.797807873469543
 0.2055691488228529
 0.5867781357705323



# name: <cell-element>
# type: matrix
# rows: 15
# columns: 1
 9.77299224415146
 11.52219260823816
 11.20050899693014
 10.24303291742049
 10.80300131331473
 11.81733930438575
 11.89157109447421
 11.18900771846095
 11.83474819878859
 10.5474271261116
 11.63508213714873
 11.27700451941973
 10.73417661754188
 13.37251921986627
 12.16841060735404





# name: W
# type: matrix
# rows: 15
# columns: 15
 0.02515192885623451 0.02752192014468207 0.1616677431721521 -0.3709073694776586 -0.4186693294094881 -0.2301840295413388 -0.04348153508421559 -0.1888278543416332 -0.1777638408031967 -0.4014464691137666 -0.03051101845004821 -0.2349151179386278 -0.4837642921061653 -0.2189070548518499 0.6594352192361737
 0.2322390574451619 -0.0965826620598314 -0.1860077961340522 -0.1858825471914352 -0.05623287350557449 -0.246050251221845 -0.003206030509838328 0.1422344719027484 0.154787569727234 -0.08127755530284597 0.2129293446672091 -0.2315298849409446 0.09931520849371138 0.6460712465851987 -0.6239674756687293
 -0.004578279831710825 0.01857181998435174 0.004717810726186875 -0.0445379396346627 -0.05406215259849061 -0.1196701917127771 -0.2166450589617714 -0.1928417978183445 0.1590761065263078 0.2142679878039245 0.11863672125768 -0.0969082129577154 -0.0570426187722887 0.09340886555327417 0.1421684023389119
 -0.2579058597335515 0.2011008018199387 0.03238950757606273 -0.4784251955006067 0.259203580031811 -0.3802193289328554 0.4702626132654278 0.347952468346205 0.4969918642099519 0.1338393936351429 0.3717576059702226 -0.314191375073229 0.6521447741317702 -0.001978108172633371 -0.0323542064763909
 -0.5804152023390973 0.1243353697487158 -0.1500886977567463 0.3254004183950204 -0.2157685395384339 0.1736263961987471 0.5550399649796557 0.1177323458047417 0.3752093375064344 -0.04716649706025169 -0.01220345076107776 0.4965522708740531 0.3595064163200538 0.41173425612734 0.07487630286266093
 0.0434774067041863 0.09156878079951543 0.0249039176988119 -0.189854269869104 -0.08001011123914849 -0.1735134560201196 -0.07130013313712619 -0.01804248718450017 -0.05923326693516837 0.1862970809709542 -0.008269683406318779 -0.1119658807175717 -0.04080164324585377 0.2396820255416995 -0.1847342613399305
 0.2240308285723222 -0.005653407710286077 -0.1109703641743528 -0.4160054705294226 -0.2532934724757265 -0.3206423541295476 -0.2967210735991815 -0.05548165312516106 0.05542394092935229 0.4325578346958263 0.08430053122723313 -0.2316564151112108 0.2995927718325186 0.2450250730065291 -0.7228848028512165
 0.1022788972570071 -0.05563171525687513 -0.1616382798861839 0.328472528076227 0.2290038245788194 0.1778279692640509 -0.08022720135799104 0.2099005208259224 0.1078112106136033 0.5707822184561993 -0.2199244513263387 0.1962003876697146 -0.04576126070553719 -0.101759939539942 -0.1126624174742783
 0.02103556682384623 0.05544979734640177 0.03467187088416584 -0.0297322562776569 -0.150433518369431 0.006157620703899318 0.2515279959232907 -0.07944860986348627 -0.0599321944118203 0.06193797179911538 0.2917329352144681 -0.09866373254792911 -0.08935584299471815 -0.2687369251022969 0.3985618168849491
 0.07783363171572841 -0.07041413767290228 -0.06138869298183563 0.09829723347685407 0.1516462372353914 0.08091304622781852 -0.0113696567949217 0.1399276682266855 -0.2143728111806519 -0.2502908033523437 0.1105091506481531 -0.1749964799590473 -0.2795005857683829 -0.0296477951767076 0.3572790718721229
 -0.1729096341339337 0.1379579900543159 0.08067418913623199 0.4008245516700687 0.1343502559751725 -0.01479791776616572 0.1215866951402964 0.0509201464454554 0.1346344816013354 -0.0531644224718334 -0.2613850237011068 0.05165672842217566 0.02680627815967846 -0.1201872805994006 0.4184730413258227
 -0.3112305208193741 -0.06187075592491491 -0.005205822025842565 0.128023630688676 0.09307814128261682 -0.1859903540616373 -0.2970515037700523 -0.008255307808319571 -0.07897600699390205 -0.06410753775474362 -0.004330602755963403 -0.3616775294180423 0.03812769274047365 -0.3418762805198288 -0.2117590769149401
 0.3239728698425036 0.2073842685158523 -0.1074018111128531 0.2016235989367144 -0.0112817285063181 0.06467780008286347 0.4449862491919936 0.1233975720338289 -0.1088837240305699 0.05813407571491645 -0.04718634283110999 0.3479156430849287 -0.2021050236813131 -0.001957204927776775 0.5891187213454829
 -0.1834078002132589 -0.1216766281598698 -0.005293897377800551 -0.1179836866661639 -0.1843407435075202 -0.07694452388203679 -0.06838283632196293 -0.973697673570179 -0.2203695031513738 -0.1643725212458816 0.06016101226903701 0.04224704846222774 -0.5537886045815724 0.08524628217386661 -0.1759205171836622
 0.02979415698337155 -0.001359140255807074 -0.0749292558181677 -0.5013936382567912 -0.06302366656474076 -0.2123689027200139 -0.02663138872013597 0.1885328321889608 0.1444452667286077 0.3369197013473494 0.1587533179864374 -0.2642588917456797 0.2948787671605685 -0.4392318026068183 -0.6400510637650877


# name: iter
# type: scalar
100000


# name: c
# type: matrix
# rows: 1
# columns: 15
 NaN NaN NaN NaN NaN NaN NaN NaN NaN NaN NaN NaN NaN NaN NaN


# name: mean_corr
# type: matrix
# rows: 1089
# columns: 1
 -0.1413662941834251
 -0.1401906473619715
 -0.1385768892900047
 -0.001107992233395225
 0.01277483566165943
 0.0206659483813212
 0.056551494898454
 0.0744592682378226
 0.0807484264251668
 0.08226129743282312
 0.359175185920352
 0.3112971811644975
 0.3007393546995173
 0.3031062561195599
 0.3083566618958412
 0.3042983613436389
 0.3049971180244673
 0.3046278025720861
 0.2987341268887626
 0.2769306884113788
 0.2735427763211235
 0.2487292203065282
 0.2667880313466913
 0.266114308673932
 0.2639641309573443
 0.2564126342917158
 0.2445478421399407
 0.2519146309682607
 0.2541349872958393
 0.2604087295851119
 0.2589396231844073
 0.2469688983931852
 0.2663457575255602
 0.2593573385835115
 0.2549774685792418
 0.2468404661193609
 0.2416509850620433
 0.2382302158795999
 0.2374586196304785
 0.2339685074620486
 0.2344282007509597
 0.236204350937489
 0.2324027164688162
 0.2394998874650265
 0.2367365441166931
 0.2324750692821708
 0.2350901413846676
 0.2359062249781208
 0.2312762777502815
 0.2341295447077679
 0.2384729819087314
 0.238454685858119
 0.2346411909073104
 0.2346439030043883
 0.226044737193248
 0.2279882455644985
 0.2253191642788821
 0.2102529810224842
 0.2063570998685732
 0.2054405192315487
 0.2026482787557058
 0.2088262610614985
 0.2130764876354465
 0.2112203612546956
 0.2080443627715384
 0.2106041868286515
 0.2170858548919228
 0.2169839238247739
 0.2254507538414348
 0.2265596634421094
 0.2300018616463515
 0.2326670617428401
 0.2746710256096869
 0.2708429588293713
 0.2661295347603811
 0.2593570016655569
 0.2560149238141333
 0.2548300108206802
 0.2391220590905462
 0.2429462084637647
 0.229972848878545
 0.2385087311800163
 0.2491793865825666
 0.2476980590753044
 0.2489937947039527
 0.2490067191270425
 0.2705421567610724
 0.2586186801181433
 0.2779798459754495
 0.2807828703740908
 0.2786502941249797
 0.2917782474994475
 0.2968287005285911
 0.2919029340281228
 0.3037697676297402
 0.2978953048816247
 0.3051946730208703
 0.3061586619506438
 0.2957269532972134
 0.2997284142899466
 0.2990446177760452
 0.2990106809205152
 0.290149014026685
 0.2923479535668108
 0.2947127985045225
 0.289971273596138
 0.4276394365525855
 0.4219845832843059
 0.4189534223069506
 0.4136721381673226
 0.4043817176192546
 0.4020471846090627
 0.3837366930586279
 0.3890240547989423
 0.3892148129749022
 0.3895170555511317
 0.3896040225174739
 0.3795985953856497
 0.3783475556259546
 0.3730280536060445
 0.3603963822596224
 0.3562226822643565
 0.3535548157368265
 0.350889104888895
 0.3508587317819968
 0.3584872644583905
 0.3576526691754242
 0.3571446573946607
 0.3559279782185211
 0.3505935093412457
 0.3501860648992879
 0.3350767818647401
 0.3313582644880642
 0.3320391191424096
 0.3309889743701874
 0.3221220740616994
 0.319335724574288
 0.3191108573868863
 0.321973456678616
 0.3218225972099245
 0.3215182825904871
 0.3232351857690366
 0.3131894816061686
 0.3091922369476949
 0.3143837352213885
 0.315514078443863
 0.3155824700900279
 0.3131781148473612
 0.3241315338543398
 0.316578408275804
 0.3090174846336074
 0.3085977338566588
 0.311669741787312
 0.3083213024848319
 0.3063506029443805
 0.300708504081
 0.2913029217209203
 0.2947670668887076
 0.3010683112582792
 0.3001717178234474
 0.2906674313776765
 0.2903240384993033
 0.2989098637228358
 0.2982639618898428
 0.2992041195164228
 0.2984050180245907
 0.2999910432798615
 0.2970498696401618
 0.2956534276470267
 0.299177576313009
 0.2950615146757162
 0.2917079571196144
 0.2976557057832489
 0.3083645609105589
 0.3086422060743441
 0.3115402833512839
 0.3114786359671768
 0.2918212012430267
 0.2917437958785263
 0.3033859466927362
 0.3147721557567572
 0.3185988388571356
 0.3044601049893702
 0.3026380459256643
 0.2996784437771866
 0.3009159850453175
 0.3078441427686393
 0.3046458565989
 0.3096993653819701
 0.3099436639448862
 0.3110656143753806
 0.3159886503264889
 0.3149100303908342
 0.3071795134628192
 0.3029759824988315
 0.2969233195789623
 0.2918927758896527
 0.2898682497046863
 0.2902090858609991
 0.2903435133569887
 0.2914455333994195
 0.2897600640196242
 0.2897756362438473
 0.2899711056141944
 0.2921949977306566
 0.2942253852151328
 0.2904792800947156
 0.2869495195845044
 0.2891200779622066
 0.4648020572257035
 0.4603307105622748
 0.4565721349587373
 0.4557608606619663
 0.4317369398633192
 0.4325402438119043
 0.4290691899310308
 0.4290271274759157
 0.4289260938341393
 0.4154197622632466
 0.4160818177412147
 0.4123943532371011
 0.4064047804792926
 0.4072786343244968
 0.405776134212622
 0.3978692093863633
 0.3950367524894604
 0.3946341531786687
 0.3886798906716685
 0.3988158925049672
 0.3933318839716413
 0.3922767644662276
 0.3833886056457229
 0.3825605076597215
 0.3669133953185459
 0.3705037385461157
 0.3743006719731184
 0.3703523761110754
 0.3596168898649875
 0.3606755195228795
 0.3574133467078011
 0.3505747943568583
 0.354761114367156
 0.3529807209392024
 0.3598161045677479
 0.3457054886555594
 0.3454748010476577
 0.3452947764837272
 0.3442204589191721
 0.3441527033463029
 0.3360683439018898
 0.3521096865433349
 0.3538333375772031
 0.3496187096423246
 0.3436419125409484
 0.352622862017041
 0.3402672215354695
 0.3480175332274232
 0.3513727558352779
 0.3483799373055216
 0.3449531707639098
 0.3465463176240779
 0.342795894336042
 0.347803282896645
 0.3485984634484335
 0.3523673328833385
 0.3432719495799466
 0.3323428964013534
 0.3291851425867163
 0.335014720101838
 0.3337997691836058
 0.3345816812857573
 0.3360207236383346
 0.3360563575438693
 0.3357819827297582
 0.4723000285496722
 0.4661115389211534
 0.4646532192395663
 0.4461893990796447
 0.4442354438736109
 0.4310843778374763
 0.4305133077172196
 0.4299413130670409
 0.4328568133327459
 0.4375328852531316
 0.4348985145892065
 0.4328666291789834
 0.4370612139506047
 0.436023028329598
 0.4313910696060654
 0.434965732784549
 0.4327878991716964
 0.4230280940260993
 0.4194859916334685
 0.4156985913486483
 0.4174287706184918
 0.4217839627703627
 0.4112589687890005
 0.4054389489934849
 0.4089618953930153
 0.3985969432830743
 0.397643250421445
 0.4002889314716386
 0.3996053181009105
 0.3906260922987744
 0.3910011547285501
 0.3885581499601832
 0.3871125411539534
 0.3921822713574037
 0.3947541727654585
 0.395904974097418
 0.3941894973787335
 0.3989831558682153
 0.4003605456999972
 0.3948571102473871
 0.3927506679127682
 0.3922193697081859
 0.3981972248262899
 0.3999237590080289
 0.4064498634902065
 0.4031898683241808
 0.4034527316643569
 0.4059754843334572
 0.407126777735638
 0.4053041503485733
 0.4066569018655988
 0.4071583056022785
 0.406080431268141
 0.401175476548598
 0.3940260927430437
 0.3919361409165534
 0.3930224376998079
 0.4015414774047941
 0.4007343448144525
 0.3936291444817072
 0.3837847420022421
 0.3850913977267862
 0.3820701308764159
 0.3786343187196947
 0.3901887020676869
 0.3896374130594564
 0.3897703508850079
 0.388113723414557
 0.3882632457353162
 0.3926522294142999
 0.3942343676281406
 0.3908561295674278
 0.3883108810981003
 0.3888754302305459
 0.3883374838385634
 0.3925043987706873
 0.3902812117266493
 0.3942551833202443
 0.3965937875877963
 0.3958656707398006
 0.3964092756578454
 0.3997077426049783
 0.4042648589018066
 0.3929709597432057
 0.3928842366555241
 0.3939477713566106
 0.3938009187679112
 0.3951743371935836
 0.4002818682735967
 0.3988553077928138
 0.3962688209688098
 0.3956946134468823
 0.396485659899038
 0.3932462237865486
 0.3933977720783565
 0.3935938548153964
 0.3905520664855394
 0.3893940953981422
 0.3901171745016763
 0.3869240262872019
 0.4833222915644493
 0.4832559355359265
 0.4589920038060497
 0.4570024793968442
 0.4398994217007166
 0.4310459696266805
 0.4338630876779961
 0.4351062494613855
 0.4352426277474242
 0.4338246015051919
 0.4159756096900263
 0.4116749879070605
 0.4122211792091647
 0.4067007254494335
 0.4135004174989754
 0.4110316394940758
 0.4069369332129871
 0.3962235523558727
 0.3990153437445416
 0.400971901176488
 0.4002485547418602
 0.400260286710665
 0.3915013087607858
 0.3921107867702636
 0.3893653567363378
 0.3872470995506989
 0.3826159223601796
 0.3698926303915717
 0.3705608566256784
 0.371483980375206
 0.3701441986938806
 0.3713094222247399
 0.3709832688084946
 0.3727955385661375
 0.3731102269533537
 0.3861090965975778
 0.3962957022519052
 0.3786619106301797
 0.3909636266663739
 0.3912682594651366
 0.3901640818850911
 0.3881611062948865
 0.3884417930424599
 0.3882164910629234
 0.3881615070516661
 0.388087475675816
 0.3881867563505013
 0.3887884080683416
 0.3884861753994494
 0.3855788903329904
 0.3954974173046945
 0.3931343704861708
 0.3935343680633298
 0.3944142161231713
 0.3929909078572532
 0.3911691033218926
 0.3904422052934823
 0.3952103242201995
 0.3945224524536234
 0.4022654102155745
 0.4024421927652547
 0.4031940553765839
 0.4024134449176182
 0.40017647743352
 0.4023791991519356
 0.5041916917171789
 0.4987334948113152
 0.4612284264769962
 0.4554729849005798
 0.467000051049669
 0.4677735730513283
 0.4747533165682543
 0.474127677972142
 0.4559731200599995
 0.4164248683655783
 0.4284784368818505
 0.4295371806352792
 0.4282121695650087
 0.4250255802868123
 0.4251090129922953
 0.4255612642442487
 0.423027420629616
 0.4219179177384864
 0.4211862356858326
 0.4266394008988593
 0.4324713590818464
 0.4320811482527326
 0.4190465378268947
 0.4202024911327314
 0.4209894828361505
 0.420808060482551
 0.4199834450176658
 0.417573278643859
 0.4180302032794359
 0.4234499575851683
 0.4160742257763218
 0.4220510748718233
 0.4291931278724124
 0.4277217871035376
 0.433085611661197
 0.4324158597515687
 0.4329588785636248
 0.4330140794656935
 0.4297331850631088
 0.4265986857487562
 0.4273273522059195
 0.4273053074785273
 0.4254776747084325
 0.4214327980235036
 0.4236874658348349
 0.4252634654452658
 0.4207680123800903
 0.4210002062132518
 0.4212429089281918
 0.4142513021529448
 0.4151115325083018
 0.4150619977288449
 0.413216519643324
 0.4132385169168531
 0.4128426937324838
 0.4164879153895737
 0.4128037182046682
 0.4132193443805353
 0.4124377743602806
 0.4135912820734186
 0.4127554427119214
 0.4126948660256191
 0.4125529755510419
 0.4131261656510171
 0.4128744342880468
 0.4117053925143738
 0.4075180124297403
 0.4059194499335913
 0.4080386426443463
 0.4081241134184926
 0.4073743107950322
 0.4031781190982885
 0.4047731312387068
 0.4040956577442498
 0.4869132608372339
 0.4819834757578877
 0.4805474141978623
 0.4805389962300309
 0.465729613352272
 0.4661465415162256
 0.4644675203862705
 0.459244553048975
 0.4588433085131243
 0.4573719598920986
 0.455226548078211
 0.452860704431744
 0.4538720769476691
 0.4545722287961728
 0.454548424571738
 0.4532630793484954
 0.4555050075834042
 0.4573971126055424
 0.4571112835975213
 0.4569388945235729
 0.4546187277368239
 0.4551092184831812
 0.4573571726983218
 0.4591339762701149
 0.4602498267586453
 0.4597511829993469
 0.4545288006071241
 0.4498040244988001
 0.4493915234758214
 0.4553741649273523
 0.4503462706078556
 0.4498360568801704
 0.449524157705589
 0.4493558445218661
 0.4418513712641703
 0.4526862596021645
 0.4512511730580933
 0.4460266095165553
 0.445856424103766
 0.4472545839756449
 0.4463441906004416
 0.4418765718080985
 0.4417115246890207
 0.440610334501429
 0.4390172320520391
 0.4400892860114013
 0.4432703645856065
 0.4431242777885404
 0.4488005492029096
 0.4492314408257686
 0.4498670055266007
 0.4498183271158345
 0.4427303742990443
 0.4429260963711588
 0.4429566028503931
 0.4433829679216981
 0.4480605346205287
 0.4488355632361957
 0.4542114763869388
 0.4588026678938745
 0.4601998177725543
 0.4572790175250307
 0.4565821281156205
 0.4565009657859252
 0.5062851488289982
 0.4959449598048812
 0.4928343750125714
 0.4723341699617222
 0.468007030156912
 0.4631594793206852
 0.4600705013531303
 0.4586713577115998
 0.4576892107172874
 0.4602479304472695
 0.4587759998641943
 0.4344604054335529
 0.4345104005236018
 0.4402601999426577
 0.4412560751428877
 0.4430051682647745
 0.4357935248898326
 0.4356772895925696
 0.4314788842637413
 0.430120293333957
 0.4290010525175655
 0.4285344789514241
 0.4274896732060569
 0.4260307387211276
 0.4256400003520371
 0.4277868082592119
 0.4282636961442495
 0.4293020696906577
 0.4316544143784604
 0.4311996610140761
 0.4347603910550746
 0.4370271005306694
 0.4349197149117022
 0.4321161509184785
 0.4306303722293173
 0.4352959657370808
 0.4363071230263689
 0.4370988747807513
 0.4370913302782647
 0.4545687113209204
 0.453242657177536
 0.4523474756143962
 0.4529921201629421
 0.4510473516055154
 0.4514134428787457
 0.4535166378548883
 0.4532669327948954
 0.4548875915641836
 0.4549932000271498
 0.456377153676672
 0.4627507702116142
 0.4616441940292992
 0.4550206199340091
 0.4525570844013252
 0.4575427440191431
 0.4630423501804244
 0.4648136834716595
 0.4828750468301832
 0.4851785522016853
 0.4855984692186739
 0.4861316954503037
 0.4867622212249261
 0.4861640931584732
 0.4860549550196516
 0.4852731071028926
 0.4862381015887713
 0.4861354082091513
 0.4832714204469618
 0.4824668749238339
 0.480969667762144
 0.4813172404020515
 0.4815273123218766
 0.4825322815801547
 0.4836777651453208
 0.4824747483697428
 0.4819922059202399
 0.480050802784807
 0.4781511308772161
 0.4753103238842424
 0.477070206453343
 0.4758259470704912
 0.4780542612268243
 0.4781932495599738
 0.4793466470300694
 0.4783723531260131
 0.5002909998522241
 0.4962652009344428
 0.4919882447911121
 0.4961671882532231
 0.4952890157784905
 0.4952154698420195
 0.4748152425680622
 0.4765172514813428
 0.4782158145321471
 0.4780270271379363
 0.4785810165712464
 0.4785610805097345
 0.4782344787116887
 0.4791186912381161
 0.4782005524886342
 0.4782555559004004
 0.4779621454493491
 0.4779403997375568
 0.4778256601077494
 0.4789118437775171
 0.4787226284286166
 0.4784940708243228
 0.4787991056221898
 0.4996264718449595
 0.4969081425520401
 0.4971597428367617
 0.4972819224733678
 0.4976404033162108
 0.4963282240201771
 0.4947123613082013
 0.4932101856691553
 0.4941075093857065
 0.494028202520607
 0.4943868742578372
 0.4965460257767008
 0.4968113019065454
 0.4967600480333448
 0.4975223476444537
 0.4984826081845756
 0.4988881462292767
 0.499575339378198
 0.4938966420052761
 0.4954891425637418
 0.49837560791367
 0.4977339656446481
 0.4978978208582436
 0.4962234775977986
 0.498956278527617
 0.5001634159365783
 0.5002916013811131
 0.4980069350426513
 0.4986137506493259
 0.4982302045425339
 0.4982043531857975
 0.4969248226345929
 0.4968661732186921
 0.4961833389431012
 0.4959496748122433
 0.4960360479391105
 0.4967502741398737
 0.4957907248220798
 0.497571196601787
 0.4981508568191496
 0.4978991162739911
 0.4991650469644474
 0.4993724203320798
 0.4989982082201116
 0.4991657609877571
 0.4983155583105452
 0.4969399480471251
 0.5065727501965187
 0.5072163309494413
 0.5081760982451144
 0.5082239100860352
 0.5080744111027967
 0.5092098028474514
 0.5044252017014058
 0.5051998371596447
 0.5041284077862682
 0.5075106918548797
 0.5071782689071502
 0.5078286872132699
 0.5070944071276543
 0.5020045057472726
 0.5082915559038447
 0.5042338139005338
 0.5038243236481708
 0.5029858622886532
 0.5042355192654617
 0.5038595251871438
 0.5034373530379684
 0.4998470324002318
 0.4982714062491412
 0.4989606676120588
 0.5007483508753335
 0.4991982321914569
 0.4998403848082354
 0.4982728113836226
 0.4986313259152698
 0.4991506635347244
 0.4999759052398642
 0.500996954945529
 0.4980403018919038
 0.4993838282670723
 0.5028415715669666
 0.5034001439025607
 0.5034709923724421
 0.5147571642026415
 0.5151770021204108
 0.5156978051811254
 0.5159048208561469
 0.5167401697195305
 0.5185092842359886
 0.5172803527825405
 0.518681126685821
 0.5190858695025055
 0.5210837896605528
 0.5162170404125938
 0.5155830025124654
 0.5154679030812098
 0.5163865593161079
 0.5138032958353581
 0.5146288848785879
 0.5158588682461326
 0.5102133070707817
 0.5103638519760422
 0.5106399495703989
 0.5107747955973777
 0.5107999299579488
 0.5112262107166577
 0.5087148081603824
 0.5122900320873907
 0.5175028042869628
 0.5022302290142778
 0.5024038680864177
 0.5008604718429901
 0.4980779954976244
 0.4980560117844492
 0.4964864308010845
 0.512671568939296
 0.512483443180389
 0.506167382096738
 0.5075353972882856
 0.5061266877368833
 0.5058366514197165
 0.5070607351486707
 0.5064201854755823
 0.5056653531157315
 0.5060875089188472
 0.5057651896665255
 0.5077303104165473
 0.5086173455125674
 0.5095244957538771
 0.5083730593578065
 0.5189095087084634
 0.5187002062192665
 0.5175003181828184
 0.5188193939991742
 0.5179428044720156
 0.5176941731464288
 0.5195927716102986
 0.5215242970938676
 0.5199489918501327
 0.5207280903530995
 0.5208767465077904
 0.5228150878521282
 0.5285683019217883
 0.5286533997923044
 0.525299117797734
 0.523965172987862
 0.5175113451789766
 0.5186935011681383
 0.5178075947693274
 0.5170797964439886
 0.5177262889313787
 0.5162241526603526
 0.5202783219670806
 0.510232200482569
 0.5103360261686244
 0.5106861202645189
 0.5101677857950092
 0.524615124620752
 0.5248173063838242
 0.5231861812691642
 0.523517554007117
 0.5255920540651697
 0.5255859648542921
 0.5280217910139622
 0.5274674569070321
 0.5271070577524538
 0.5210880085512368
 0.5204229842119441
 0.5197576913317097
 0.519057434882534
 0.5190544096307305
 0.5189378531251326
 0.5162590133960206
 0.526218762529949
 0.5092205433161611
 0.5089336904170322
 0.5184603190400604
 0.5171576905777431
 0.5174325765791494
 0.5198968650490862
 0.5208544773324316
 0.5265016429237647
 0.5067612342414592
 0.5191111440164511
 0.522590469369293
 0.5248104681766151
 0.5379942804652644
 0.5365906241061591
 0.5352876839173578
 0.5398567385135351
 0.5406358560005018
 0.5408602551488747
 0.5442324583887876
 0.5387150226957195
 0.536843503009844
 0.5396879766236764
 0.5412381154492379
 0.5364910897821731
 0.5383191287257508
 0.5246414893745742
 0.5190223264089883
 0.5152000470089652
 0.5242633158915393
 0.5248390613128597
 0.5262580553171681
 0.5220206259529673
 0.5366485371926901
 0.531241075902814
 0.5253119020748485
 0.5350285581784056
 0.5202956645574471
 0.5362942424385309
 0.535936279255769
 0.5408668431244854
 0.533354671290862
 0.5263486756650191
 0.5353711638701463
 0.5304227276279303
 0.5426351313364115
 0.5262253497248347
 0.5293225229070138
 0.5277927208737406
 0.5268305317603024
 0.5302147455930493
 0.5451279396777641
 0.5463143127691291
 0.5449936335205038
 0.5447448905765878
 0.5457487470662242
 0.5475195556849985
 0.5447138020293641
 0.5452277767765938
 0.5444894734132231
 0.544833749234957
 0.5470221462335895
 0.5493694088898431
 0.5513796907439983
 0.5504039675310268
 0.5486170648673656
 0.5436655308206972
 0.5356716751645769
 0.5269909632272337
 0.5333408448452346
 0.5375685380499612
 0.5372100474115074
 0.5392647933476391
 0.5367829817630182
 0.5309142474987647
 0.5347775141276254
 0.5379594877776394
 0.5500147069295274
 0.5529153100980573
 0.5473697039907702
 0.5471437051976034
 0.5407778841908474
 0.5414942349577662
 0.5527135828888249
 0.5580217332407823
 0.5556066035977441
 0.5525866671964345
 0.5500418468286106
 0.5481998573055323
 0.5497962599653672
 0.5487560706523453
 0.5513194507251238
 0.5525728499745306
 0.5513402567419412
 0.5436073075148425
 0.5454500693327106
 0.5517868220161337
 0.5549396102878853
 0.5583430867528133
 0.5582201958683749
 0.5583128023723912
 0.556737358258827
 0.556345162147407
 0.5473177942973521
 0.5483699928957421
 0.5580947287021225
 0.5519528019228923
 0.5487610389064267
 0.5496031205103039
 0.5593799921739536
 0.5650097455330635
 0.5639834045673219
 0.5651516600331224
 0.5584207865227954
 0.5551154207357977
 0.5589547466083997
 0.5592406270318269
 0.560543091956636
 0.562718560674675
 0.5631112743211976
 0.5539429080167612
 0.5467496866046597
 0.5507870726855063
 0.5597433683625822
 0.5608687625710979
 0.5575917535084892
 0.5597451988917108
 0.557333282373624
 0.5550924216371523
 0.5628631194077103
 0.5624571203495202
 0.5603496918490303
 0.5655675603726805
 0.5652220797296382
 0.5629631605981552
 0.5632335958221534
 0.5635744232456222
 0.5616245488223668
 0.56202077514911
 0.5634440946713933
 0.5667214223309945
 0.569010454654593
 0.5669443258430125
 0.5644252959547905
 0.5627751703194634
 0.5609947375449031
 0.5547486356009916
 0.5573380575617131
 0.5660206428950582
 0.557097228801096
 0.5565981638816861
 0.5679725948860568
 0.5729285525782508
 0.568804249696744
 0.5711819306974065
 0.5631734088989104
 0.5596205954488179
 0.5563234472433831
 0.5597333359874603
 0.5508762081552118
 NaN
 NaN
 NaN
 NaN
 NaN
 NaN
 NaN
 NaN
 NaN
 NaN
 NaN
 NaN
 NaN
 NaN
 NaN
 NaN
 NaN
 NaN
 NaN
 NaN
 NaN
 NaN
 NaN
 NaN
 NaN
 NaN
 NaN
 NaN
 NaN
 NaN
 NaN
 NaN
 NaN
 NaN
 NaN
 NaN
 NaN
 NaN
 NaN
 NaN
 NaN
 NaN
 NaN
 NaN
 NaN
 NaN
 NaN
 NaN
 NaN
 NaN
 NaN
 NaN
 NaN
 NaN
 NaN
 NaN
 NaN
 NaN
 NaN
 NaN
 NaN
 NaN
 NaN
 NaN
 NaN
 NaN
 NaN
 NaN
 NaN
 NaN


# name: mean_error
# type: matrix
# rows: 1089
# columns: 1
 1.473467179530427
 1.473707415927372
 1.468745869149224
 1.393970238695162
 1.386265569033458
 1.378399308021522
 1.362680754590986
 1.350221039106229
 1.347715970557036
 1.350779986477924
 1.286799940111099
 1.294744383698949
 1.302180001920828
 1.300989309310286
 1.297876340395975
 1.307049110642361
 1.306729598208538
 1.307530786096971
 1.302624067560106
 1.309440454374649
 1.312008278838335
 1.335974617511261
 1.333369521758786
 1.331816689898492
 1.331533703114921
 1.329220295707212
 1.327521465101971
 1.325546444158926
 1.322828507208581
 1.318963365063491
 1.319884061933731
 1.321693910904563
 1.311032210673508
 1.302676859830575
 1.304756846517893
 1.318207950003562
 1.323133603745693
 1.320049422623419
 1.320923351064094
 1.320550453617124
 1.314892599712491
 1.311133544417074
 1.314523150678394
 1.312393441950643
 1.31432702486457
 1.312024943726813
 1.311524663088137
 1.310212698921986
 1.313898143217406
 1.334095453840275
 1.321006990217879
 1.321063385313901
 1.322023428241391
 1.313592129458213
 1.319404490691967
 1.31920232568169
 1.321678752718574
 1.328339536395937
 1.328958384770281
 1.329798044167067
 1.325662007125537
 1.32328476166093
 1.322389786826295
 1.32333718047725
 1.32639729674751
 1.320468665780444
 1.307784623451387
 1.30552744457394
 1.299897838331156
 1.29914647731272
 1.295068413745745
 1.293574471972258
 1.279038692403527
 1.282795808114997
 1.285817134292793
 1.287599960928297
 1.280228125816539
 1.281914401143035
 1.278402257293068
 1.27319869625223
 1.283555136809831
 1.278666407130164
 1.271612350120059
 1.271208456463955
 1.270993267956589
 1.270970081573233
 1.253712209820035
 1.262765502445684
 1.263410446302124
 1.263020802000697
 1.262586833551285
 1.253973195077253
 1.252547793783669
 1.257805133525051
 1.257276127726548
 1.262497009324315
 1.283086704044294
 1.279372156987769
 1.282708903826672
 1.279284805957802
 1.279520939986035
 1.278681095845066
 1.28364882477003
 1.283188939682063
 1.280976096694194
 1.275949275498348
 1.220090769210102
 1.226053137706619
 1.226048461770793
 1.229689733557948
 1.231713747595677
 1.234749507213846
 1.238439239090009
 1.230327074723336
 1.230503212959012
 1.224051761285793
 1.222469739977585
 1.226079729380468
 1.228402234501558
 1.226491029149199
 1.234763845925291
 1.238754465089391
 1.239126595563311
 1.24037603615605
 1.241088738069929
 1.238669966993847
 1.240785190915398
 1.23888857911139
 1.236995390939408
 1.241277235276999
 1.242000036824052
 1.245471422332474
 1.25150992672096
 1.24997829460775
 1.251947973817481
 1.256221252832878
 1.258930781967022
 1.259379914214988
 1.254573150694947
 1.254646344058363
 1.25491940969509
 1.258119607624194
 1.26834749619126
 1.268536745205829
 1.264276853162664
 1.262810881377714
 1.261851801685879
 1.262380827455162
 1.251088451098732
 1.260451310461456
 1.267231247494647
 1.266663290650071
 1.265114861228643
 1.264792011974435
 1.26620281659752
 1.260220124515782
 1.269433140811749
 1.266389367231937
 1.260821959536881
 1.263919177224572
 1.268273866161826
 1.270207170626954
 1.270914980723941
 1.270888158727507
 1.269009125287497
 1.270399278065791
 1.271720870916025
 1.272062235866791
 1.272843595593431
 1.271531351078028
 1.280048354920637
 1.279830927852007
 1.275142111896276
 1.26310697158349
 1.262469016482739
 1.260492157332575
 1.259709502077346
 1.273314283862792
 1.274171642049659
 1.271327477274431
 1.266962374646211
 1.27082809985166
 1.281261454391513
 1.282023012086833
 1.288706825497915
 1.286803430882126
 1.280471068578481
 1.282121085032855
 1.277855897776767
 1.277505257317175
 1.273515775502102
 1.269384282855028
 1.270982994887133
 1.281044529066382
 1.279065935775544
 1.280972892734754
 1.283724546158584
 1.285997816796654
 1.28525945741535
 1.285801739453138
 1.285446216223638
 1.286223460310807
 1.28561234271857
 1.282723455521285
 1.282179831651818
 1.284315242391845
 1.285666892416961
 1.287295879793417
 1.285168562529631
 1.204170868152744
 1.201507218364428
 1.200762762045058
 1.200270871425157
 1.212048965087677
 1.215075864814769
 1.216519472904394
 1.216625452506586
 1.213545777217736
 1.217163479538417
 1.219634771984876
 1.220934464304823
 1.221497624618912
 1.221980918398045
 1.222770707342517
 1.221116065922552
 1.21886770788941
 1.222009007829279
 1.22285000884969
 1.22348071424765
 1.230257739592644
 1.229686761760711
 1.231080724594211
 1.23236261138638
 1.249270057760268
 1.245181240624904
 1.240500254498301
 1.245544737965324
 1.250388687072077
 1.251410227926645
 1.25181960894592
 1.251822109621155
 1.247258383236671
 1.249985596770887
 1.245484625141118
 1.246621198812436
 1.248406967397533
 1.248173952182773
 1.249606201420351
 1.24946999383536
 1.25110295641469
 1.244862920418924
 1.242176746808602
 1.24505202033045
 1.251811375183945
 1.245602526854089
 1.24342179158608
 1.239512693391088
 1.235839398234629
 1.23740206015493
 1.23382876571969
 1.235274596623579
 1.236868704052146
 1.238323301223464
 1.23844828126412
 1.238582167706834
 1.228306722470418
 1.228836525449879
 1.22882508790007
 1.233012227783439
 1.23236589600899
 1.232621834219872
 1.23128756835054
 1.230874855512121
 1.229617006873955
 1.214106775163905
 1.213416516535182
 1.213667547692278
 1.226536113092362
 1.227640680643131
 1.221824550061996
 1.219268709425322
 1.218994854720115
 1.227054437317396
 1.225367012712957
 1.226870623652211
 1.227925693310199
 1.227763936428911
 1.227316527528125
 1.219851026759452
 1.219911049979102
 1.215785845896901
 1.22653573075239
 1.224872672373658
 1.231893371079212
 1.243186470944701
 1.243924655980121
 1.249027800031061
 1.250728764467205
 1.239245485253293
 1.241685481839735
 1.243172641690667
 1.23594505853737
 1.237206685367551
 1.248078471765695
 1.2505938986693
 1.251497688638169
 1.244842604631446
 1.235269630139878
 1.235602412667527
 1.233815028695171
 1.229875299856084
 1.232432409785637
 1.229378236722412
 1.234711789666275
 1.235490857096488
 1.235719175271771
 1.229361248605038
 1.226317241411736
 1.223866756109008
 1.22221836428205
 1.22074614653231
 1.22753827192155
 1.222772679959015
 1.221849366005603
 1.222552595206104
 1.223684157035037
 1.21980053108805
 1.222651335842019
 1.220926690789648
 1.223793541203083
 1.22259976597084
 1.221720840882945
 1.222384928027547
 1.220620385573632
 1.234402894963021
 1.238680757625184
 1.235361562415378
 1.241119873001114
 1.239655700437637
 1.240966245088224
 1.244490552073461
 1.245201536946993
 1.249939439242309
 1.249711979749051
 1.250115092288758
 1.249703506889567
 1.249296013161947
 1.24802961850222
 1.245745714848915
 1.2486411702086
 1.25208575027136
 1.246288537032278
 1.250082043536503
 1.249887619640956
 1.25009359441223
 1.249244408959167
 1.249930869256765
 1.244340935675046
 1.24560012598348
 1.243834242710066
 1.24343842006825
 1.243184352048211
 1.239577956994435
 1.236738895453546
 1.237021870720281
 1.235300882204273
 1.236206177650227
 1.23890538003904
 1.241654195216834
 1.241593950039424
 1.24758706321461
 1.245751944411073
 1.245733363021869
 1.245869185475243
 1.209070629331625
 1.208916476982267
 1.210691414990516
 1.21141453180337
 1.215487197088921
 1.221965373138324
 1.222836796172327
 1.225142401545469
 1.225224810630849
 1.226545693937312
 1.23076972236673
 1.231397874397095
 1.23225579543737
 1.226862937084227
 1.232678866408414
 1.227409733436251
 1.23171335891926
 1.238585663073443
 1.244386433963243
 1.240463767013386
 1.243592671914033
 1.241856103858414
 1.239769199316826
 1.238898081537923
 1.238084205049218
 1.23759364405414
 1.239951150256754
 1.24495576699841
 1.247618363750334
 1.249492978247557
 1.248344753881472
 1.247206986051886
 1.247458111638168
 1.249917228112773
 1.251331136191403
 1.244010806535209
 1.247683588380031
 1.254352180052309
 1.24867292519164
 1.248153637821277
 1.246532686653428
 1.245920146405834
 1.24745928985472
 1.246733704232372
 1.247286443487873
 1.247875850522966
 1.248073116697211
 1.249276984300892
 1.247915638892148
 1.253631694035939
 1.250779589682252
 1.248219503972631
 1.24792490954089
 1.24736973126386
 1.249332440220493
 1.250185343808568
 1.251731432907156
 1.255535161532739
 1.256569494349605
 1.250597544627748
 1.251067149453312
 1.250444770736825
 1.250607665458
 1.25336806921265
 1.254010957367745
 1.208728100830363
 1.208075080647178
 1.226627267822755
 1.2206311797351
 1.227472684011389
 1.233533421483228
 1.213302165669527
 1.215672085255437
 1.217848379416851
 1.216736899961614
 1.226248506400985
 1.228446447265349
 1.227342794144465
 1.22905799914077
 1.229047579103677
 1.229801729731085
 1.232764015510679
 1.236994137263652
 1.23600121075619
 1.235815549857407
 1.235961676738863
 1.235742529624862
 1.238749083152384
 1.23849027771162
 1.238735763167331
 1.239042549758416
 1.239076573285832
 1.238008211212015
 1.238569215618661
 1.229410047112763
 1.231345995185982
 1.219915494065907
 1.217653175850045
 1.219122964348802
 1.219160842313558
 1.218607413370765
 1.219487274156817
 1.21966840514472
 1.217164126901196
 1.218894273184768
 1.217630766014153
 1.217904008426808
 1.218666423367342
 1.218725315922516
 1.217855442149528
 1.217475561128005
 1.218043360956454
 1.217823584763453
 1.217016457414091
 1.216875706379295
 1.216760223945137
 1.21628173562679
 1.216952038989509
 1.217286916443622
 1.217109351446424
 1.216461429526789
 1.218811741569619
 1.218826958764083
 1.219305833384882
 1.219123202262588
 1.218540792323791
 1.218428985134165
 1.218082559926163
 1.220816112295855
 1.220546759949596
 1.220908212866125
 1.224629452638025
 1.223685811329726
 1.222499837732403
 1.223143627683112
 1.222937999547292
 1.225045151336092
 1.225878086514973
 1.224153112389958
 1.214696051261609
 1.220748016124361
 1.219774065240819
 1.221869770832004
 1.23157186905549
 1.228844606491066
 1.225770938770359
 1.218611638883478
 1.219092135800667
 1.217200984986501
 1.219987272537782
 1.223806934333541
 1.226299938353454
 1.22353754699462
 1.224977030479567
 1.22505661596516
 1.224119038224665
 1.223411674341674
 1.224340339546591
 1.226302075352256
 1.228265221903831
 1.227544453150391
 1.22584402627363
 1.224892462565788
 1.220571127916491
 1.219220618429306
 1.22043397430038
 1.219343380708546
 1.219630659620836
 1.23684432041437
 1.236430375884195
 1.237698060412624
 1.235356665936672
 1.233396425515731
 1.239206150929256
 1.237511899690891
 1.241106867785131
 1.238945824767262
 1.237985203034139
 1.237086908045415
 1.238798283421644
 1.240389478650542
 1.242400538337689
 1.242817383584353
 1.244257687561693
 1.243478850723922
 1.2414704589791
 1.240154206467786
 1.237751133476124
 1.239481919192652
 1.23859177257883
 1.234665960125327
 1.236476218020374
 1.242699038032774
 1.242946307181805
 1.241946190083802
 1.241147398160256
 1.241481621738465
 1.237827322579356
 1.234399486128382
 1.232509526287192
 1.234762425700348
 1.236888549443889
 1.237577056249616
 1.209914690036668
 1.218570666054438
 1.223000235406291
 1.22724558855827
 1.232134914731007
 1.233247590196257
 1.237313659393096
 1.235665239134181
 1.232821012324123
 1.226825323230647
 1.228678363115244
 1.245588417674703
 1.245493469574554
 1.23577336834382
 1.23232610012874
 1.234737869823416
 1.237177493296524
 1.240209908727611
 1.238902532985613
 1.242691147445387
 1.249462841306396
 1.249473242594895
 1.248419588048045
 1.249211906131777
 1.24868852618842
 1.246691840479429
 1.24779379744283
 1.245453019202059
 1.243980846996621
 1.244844409938273
 1.243877799720315
 1.242017133610133
 1.243971029697224
 1.240994100663019
 1.24105266425836
 1.238992173076607
 1.238794844400812
 1.236601707600443
 1.238084801106812
 1.231626391141396
 1.230523991759365
 1.229226484973249
 1.230278993518123
 1.23104347153862
 1.229622011647108
 1.228560141420405
 1.228489820945342
 1.223754652623902
 1.222612877891076
 1.224773903482892
 1.227377660670331
 1.224716254251186
 1.227603109356797
 1.222170869455003
 1.226048487526265
 1.227016685186219
 1.225723705718715
 1.215920369863644
 1.214262659248929
 1.214206391624128
 1.21369492281452
 1.214190836138699
 1.213596078520337
 1.213729105946474
 1.214020166278387
 1.213327358131046
 1.211133371023316
 1.211165411617257
 1.20906060242772
 1.210398960588864
 1.208754699760559
 1.208349570268062
 1.208401931642705
 1.204972056393184
 1.207567857309726
 1.206841230035798
 1.207409570924877
 1.207834172354835
 1.198292318081052
 1.196549778724476
 1.190174729987118
 1.19396783006635
 1.19072325929227
 1.192351211050819
 1.191962009673706
 1.196267407628873
 1.198612172245019
 1.200453270075471
 1.199944620251144
 1.1994249000568
 1.199953458893565
 1.212719338891453
 1.208239182100345
 1.20490967908612
 1.204747851900072
 1.204289853507452
 1.203097203781067
 1.201884483740411
 1.200557991867077
 1.202978545822956
 1.203276492803489
 1.204311964296319
 1.203725712798504
 1.202691863498166
 1.201878015070984
 1.203064272048482
 1.20298489918149
 1.202287107571849
 1.190107825624701
 1.188286945616335
 1.193936006017034
 1.191831395861691
 1.192692095679237
 1.195827085358871
 1.194438962362337
 1.196611541584467
 1.192652771008834
 1.193688433456513
 1.19153906182912
 1.193261339552072
 1.193426911661671
 1.192334825291111
 1.194141946917759
 1.197364059933964
 1.197447771599218
 1.195437203799192
 1.193190884923799
 1.192495963278865
 1.193684581500258
 1.192065894299775
 1.191515745704622
 1.191705615998699
 1.198189860200378
 1.195859782088859
 1.193947708584778
 1.19752599628633
 1.19913215197105
 1.20173049398582
 1.19910551131754
 1.199839693379003
 1.201418770949774
 1.202112103344275
 1.204191001845
 1.203459140610869
 1.202215838605231
 1.204325666266251
 1.200227094346042
 1.19964300653878
 1.199449008736551
 1.195134570211746
 1.195613889175275
 1.195717321137677
 1.194520819770219
 1.194499132867249
 1.195595954868823
 1.175685259435809
 1.175231050959314
 1.180210075762672
 1.179257130883399
 1.180427628696536
 1.180240342160698
 1.177618759613675
 1.180376048403982
 1.177745051932832
 1.18187481293861
 1.18044037514033
 1.190830759032252
 1.191229430832061
 1.191860277008571
 1.191292329629734
 1.19346820475878
 1.193848019681952
 1.191213797844402
 1.190931107436662
 1.192099117473592
 1.197043264974284
 1.200505013460049
 1.201135015665908
 1.20100714891165
 1.196919471764514
 1.200118351822181
 1.197281266491572
 1.198645266121824
 1.200761395947632
 1.199974063944545
 1.199129121108653
 1.200467887207698
 1.203531272950092
 1.203113808420885
 1.199443519663911
 1.201698882481117
 1.201729059287876
 1.195905825578107
 1.199985614989098
 1.199936990617608
 1.200158723631856
 1.200746473259252
 1.200614410590927
 1.201625615536277
 1.197603282415413
 1.19525856855804
 1.198450121318315
 1.203034978099936
 1.201144281893949
 1.201016830900239
 1.200729235504388
 1.203543228015332
 1.203522955157114
 1.201685125847679
 1.208642595074302
 1.208498310541419
 1.208382053207836
 1.210872912529556
 1.212533606578136
 1.214099655340839
 1.216148549802003
 1.213627957340242
 1.194275258071138
 1.185048887999751
 1.183949495559794
 1.180259999493306
 1.177582377549101
 1.179566432960736
 1.177122695544052
 1.179023489943857
 1.179251156985038
 1.178661009480767
 1.179473897337704
 1.180309947983939
 1.180970143922697
 1.180096578278612
 1.178899414599552
 1.177485737419275
 1.178377381947437
 1.177378234130319
 1.176468144493101
 1.174317850252305
 1.174667428184484
 1.175188689797522
 1.186610893865909
 1.187977643195122
 1.186977987502356
 1.18952332380187
 1.190978601861843
 1.185069786355045
 1.184504197118451
 1.186917232489347
 1.192334334250867
 1.191927885918695
 1.192258367116011
 1.196558120832587
 1.199618949349652
 1.201327039944967
 1.194301421750272
 1.196119937389114
 1.201077337064262
 1.201480954425026
 1.193798572966888
 1.193773614167728
 1.19694965160661
 1.197141007168927
 1.193009732774158
 1.192936956994936
 1.193397091431372
 1.196066771420117
 1.196775076359944
 1.196671887352266
 1.197774505147865
 1.187702055255867
 1.189396131768796
 1.190972108186745
 1.190785563420035
 1.194891318213674
 1.193791854985342
 1.19548040168892
 1.20468975875054
 1.204394501621384
 1.203324446643767
 1.202443780036356
 1.201320035728224
 1.199382384056185
 1.202677427748452
 1.193973475994474
 1.194820735448428
 1.198388331163209
 1.189901143558395
 1.191656096882833
 1.184145176303355
 1.179350123175902
 1.190162987328186
 1.190170651004397
 1.194884261811513
 1.1875097600448
 1.196916402546039
 1.196732386240854
 1.193555510881708
 1.191733725698848
 1.184534971560766
 1.184938754966935
 1.187634031018542
 1.190390283976374
 1.180701995029287
 1.184101996375151
 1.184339408011417
 1.183120163601999
 1.187620276872682
 1.180057626605975
 1.179691492769134
 1.181150636176977
 1.186668818872527
 1.195928633431584
 1.190259403195715
 1.194354713768526
 1.191711426149895
 1.182686495083239
 1.178557801120481
 1.179668252735197
 1.180961656832543
 1.185911365062774
 1.17910858005409
 1.176131639235994
 1.180651859572419
 1.177311740637786
 1.176035263267362
 1.185328525841904
 1.194616260861385
 1.198560328849504
 1.196441728793299
 1.201637282018401
 1.202358377587196
 1.215246393505748
 1.207338562833038
 1.208406213377034
 1.195288656643381
 1.193796081619291
 1.190128258172017
 1.191979853724264
 1.195913844320439
 1.188215380254731
 1.186255150974269
 1.184051113413847
 1.181687575528439
 1.184743060881848
 1.182996840678165
 1.18026590647633
 1.183922103143885
 1.189801224485555
 1.179627612830475
 1.186609397837755
 1.186522071389642
 1.18031519353283
 1.17966921573044
 1.178933423432432
 1.180518567403528
 1.180828853255002
 1.183624195547727
 1.185212211505942
 1.197956302514991
 1.204742997579777
 1.198275505633075
 1.194666974498841
 1.192632883523673
 1.189298908814577
 1.202252426128545
 1.19932616228199
 1.191917749965711
 1.190138642194893
 1.18618537910869
 1.190510415465081
 1.18359873742262
 1.191753935831905
 1.183763990512765
 1.182802582654898
 1.187202023041409
 1.192287384691581
 1.181914868616109
 1.172913972094654
 1.168505213934945
 1.182505973317757
 1.190264223425044
 1.183649634712513
 1.183841371239651
 1.181714059102743
 1.189146398262549
 1.181282937135176
 1.177215171163483
 1.179796712617926
 1.181276237912894
 1.172970142591971
 1.183151052101862
 1.177148331818176
 1.18911573001507
 1.18126741186558
 1.185832591688863
 1.186557063933672
 1.177990848774972
 1.179548007412181
 1.177685509240928
 1.178239542392121
 1.183597680975023
 1.177934205181044
 1.183517661345211
 1.180340988859162
 1.181915387455417
 1.185187543751084
 1.188352554144344
 1.187942811234405
 1.185319629644806
 1.187377048823747
 1.191090836175029
 1.199673081277584
 1.193122879841709
 1.188535189010391
 1.197987891623378
 1.183474423344616
 1.183536356816185
 1.179921604079167
 1.183628394142587
 1.181769943164005
 1.178102080580262
 1.175702235243032
 1.180019308054486
 1.185865121247559
 1.186585751033719
 1.183459461281871
 1.199221381951681
 1.184649324835405
 1.188703060316369
 1.195835543791483
 1.189967921614099
 1.173011653015487
 1.173097202939805
 1.179123938221668
 1.18160637685896
 1.171501647337609
 1.185362600601353
 1.188377170871594
 1.191789448084284
 1.192567100517022
 1.21209060436373
 1.208185286053342
 1.20888110817139
 NaN
 NaN
 NaN
 NaN
 NaN
 NaN
 NaN
 NaN
 NaN
 NaN
 NaN
 NaN
 NaN
 NaN
 NaN
 NaN
 NaN
 NaN
 NaN
 NaN
 NaN
 NaN
 NaN
 NaN
 NaN
 NaN
 NaN
 NaN
 NaN
 NaN
 NaN
 NaN
 NaN
 NaN
 NaN
 NaN
 NaN
 NaN
 NaN
 NaN
 NaN
 NaN
 NaN
 NaN
 NaN
 NaN
 NaN
 NaN
 NaN
 NaN
 NaN
 NaN
 NaN
 NaN
 NaN
 NaN
 NaN
 NaN
 NaN
 NaN
 NaN
 NaN
 NaN
 NaN
 NaN
 NaN
 NaN
 NaN
 NaN
 NaN


# name: iter_improve
# type: matrix
# rows: 1089
# columns: 1
 1
 3
 7
 31
 44
 51
 74
 103
 111
 126
 240
 241
 243
 244
 249
 251
 254
 256
 259
 261
 264
 268
 272
 274
 278
 281
 283
 291
 294
 295
 296
 297
 298
 301
 313
 317
 321
 331
 340
 342
 344
 351
 367
 369
 374
 379
 381
 385
 389
 391
 398
 399
 401
 407
 415
 420
 422
 426
 427
 442
 444
 452
 453
 454
 455
 466
 467
 470
 472
 480
 490
 497
 499
 500
 501
 503
 507
 508
 512
 515
 519
 542
 552
 553
 563
 568
 570
 579
 582
 583
 584
 592
 593
 597
 600
 604
 605
 609
 653
 659
 707
 891
 893
 902
 938
 968
 1000
 1002
 1003
 1010
 1015
 1017
 1019
 1022
 1024
 1027
 1033
 1034
 1040
 1045
 1049
 1050
 1052
 1057
 1058
 1060
 1062
 1063
 1068
 1073
 1076
 1088
 1093
 1095
 1100
 1108
 1122
 1131
 1134
 1139
 1143
 1150
 1158
 1173
 1179
 1198
 1202
 1217
 1230
 1243
 1260
 1299
 1317
 1322
 1324
 1328
 1338
 1359
 1384
 1385
 1396
 1407
 1411
 1414
 1432
 1460
 1497
 1506
 1509
 1517
 1518
 1520
 1539
 1546
 1549
 1559
 1561
 1567
 1568
 1570
 1572
 1585
 1589
 1594
 1609
 1622
 1634
 1635
 1640
 1657
 1662
 1689
 1695
 1708
 1712
 1718
 1725
 1741
 1742
 1784
 1801
 1857
 1896
 1910
 1927
 1959
 1975
 1982
 1989
 2000
 2004
 2005
 2010
 2012
 2014
 2016
 2019
 2022
 2025
 2029
 2036
 2038
 2042
 2049
 2056
 2057
 2089
 2090
 2097
 2100
 2113
 2133
 2147
 2188
 2189
 2197
 2221
 2225
 2238
 2242
 2243
 2245
 2249
 2256
 2265
 2268
 2272
 2275
 2277
 2284
 2300
 2329
 2340
 2352
 2362
 2369
 2390
 2391
 2395
 2421
 2432
 2445
 2467
 2468
 2473
 2475
 2481
 2482
 2488
 2510
 2558
 2559
 2673
 2788
 3000
 3001
 3006
 3011
 3012
 3016
 3023
 3032
 3041
 3042
 3043
 3056
 3063
 3075
 3077
 3080
 3082
 3085
 3088
 3091
 3108
 3111
 3117
 3119
 3138
 3141
 3145
 3150
 3157
 3177
 3178
 3189
 3199
 3200
 3210
 3226
 3234
 3249
 3251
 3261
 3270
 3272
 3277
 3281
 3282
 3290
 3303
 3305
 3307
 3315
 3322
 3337
 3339
 3340
 3341
 3350
 3366
 3394
 3402
 3405
 3411
 3413
 3422
 3429
 3482
 3506
 3520
 3536
 3537
 3542
 3548
 3556
 3561
 3592
 3601
 3602
 3611
 3613
 3614
 3637
 3647
 3692
 3694
 3700
 3735
 3759
 3794
 3825
 3826
 3829
 3836
 3846
 3850
 3854
 3887
 3916
 3919
 3920
 3970
 3974
 4000
 4005
 4013
 4021
 4027
 4029
 4031
 4035
 4036
 4045
 4046
 4055
 4060
 4075
 4085
 4086
 4089
 4093
 4099
 4101
 4102
 4103
 4108
 4112
 4115
 4117
 4124
 4136
 4147
 4188
 4204
 4218
 4220
 4253
 4272
 4274
 4308
 4325
 4329
 4335
 4341
 4365
 4390
 4423
 4465
 4482
 4493
 4496
 4543
 4639
 4704
 4765
 4771
 4784
 4856
 4859
 4903
 4919
 4932
 4948
 4950
 4968
 4977
 4979
 4994
 5000
 5002
 5005
 5008
 5012
 5013
 5016
 5019
 5020
 5021
 5023
 5026
 5028
 5037
 5038
 5051
 5052
 5057
 5061
 5063
 5067
 5073
 5077
 5085
 5091
 5100
 5113
 5114
 5122
 5130
 5140
 5144
 5151
 5171
 5194
 5200
 5226
 5236
 5246
 5248
 5276
 5277
 5299
 5331
 5354
 5372
 5393
 5395
 5413
 5455
 5463
 5563
 5620
 5622
 5643
 5669
 5682
 5702
 5709
 5724
 5731
 5734
 5770
 5772
 5776
 5777
 5781
 5810
 5819
 5835
 5842
 5867
 5989
 5990
 6000
 6001
 6002
 6004
 6007
 6011
 6015
 6019
 6020
 6022
 6023
 6036
 6046
 6048
 6049
 6051
 6055
 6058
 6075
 6087
 6102
 6317
 6323
 6425
 6426
 6438
 6455
 6468
 6473
 6475
 6506
 6512
 6513
 6521
 6528
 6543
 6547
 6563
 6575
 6699
 6702
 6719
 6729
 6730
 6751
 6761
 6769
 6788
 6799
 6808
 6855
 6861
 6891
 6898
 6904
 6919
 6920
 6934
 6951
 6953
 6959
 6972
 6973
 6978
 7000
 7001
 7002
 7008
 7011
 7013
 7021
 7023
 7025
 7028
 7029
 7030
 7052
 7070
 7082
 7083
 7090
 7095
 7098
 7100
 7113
 7116
 7125
 7170
 7172
 7181
 7214
 7239
 7302
 7321
 7330
 7332
 7355
 7361
 7384
 7422
 7436
 7437
 7446
 7454
 7460
 7465
 7468
 7536
 7578
 7592
 7599
 7612
 7620
 7621
 7622
 7628
 7632
 7640
 7655
 7656
 7659
 7660
 7665
 7667
 7668
 7673
 7675
 7679
 7680
 7701
 7723
 7728
 7730
 7736
 7746
 7747
 7772
 7777
 7809
 7826
 7830
 7848
 7885
 7907
 7941
 7943
 7961
 7974
 7997
 8000
 8013
 8020
 8030
 8031
 8033
 8049
 8074
 8084
 8089
 8098
 8124
 8158
 8164
 8186
 8236
 8239
 8285
 8292
 8324
 8342
 8346
 8350
 8371
 8388
 8422
 8427
 8441
 8464
 8466
 8537
 8747
 8756
 8762
 8767
 8783
 8813
 8861
 8889
 8909
 8915
 8968
 8976
 9000
 9032
 9034
 9038
 9041
 9048
 9077
 9103
 9115
 9120
 9124
 9168
 9178
 9246
 9272
 9273
 9279
 9349
 9413
 9415
 9449
 9463
 9464
 9504
 9576
 9581
 9926
 10000
 10007
 10016
 10032
 10056
 10059
 10072
 10086
 10095
 10104
 10122
 10160
 10204
 10221
 10227
 10240
 10250
 10313
 10380
 10429
 10557
 10560
 10562
 10621
 10670
 10678
 10744
 10791
 10872
 10898
 10900
 10905
 10916
 10977
 10994
 10995
 10999
 11000
 11007
 11008
 11011
 11034
 11054
 11076
 11099
 11126
 11135
 11147
 11152
 11159
 11170
 11189
 11210
 11220
 11236
 11245
 11283
 11308
 11321
 11374
 11582
 11684
 12000
 12001
 12005
 12008
 12033
 12049
 12082
 12279
 12281
 12288
 12298
 12302
 12315
 12353
 12385
 12451
 12461
 12768
 12776
 12777
 12965
 12992
 13000
 13021
 13025
 13053
 13054
 13057
 13058
 13076
 13086
 13093
 13109
 13360
 13385
 13390
 13400
 13435
 13441
 13456
 13463
 13494
 13515
 13543
 13555
 13591
 13619
 13791
 13866
 14000
 14002
 14003
 14009
 14015
 14041
 14111
 14154
 14193
 14208
 14344
 14358
 14394
 14683
 14785
 14795
 15000
 15009
 15091
 15203
 15294
 15385
 15527
 15591
 16000
 16005
 16097
 16112
 16265
 17000
 17006
 17024
 17033
 17244
 17403
 17587
 17683
 17736
 17961
 18000
 18032
 18034
 18069
 18129
 18162
 18312
 18320
 18614
 18726
 19000
 19010
 19022
 19027
 19085
 19138
 19174
 19177
 19246
 20000
 20012
 20018
 20025
 20078
 20095
 20187
 20511
 20888
 21000
 21010
 21037
 21062
 21069
 21092
 21178
 21290
 21586
 21852
 21854
 21902
 21936
 22000
 22003
 22013
 22025
 22047
 22323
 22542
 22574
 22579
 22705
 22715
 22733
 22781
 23000
 23023
 23109
 23282
 23397
 23483
 24000
 24001
 24007
 24036
 24044
 24277
 24314
 24376
 24427
 25000
 25007
 25010
 25023
 25097
 25104
 25130
 25195
 25204
 25422
 25423
 25519
 25736
 26000
 26005
 26021
 26025
 26039
 26061
 26077
 26104
 26158
 26315
 26525
 26651
 26866
 27000
 27002
 27010
 27034
 27145
 27408
 27410
 27549
 27578
 27602
 27603
 27637
 27694
 27979
 28000
 28028
 28029
 28096
 28156
 28715
 28749
 29000
 29003
 29028
 29223
 29407
 29511
 29589
 29598
 29856
 30000
 30001
 30012
 30015
 30028
 30050
 30111
 30116
 30415
 30498
 30505
 30769
 31000
 32000
 33000
 34000
 35000
 36000
 37000
 38000
 39000
 40000
 41000
 42000
 43000
 44000
 45000
 46000
 47000
 48000
 49000
 50000
 51000
 52000
 53000
 54000
 55000
 56000
 57000
 58000
 59000
 60000
 61000
 62000
 63000
 64000
 65000
 66000
 67000
 68000
 69000
 70000
 71000
 72000
 73000
 74000
 75000
 76000
 77000
 78000
 79000
 80000
 81000
 82000
 83000
 84000
 85000
 86000
 87000
 88000
 89000
 90000
 91000
 92000
 93000
 94000
 95000
 96000
 97000
 98000
 99000
 100000


# name: optim_start
# type: scalar
240


# name: optim_steps
# type: matrix
# rows: 1
# columns: 101
 11 107 210 275 375 440 514 578 663 706 733 770 795 817 844 860 868 873 883 893 902 911 924 937 943 952 965 978 992 999 1008 1020 1021 1022 1023 1024 1025 1026 1027 1028 1029 1030 1031 1032 1033 1034 1035 1036 1037 1038 1039 1040 1041 1042 1043 1044 1045 1046 1047 1048 1049 1050 1051 1052 1053 1054 1055 1056 1057 1058 1059 1060 1061 1062 1063 1064 1065 1066 1067 1068 1069 1070 1071 1072 1073 1074 1075 1076 1077 1078 1079 1080 1081 1082 1083 1084 1085 1086 1087 1088 1089


# name: VPVP_params
# type: scalar struct
# ndims: 2
 1 1
# length: 8
# name: lambda
# type: scalar
300000000


# name: downsample
# type: scalar
10


# name: MaxIter_X
# type: scalar
200


# name: MaxIter
# type: scalar
50


# name: optTol_X
# type: scalar
1e-06


# name: progTol_X
# type: scalar
1e-10


# name: optTol_aW
# type: scalar
0.0001


# name: progTol_aW
# type: scalar
1e-07




