# Created by Octave 3.8.1, Sun Jan 07 16:42:17 2018 ART <gabrevaya@ws7.labo2>
# name: y_start
# type: matrix
# rows: 10
# columns: 1
 -0.0001221544325385914
 -0.0002173220287723496
 -6.687972843125394e-05
 -0.0002133282182698833
 -9.215864870340884e-05
 1.087139214702996e-05
 -9.487324816295081e-05
 6.026432978283687e-05
 -7.213588648720039e-05
 -2.405632118468656e-06


# name: alphas
# type: cell
# rows: 1
# columns: 3
# name: <cell-element>
# type: matrix
# rows: 10
# columns: 1
 1.98378322471822
 0.2363702748987438
 0.6361057582517471
 2.565671260851523
 -0.03528062379604868
 0.9014803226533931
 1.840503339731225
 0.3672375276064739
 -0.02486064513790419
 0.70913192705564



# name: <cell-element>
# type: matrix
# rows: 10
# columns: 1
 0.8536104685477677
 1.278706587610702
 0.7276998954808543
 1.297732113396469
 0.9146778888683191
 0.5024362504723643
 0.9000359196557801
 0.3078903052969603
 1.722126204072685
 0.1826686303380667



# name: <cell-element>
# type: matrix
# rows: 10
# columns: 1
 10.02564432287959
 11.14414315075292
 11.07828325479234
 10.63044345037557
 13.40949135894585
 13.5079716756182
 11.60975992835827
 12.4191789391626
 11.62251328575718
 12.12446981774251





# name: W
# type: matrix
# rows: 10
# columns: 10
 0.1412497345287213 -0.5621786089642777 0.2266653658023834 1.196362372910126 -0.1831389266959869 -0.5796192958270662 -0.1621764501151375 -1.721347787834809 -0.1659695331168214 0.5485456651616523
 -0.4166273391759034 0.3678839940043967 -0.1718683041389694 0.07610406662795335 -0.3376256696343182 0.165285950364322 0.6187053577775172 -0.7731633044504147 -0.04439747129414872 -0.3393581813733432
 -1.375984524850695 -0.2573656743056156 -0.1127785737965642 -0.8212264963970428 1.093308905331025 -0.06399155571467649 0.2527197668262906 0.8596622711015208 -0.140411980224894 -0.53473820838193
 -0.4223972459100799 0.04003665461844783 1.753264385093163 -0.6623077075579991 1.104162862064879 1.044984695485069 -0.3881480838671111 0.01095081827651909 0.2605733209011289 0.2879613420319313
 0.1341389027892092 -0.5446612488882405 -0.2997557546197238 0.5037977788685237 0.3198832674456044 0.2857261235013647 0.841039566453789 -0.5260849702791088 -0.06872705976350528 -0.09920739139951149
 0.01873617315345078 -0.3669852113572076 1.21281169605724 -0.8584563948548413 0.1755644222086729 -0.6864445423773775 -0.0660077171249545 -0.2765395614792167 0.7937573463169291 0.07943342767052972
 0.9132062026321008 -0.2405648752214118 0.7021487970047818 0.02215856062877378 -0.3819264061263599 -0.3804779495212848 -0.7564048263000143 -0.1913623357960533 -0.1473892820871709 0.8906119893533101
 0.02309392064088196 -1.178617276551259 0.6760606257905473 -0.7849077877787419 -0.4256055780169231 -0.5530698117621545 0.048745258920626 -0.6902451213543509 -0.2808397259808059 -0.6395608544556673
 -0.06067331099367144 0.4449647317991671 0.4870818473732547 -0.7194338538870128 -0.4693147953750612 0.01537158849980626 -0.0162511185915621 -0.8122309613921045 0.300961149295523 1.006759131677425
 -0.4189079099650987 0.4288219647068811 0.04188749087913939 -0.1634188620241971 0.05156322356544229 0.824589887724602 0.9153556176134793 0.6699087817906965 0.8177673527879764 -0.5702890712014026


# name: iter
# type: scalar
200000


# name: c
# type: matrix
# rows: 1
# columns: 10
 NaN NaN NaN NaN NaN NaN NaN NaN NaN NaN


# name: mean_corr
# type: matrix
# rows: 1541
# columns: 1
 -0.1382487479065967
 -0.1362491574179802
 -0.1351084730936179
 -0.1208825271031551
 -0.1141073551690388
 -0.1000912164013404
 -0.09875357404650636
 -0.09243900605260366
 -0.04491275965424431
 -0.005900249673368487
 -0.005627494861454904
 0.04277525089511726
 0.07497377532454688
 0.09555370173150583
 0.09564116044648334
 0.09881821955374251
 0.1058738453107977
 0.1068427226483372
 0.1077833896808151
 0.1081987459917657
 0.4071533971536387
 0.4037353865049186
 0.4028401917796041
 0.3982019637065563
 0.3984069332873346
 0.3982395324662442
 0.395665284889774
 0.3951542184593831
 0.3937452057303547
 0.3912172561760269
 0.390786380319684
 0.3797830238932159
 0.3785932914836357
 0.3782260279211614
 0.3799348149877544
 0.3103509869229186
 0.3048373733643283
 0.3349653654060364
 0.3425153993045587
 0.3318174642865315
 0.323635563055919
 0.4455863338435289
 0.4418284715433189
 0.4383541606549594
 0.4271259003200707
 0.4232421400758808
 0.4247867884933901
 0.4234628549293012
 0.4269715964334561
 0.4094396317725899
 0.4092395881622767
 0.4045532951931132
 0.4048613610023535
 0.403313251233483
 0.3890526379367075
 0.3900082490997733
 0.3817444549122679
 0.384878189617693
 0.384916003915765
 0.3853911179640944
 0.3830867151184026
 0.3688882474268482
 0.365409914765663
 0.3736609731597814
 0.3743486217315103
 0.3759114388292311
 0.3734896121841
 0.3843849616152267
 0.3727496984015577
 0.3716234759914406
 0.3662979465377071
 0.3649872182042389
 0.3608366486945226
 0.360835668330039
 0.3619925468631547
 0.3625243112756092
 0.3677966538483936
 0.4640779043746875
 0.4557527057924144
 0.4486192343479987
 0.4326277245049428
 0.4522697433695931
 0.4480667340245089
 0.4394204037894835
 0.430822675194917
 0.4349709084570329
 0.4369581311159688
 0.441071840354008
 0.4457455154611808
 0.4484653168314968
 0.4349165149672236
 0.435858926166928
 0.4361553865880695
 0.4308147035688399
 0.426966779529415
 0.4247342358072722
 0.4260313435898546
 0.4226958904486094
 0.4185437391432717
 0.4219743597928819
 0.4120584344840833
 0.4113667961384443
 0.4038743155913925
 0.401590652250358
 0.4032789436828184
 0.4043525587745454
 0.4047743377843333
 0.4014644986735709
 0.3978744571632412
 0.393719437520749
 0.3922312429614286
 0.3938361229784053
 0.3970374734813521
 0.3968721562871305
 0.3942074024351819
 0.3900559407061695
 0.3893505475435801
 0.3900581175174607
 0.3864273908148394
 0.3867592581461742
 0.5062083979267691
 0.5067832352347106
 0.4675420407095069
 0.4540180764552805
 0.4368375154418508
 0.4206555412978309
 0.4200925934002654
 0.4275704926098094
 0.4202437590772977
 0.4287018831872316
 0.4394082345579224
 0.4455791246365952
 0.4389221646414908
 0.4401664281905703
 0.4408821526356751
 0.4387578642224731
 0.4423183299198811
 0.4428082439334382
 0.4419279897215461
 0.4531108402068422
 0.4552926061477131
 0.4561123530013809
 0.442264165577409
 0.4439199744789882
 0.4433467783861385
 0.4446485036200434
 0.4396001808441217
 0.4321746401639863
 0.432311033775196
 0.4322798474256045
 0.4339310865645437
 0.4333189237057885
 0.4330254109365985
 0.4324164702976488
 0.431903367049271
 0.4325080240654523
 0.4324278636874698
 0.5227304278807641
 0.5210160067968139
 0.5174841488796632
 0.5058785111105907
 0.5048804854467972
 0.5124105179849255
 0.5128301319104687
 0.5133152571452128
 0.5057121003161169
 0.5061894662127799
 0.4971539298408257
 0.4959665661395044
 0.5014222452569491
 0.4995400724182506
 0.498735137119294
 0.4964484050924566
 0.4970492005829447
 0.4957438880930235
 0.495329099045643
 0.4792668123469873
 0.4787508341190067
 0.4865610951922513
 0.4851286379245012
 0.4885792687673442
 0.4816727387235076
 0.4804922939517609
 0.474152904242682
 0.4818235252007182
 0.4660792396936094
 0.4665181653982056
 0.4644972159478122
 0.4667135671968501
 0.4669520564070171
 0.464526316839912
 0.4659991348502336
 0.4684091457716965
 0.4677881612363298
 0.4820193737964423
 0.4835274087251948
 0.4814351445053567
 0.475971034102589
 0.475758890790992
 0.4708671291736838
 0.5203533965118858
 0.5180639235946483
 0.5096258640396032
 0.5110583672136851
 0.5117917460501392
 0.5128954980843498
 0.5002350732246852
 0.5001274470624006
 0.495159994659051
 0.4963361981496074
 0.4937863345763039
 0.4950181651243203
 0.4969201860998932
 0.4806701671847429
 0.4911518831879798
 0.4913372342089687
 0.4937740716100983
 0.493781732937084
 0.4919524421504921
 0.4934013852771844
 0.4903688215699645
 0.4669931895281009
 0.4672940214755938
 0.4654191905539838
 0.4670568684945654
 0.4700397562121592
 0.4732135712663837
 0.4702734457877087
 0.470993257617755
 0.4661423765988674
 0.4667111914012092
 0.4656262479146777
 0.4612721777306635
 0.5219120182814592
 0.4999275654733947
 0.478059584718402
 0.4734885339744258
 0.4739275693782057
 0.4732839711954268
 0.4631681410675104
 0.4624445312791186
 0.4699058682879422
 0.4751547363501231
 0.4755666111619449
 0.4802554889999892
 0.49672397775646
 0.4899310936445639
 0.4815456191269092
 0.464206989898963
 0.4646224920853625
 0.4660392774764632
 0.4679021789558632
 0.4674419206983504
 0.4789215939734112
 0.4729722133105622
 0.4741903150733752
 0.472839235755773
 0.4722064846410681
 0.4737407289066012
 0.4723822241223194
 0.4743015164809853
 0.4736475774648264
 0.4711498558264545
 0.4709423414828652
 0.477808947258653
 0.4763221705323667
 0.4745038058314607
 0.4766886567025788
 0.5267318096261122
 0.5241974070959199
 0.5187754730118408
 0.5138666465508325
 0.516788390188692
 0.5096038490072
 0.5083883370161373
 0.504750716069809
 0.5051953591168964
 0.5041861220221022
 0.5022154389168203
 0.4980083653009261
 0.4990598865844
 0.5029610497200975
 0.5042494539350615
 0.5016301263888451
 0.4989418077555964
 0.5012161238596431
 0.5002073583587612
 0.5009795383565183
 0.5049051896405441
 0.5051897962204979
 0.50544317317355
 0.5038572912680896
 0.5035260589434742
 0.5052140738024697
 0.5049309094096974
 0.5045303978437183
 0.5045062785447227
 0.5007751212902984
 0.4997377339479283
 0.4987108951317827
 0.4877684712186966
 0.4833895728388463
 0.4869945362387819
 0.4832661491361318
 0.4909223062094225
 0.4903592963305446
 0.486813217151603
 0.4870011663648733
 0.4872238238212527
 0.4866131481358475
 0.4867466835131628
 0.4826935421641531
 0.4860973797010533
 0.4870853051006231
 0.5287994919169952
 0.5153643998772581
 0.50281462131309
 0.5028207609066877
 0.485693867160278
 0.5084344244050431
 0.5051487437840911
 0.5014291989889048
 0.5082926946398041
 0.503980800889045
 0.5068385793681627
 0.4885173790969919
 0.4881813688380342
 0.4781400716063426
 0.4935423295539973
 0.4935094910748561
 0.49621224182497
 0.490160751423726
 0.4829753010645791
 0.481775509770403
 0.4816954934301517
 0.4822578915766814
 0.4841615165628893
 0.4754994738743484
 0.4730134935413675
 0.4726636885654473
 0.4721608800005438
 0.4725386809146679
 0.4735427624421424
 0.474320745589804
 0.4735226615009802
 0.474305444511308
 0.5297253958326626
 0.5278986540420191
 0.5259989570981721
 0.5216457896996867
 0.521548242339088
 0.5225265893511769
 0.5208951430703743
 0.5199778369497612
 0.5094742578690845
 0.5096623235479579
 0.5088404339340371
 0.4838020052086269
 0.4705686702161307
 0.4777999267911072
 0.4690373842143138
 0.4684804795103023
 0.4686245135221611
 0.4650286430750359
 0.4652722121851848
 0.4672879009010858
 0.466117029726008
 0.4656612246320654
 0.4647271104715801
 0.4688624637086128
 0.4756438996373774
 0.47668795142328
 0.4805910377761095
 0.4838862618163354
 0.4818926911409346
 0.480011292697144
 0.4792015555058288
 0.5290164023990228
 0.5152517680849719
 0.5149381004046103
 0.504951668803964
 0.5047224029142343
 0.5010902869985545
 0.5009846840973684
 0.494173796463563
 0.4918340261786667
 0.4963072204771304
 0.4934832806861186
 0.4943545359236013
 0.4949890695862191
 0.4955274527350348
 0.4945018511538405
 0.4935119455730851
 0.4963109226754902
 0.4949965863737423
 0.4941122812267044
 0.4951441529383335
 0.494846694029267
 0.4956558838339683
 0.4995581558114026
 0.4944814006250254
 0.4886938221734831
 0.4837121650165471
 0.487472515754318
 0.4839516844717985
 0.4807882286551947
 0.484688720891025
 0.4889213097555821
 0.4863255976985151
 0.4849586822129844
 0.4852113118325039
 0.4868514427556987
 0.4881642180066947
 0.483319198074927
 0.4846060783051843
 0.4823837945421426
 0.4755558448115546
 0.4872803680646123
 0.4817555392891484
 0.4811296477382864
 0.4794898445963649
 0.4792584386067203
 0.4796601019498121
 0.4800443825444941
 0.4772158383566564
 0.4775124808296866
 0.4804506701225916
 0.4862775838418255
 0.4884824409888277
 0.4868349042276253
 0.4830663304609643
 0.4844402528873638
 0.4825974107606091
 0.4807328802493022
 0.479334793810011
 0.4778068265489532
 0.4779012726700397
 0.4778359084953038
 0.4778762458554091
 0.5280487673450398
 0.5007433581860085
 0.5017027231797708
 0.4965221372608721
 0.5054406219910805
 0.4981188046866553
 0.49477786696075
 0.4941916769466362
 0.4893232568341389
 0.4891460050205375
 0.4866219023486891
 0.4894828197510909
 0.4887893159896322
 0.4795845833479483
 0.4796230489321568
 0.4801981296672474
 0.4826610283551561
 0.4822279863730442
 0.4812492652259649
 0.4810657498230386
 0.4837026520723152
 0.490108537923197
 0.4948901725002702
 0.493752747555381
 0.4939211046785957
 0.4963388967811467
 0.4939811852003245
 0.4929397907380711
 0.4929872107857715
 0.4904779667194756
 0.4910785387222663
 0.5338223764203821
 0.5334802193039497
 0.5320946593985985
 0.5189143146618302
 0.5191083015455102
 0.5191268294756258
 0.5039129912025715
 0.4992605551245389
 0.4987815890237573
 0.4955617393855967
 0.4983962877102442
 0.5000298938005409
 0.5002613835577818
 0.4947304347566391
 0.4944765030136661
 0.4942161644027734
 0.4980187001989256
 0.4993365377888231
 0.5029444290625723
 0.4964708564915788
 0.4905102691185806
 0.4883492687929517
 0.4860631421912805
 0.4883283880592976
 0.4880626497402527
 0.4861116991626769
 0.4880320681915274
 0.4871553859624678
 0.4816317439634404
 0.4805954388970905
 0.482475531729972
 0.4829481202048164
 0.481584340117086
 0.4833875158112358
 0.4861988839029223
 0.4866744899174747
 0.4867231507912235
 0.4948262924082529
 0.5364602969169042
 0.5308931904188815
 0.52617452349588
 0.5221326493502614
 0.4951679801695475
 0.4935495359666449
 0.4926701322547059
 0.4924507101119884
 0.4919131454510766
 0.4907547157969229
 0.4900413303276645
 0.4953970073850839
 0.4982705499132777
 0.4978523989845408
 0.4933016685578996
 0.4916835601307
 0.4915891426528065
 0.4919757694819132
 0.4910275811646992
 0.4854101208012606
 0.4917417571510875
 0.4904696186059339
 0.4936979730395675
 0.4921002958288473
 0.4886451905280766
 0.4874320440559945
 0.4863031985299269
 0.4859767732695938
 0.4870472328185323
 0.4884443984600929
 0.4894369075189287
 0.4898141161724333
 0.4908670031866638
 0.4919399602560281
 0.4914148368891478
 0.5377640590721069
 0.5373287543768267
 0.5342693769372083
 0.5337521939933139
 0.5268146718388097
 0.5246315516603919
 0.5206285736501188
 0.5203613361074573
 0.5200547923622081
 0.504060126817985
 0.5043041859769392
 0.5035931486008458
 0.5043244881625817
 0.4977766480966552
 0.4968658704328338
 0.4971944492256942
 0.4970818514134686
 0.4931064114204678
 0.4960240560808797
 0.4963685108690695
 0.4960387648326717
 0.5047637033347033
 0.5091449153685703
 0.5098173783628128
 0.5098010177168619
 0.5103836768717807
 0.5099545928890727
 0.550215419891211
 0.5535144906665717
 0.5565810291523403
 0.5517205422383025
 0.5512137675638769
 0.5391865801163114
 0.5325899487592798
 0.5429753673911279
 0.5418158541153535
 0.5303303634730515
 0.5263099198091554
 0.524752409876926
 0.5169159472454559
 0.5551653907518208
 0.5573743401281439
 0.5537674086859028
 0.5518395494844208
 0.5610410610288977
 0.5488232177706489
 0.5477739483372316
 0.5474590824740597
 0.5478634129536172
 0.5485691190766705
 0.5500369120649269
 0.5439025524300047
 0.549345470249758
 0.550562970023449
 0.5397870332031024
 0.5396974017269527
 0.5664835843219909
 0.5631250897496198
 0.5530102903972656
 0.5621798095686669
 0.5577314922802644
 0.5570127771695199
 0.5582402699954145
 0.5528021184193761
 0.5499607815406249
 0.5545427911170984
 0.5577762554128917
 0.5762354899438238
 0.5610372136419158
 0.5761755232458839
 0.5765467848906567
 0.5722466134545374
 0.5677741465684696
 0.5664019927617975
 0.5646131063303339
 0.5659048309171701
 0.5706259815701188
 0.5689078184063346
 0.5714161872951482
 0.5606849237164777
 0.5712369101281062
 0.5543500226406636
 0.5628364423210603
 0.5529210367387715
 0.5565007076497237
 0.5569658469148043
 0.5444735820117111
 0.5566968517878256
 0.557030935793295
 0.5639496930494079
 0.5557538644161014
 0.5614453089507215
 0.5552590883701398
 0.5611132869956718
 0.5601462928704377
 0.5364994634033698
 0.5356892346516822
 0.5485211321173373
 0.5346414351353386
 0.5447716778545529
 0.5461481031299582
 0.5448108188487983
 0.5453220041484761
 0.5392591667227593
 0.5415539887437432
 0.5454040539505207
 0.545164785403207
 0.5475010363778975
 0.5456616485310086
 0.5673870819135555
 0.557332603467857
 0.5746510470804969
 0.5755034886227197
 0.5721539319684105
 0.5717262937151523
 0.5699728756099823
 0.5694802007032412
 0.5530752260781301
 0.5558593286639727
 0.5610973297302231
 0.5617548681843866
 0.577382045946578
 0.5633857050758062
 0.5630935240370313
 0.5690622725313828
 0.5712627937060869
 0.5721930608384177
 0.565272137080471
 0.5748544394167344
 0.5677159337876471
 0.5640053062337145
 0.5576173998295731
 0.553470799000457
 0.5560198022762531
 0.5569583535770696
 0.5534807090507038
 0.5537630878471782
 0.5511760203702936
 0.5827001073669589
 0.5738791446282991
 0.5743884880234509
 0.575048403014768
 0.584143828821573
 0.5836208100879282
 0.5731522978003499
 0.5717413669938606
 0.5764616433875404
 0.5738823002335636
 0.5745692639896014
 0.5599079850098715
 0.5528135498018292
 0.5632686098456431
 0.5704361508083229
 0.5687734082215616
 0.5733338012868918
 0.5671777575376511
 0.5683050497002913
 0.5603750551284814
 0.5724560972603845
 0.5688588617739094
 0.5891743940196124
 0.5797450592503142
 0.5659202203203699
 0.5812643273197764
 0.5787195179776037
 0.5799763621993735
 0.5813409157467962
 0.5788658317442208
 0.5807753364928269
 0.5830989768397623
 0.5766394737151601
 0.5758562678455504
 0.580968725034923
 0.5793199714766724
 0.571065607633521
 0.5634945205852183
 0.5640450669077577
 0.5585384972815612
 0.5510874583124517
 0.5532255811058157
 0.5541453644494537
 0.552620839140065
 0.5519866414295784
 0.5896164560445856
 0.5821403328248901
 0.5825884140743848
 0.5789783623754904
 0.5856022967728329
 0.5827720762824082
 0.5860294357024343
 0.5859011392189413
 0.5860692146748726
 0.5735745791498958
 0.5740159719994071
 0.5803187644647386
 0.5841162010289791
 0.5836493292338618
 0.5853379959193431
 0.5845522768868381
 0.5880791635736492
 0.5857491018123474
 0.584991314122804
 0.5865089740420609
 0.5941281815631553
 0.5911796377832494
 0.5822648144114458
 0.5885655802398674
 0.5888488544891498
 0.5869629200777038
 0.5860667261715278
 0.5868621834968261
 0.587647116114023
 0.5802699865093357
 0.5860022883435679
 0.5844630574037863
 0.5805575608530469
 0.5766778190131748
 0.5653191932667074
 0.568142969935073
 0.5943344678890071
 0.5629349016874977
 0.5594306488020683
 0.5616731276884376
 0.5612831636122113
 0.5602821664212935
 0.5613620325328699
 0.5591305398529005
 0.5830248961730821
 0.5859394717003928
 0.5814633672853097
 0.5808125039072494
 0.5781765293338521
 0.5691775359547537
 0.5768729673344708
 0.5636463305349638
 0.5563397585030854
 0.5563447899053482
 0.5976181250594457
 0.5943227079398299
 0.5842072820215802
 0.585849057564554
 0.5771213069913401
 0.5819887824398624
 0.5656360556394154
 0.5607933375665928
 0.5683678486989922
 0.5643686731734689
 0.5599859635367317
 0.5650740203886883
 0.5623650480739233
 0.6010711474356356
 0.5915923623137443
 0.5921765818229836
 0.58537421665741
 0.5927223923126096
 0.5950864442501678
 0.589822441488339
 0.555375822146431
 0.5676276050003849
 0.5743513891620536
 0.5876547568222161
 0.5733829599112046
 0.5726382446030448
 0.5741547313393017
 0.5863971313966277
 0.5830103016938444
 0.5854344909676562
 0.6017024892581143
 0.6005380411910611
 0.602747782911763
 0.6005088011135189
 0.5983784955968422
 0.6009636131731996
 0.5899891023175811
 0.5963385204687108
 0.5966895727964441
 0.5949844590257951
 0.596531091367327
 0.5971306872551784
 0.5847406990397669
 0.577935800241111
 0.581193035244701
 0.5629869125705345
 0.5717607941309047
 0.5858802660669371
 0.5923557235684818
 0.5884641363099965
 0.5939713941281936
 0.6079734378997633
 0.6076921500601296
 0.600351815658102
 0.5971445179398234
 0.5944771522294078
 0.5761872666652823
 0.5793001719862999
 0.5761351626896198
 0.5659755169151252
 0.5658541389766463
 0.5703250832648855
 0.584842613459681
 0.5812046201487627
 0.5752021211562373
 0.5821955308131781
 0.5784351679655731
 0.5776428266551907
 0.582365883945744
 0.5803092637590905
 0.581863228308609
 0.5846047902690896
 0.6080685131289909
 0.6015928482926863
 0.59852148811896
 0.6000551812750966
 0.5973770758610801
 0.5861646014818598
 0.5865228507933987
 0.597726134957285
 0.6000823330946864
 0.5987985207737406
 0.5873043712776959
 0.594368443944599
 0.6061241219809894
 0.5832583037261386
 0.5982402713624312
 0.5927262593570847
 0.5916361210696016
 0.594636568163869
 0.5914678606752282
 0.6027075736390253
 0.6037285221262616
 0.6033475077227046
 0.603081124989062
 0.6007306117055302
 0.6036935588201693
 0.595696889204566
 0.5932537913032536
 0.5917175421304564
 0.5867079495230334
 0.586645553031036
 0.5920019824751837
 0.5868212862931228
 0.5925166362721419
 0.6071839849615195
 0.6051628949149658
 0.6019439627857182
 0.5942613727552633
 0.5780391877877211
 0.5989766000341137
 0.5989054875047629
 0.5960331206836944
 0.5987825767892047
 0.601397763219677
 0.5883541024401621
 0.5873350408466174
 0.5850938013290639
 0.5857569209968558
 0.5847387317361566
 0.5857868703490172
 0.5788495817374331
 0.6112823378590696
 0.6059899574729816
 0.6045491378329134
 0.6037119372851685
 0.5966067686803702
 0.5949528236382285
 0.5958657608826134
 0.5923027180145504
 0.5926125839087091
 0.6016413936919026
 0.5972560656713674
 0.5941486649062218
 0.6110498451799316
 0.5978359550720169
 0.6007907748175331
 0.6019379976255329
 0.6021816008878886
 0.6049591165863801
 0.5988637116805642
 0.5980519030687186
 0.6027613286119209
 0.6008241814551072
 0.5997333921562084
 0.6040212874650568
 0.6046378884909352
 0.5967780279152441
 0.5985041076059416
 0.5959839632166479
 0.5990291776380479
 0.6150160946684268
 0.5963723356285345
 0.595893763469344
 0.6003438615277978
 0.5984910765032245
 0.5942847271143429
 0.5985615076116356
 0.5877883314281532
 0.5993792702071594
 0.5965559638764272
 0.6214627961193411
 0.6226538060074948
 0.6195628762950033
 0.6056778417626257
 0.6204303686995623
 0.6209600956014569
 0.6183166415200076
 0.6102780828951679
 0.6109866732205854
 0.6137318650757378
 0.6119445453877761
 0.6128065300215929
 0.6100326700922939
 0.6146265599018579
 0.6207448412877354
 0.6105423452944723
 0.6107552299925165
 0.6078626762142809
 0.6042169426406824
 0.6121312506865498
 0.6120067049456226
 0.6112500835601086
 0.6021138365812645
 0.6123343201252049
 0.5941483823628297
 0.5958865941823714
 0.5973196943751977
 0.5990721955933951
 0.5994890654309231
 0.5976802490021577
 0.5997646134945243
 0.5968628320003024
 0.6258134806652427
 0.6098212309189508
 0.6060353134666394
 0.6175142411801089
 0.6160346860937828
 0.6168335718315574
 0.6249651374881938
 0.6241948826068677
 0.5986956719461378
 0.6066821510715835
 0.6058179981158848
 0.625667657010708
 0.6226455899568084
 0.6101635433928336
 0.6136639976549085
 0.6111224765005978
 0.6129698392677124
 0.6135220799664994
 0.6145570425886818
 0.6037241234853631
 0.6062471700090692
 0.59908095896374
 0.6000102642258568
 0.5980921889815974
 0.6000816178555712
 0.6012546008200259
 0.6051133643052932
 0.5979744999818822
 0.6032490251894893
 0.6261458379919699
 0.6245063145298744
 0.6123696290229177
 0.6126811735276936
 0.6199279390767962
 0.6158668913148998
 0.6175092440116994
 0.624250869456741
 0.5992467782222354
 0.6083566984389559
 0.6080799775109392
 0.6034635518973949
 0.6048417986775
 0.6108549240248287
 0.6106122188153065
 0.6069658887636381
 0.6055145486666789
 0.6058687611305652
 0.6037228865905319
 0.605905410759468
 0.5987059513169781
 0.6029299819232518
 0.6056396169123344
 0.6076475877940224
 0.6089657676485196
 0.6157276169503639
 0.6178940461325816
 0.6178154824898761
 0.6118108447185912
 0.6303714189819949
 0.6177094676253125
 0.615429488896591
 0.6204715066173913
 0.6279813053338592
 0.6223660549369915
 0.6174504551287301
 0.6215959500153343
 0.6253209727061861
 0.6171185621084535
 0.6180273391325199
 0.6136899114370102
 0.6159239316785311
 0.6086389088352583
 0.6014632248568266
 0.6011944792351509
 0.6004018299543273
 0.6297359327819562
 0.618101232349917
 0.6082828869688673
 0.6102600967485161
 0.6112360040319877
 0.6163697192076334
 0.6181908082423739
 0.6142518180348228
 0.620460763611132
 0.6072517875708094
 0.6023909435392396
 0.5986159669830735
 0.594753179510021
 0.6287270834939698
 0.6244573763650804
 0.6203261754787317
 0.6293865183278766
 0.6319863251314874
 0.6279028102202373
 0.6212599656812099
 0.6209593921645034
 0.6265552655728492
 0.627350058667946
 0.6263790951951311
 0.622342382173614
 0.6195469713378809
 0.6196420640092482
 0.6210241085113644
 0.6185308685559927
 0.6371456835337288
 0.6122113898914696
 0.6274820413491359
 0.6276819909611592
 0.6217268672577483
 0.6138046600856708
 0.6233799503321593
 0.6217332458339486
 0.6146893806530268
 0.6207591308733166
 0.5959586600836553
 0.5905580986389825
 0.6070128399608792
 0.6052952587889323
 0.6019736284666709
 0.599094765018015
 0.5972628971454629
 0.6320553567839473
 0.6264068927016293
 0.626928634668056
 0.6092248387917583
 0.6091223222907568
 0.6078383291503224
 0.6083722345256279
 0.6103147467524666
 0.6107592186365962
 0.6041160349477486
 0.6252787974665913
 0.6212823297094013
 0.621561413171818
 0.6216876595626559
 0.6264460270262148
 0.6209008955213225
 0.6179232634472476
 0.6123182767400073
 0.6064942978358588
 0.6206756532862112
 0.6264794548113664
 0.6147923045534285
 0.6242411733780793
 0.6206590329955659
 0.6189363810449067
 0.6210741730544751
 0.6170642991026891
 0.6109127531207701
 0.615149709979981
 0.611396330958994
 0.6302531834873586
 0.6260048065730219
 0.6239159035724231
 0.613735200953712
 0.6125119934189203
 0.6215913755783917
 0.6272350422053645
 0.6271926067884048
 0.6264164983110104
 0.6224730668758319
 0.6256709482111298
 0.6261916931636442
 0.6197839838266629
 0.6249530190782236
 0.6323631603655742
 0.6344801050865302
 0.6350486182248944
 0.6132396888592221
 0.6219411092155026
 0.6166497648672773
 0.614921493746291
 0.617719806889879
 0.6253388087833891
 0.624810812750344
 0.6277871567200488
 0.6233538087754366
 0.6230780754549797
 0.631197322664508
 0.6305338876843916
 0.6303832698269624
 0.6214643667707198
 0.6243748762883257
 0.6292721445390163
 0.6315774155520446
 0.6297236045954498
 0.6217962218518119
 0.6143884040151955
 0.6260380282693272
 0.6318261353582248
 0.6119990988324877
 0.6051738934696804
 0.6127447233412401
 0.6079683772758689
 0.6177556362983068
 0.6138315435497972
 0.6127703432467752
 0.602741527412202
 0.6139768649017447
 0.6143185191433668
 0.6185033849236571
 0.6114679182462913
 0.6225607013355392
 0.6260943356541271
 0.6239772495379825
 0.6236082981345367
 0.6277078565872427
 0.6376989112205201
 0.6291492259272035
 0.6234528676048907
 0.6144171931023913
 0.6156061148152291
 0.6248088178853975
 0.6304463658877685
 0.6331237125834724
 0.6346002917701232
 0.6325327486949647
 0.6310454091450147
 0.6292519268638328
 0.620468761488259
 0.6138171061200202
 0.5837883652933338
 0.5743020541288668
 0.5770497895293862
 0.5852425752757047
 0.594888374033283
 0.613494793246909
 0.6272825485400261
 0.6265122556116721
 0.6185585551232597
 0.6145149400107199
 0.6152537184985809
 0.6143004211078293
 0.6176376185852387
 0.6202466951945795
 0.6155561922181436
 0.6228775121450105
 0.6228836405185565
 0.6313044406167769
 0.6378397915390706
 0.6332300168372587
 0.6314973798171832
 0.6212669971215798
 0.6213520611103316
 0.6249798766226331
 0.617764543382798
 0.6067512858593261
 0.6160618772160619
 0.6097059364289863
 0.6327860975661957
 0.6151271796483376
 0.6113856623526401
 0.6093259008029327
 0.6320632307774721
 0.6349476586183587
 0.6345090955859012
 0.6396869259050681
 0.6400455686895956
 0.638337211608168
 0.6288727640865257
 0.6276292872877727
 0.6364480994250657
 0.6370951924898989
 0.6354113263189223
 0.6355438506404736
 0.638012234464266
 0.6343478448074283
 0.5958012950041509
 0.6086606696124939
 0.6028012785160061
 0.6110119336351519
 0.6095891191991851
 0.6067509942012488
 0.6112327958606333
 0.6425584334550363
 0.6388510446997006
 0.636813209849618
 0.6354259980058934
 0.6444362354494748
 0.6392830520899035
 0.6203704435091441
 0.6194073781707117
 0.6149831166256872
 0.6172805591763495
 0.6297056820021465
 0.6349255373281056
 0.636322107494868
 0.6402374212850639
 0.6354165874087142
 0.6370877589074542
 0.6413356096166825
 0.6418116316107838
 0.6284361527409221
 0.6300386544913871
 0.6321741460650447
 0.6331876538646537
 0.634723465629494
 0.622856111422505
 0.6245971689937726
 0.63231736733403
 0.626376700841865
 0.6198918875933066
 0.6437125701037036
 0.6454026536149186
 0.6232845801182922
 0.6315821203109242
 0.6281596194449804
 0.6221371731536417
 0.6265026720469586
 0.6326051292087198
 0.6342254847386312
 0.6260135922770811
 0.6491009231403397
 0.6464873257068979
 0.6458070298935384
 0.6346601325654945
 0.6311002109671046
 0.6309244434310963
 0.6396652369409758
 0.6303025660961108
 0.6239805503866547
 0.6217850847318733
 0.6323696347019765
 0.6372011860461793
 0.6319102286390431
 0.6353720506097044
 0.6497640319211738
 0.6504339080624357
 0.6494245855841048
 0.6459331674480775
 0.6247509634328502
 0.6156243572463953
 0.6273192525670211
 0.6237380508516663
 0.6097588093007872
 0.6041989520153217
 0.6003433434761325
 0.6483942322914972
 0.6414439979332055
 0.6312997048461508
 0.6358974894560873
 0.6449534532621983
 0.6275871814303755
 0.6307655155489108
 0.6313877694550926
 0.6128716313827216
 0.6246423444962602
 0.6272296818641859
 0.6095317541673587
 0.6157079469894444
 0.6519272081466357
 0.6446740711783172
 0.6450165940838212
 0.6237695351836262
 0.626373557952995
 0.6285008415815273
 0.6264173355936615
 0.6505643433090735
 0.6426747146880404
 0.6489171458830951
 0.6476978814666908
 0.6455700225676319
 0.6383628613097716
 0.643591996334666
 0.6354091275512845
 0.619969958346427
 0.6288517841881582
 0.6540513099746643
 0.6431232572339939
 0.6229498617078268
 0.6196645838138745
 0.6047008269756602
 0.6223345502287192
 0.6148969744986534
 0.6166360867474134
 0.6019986241887738
 0.6562537241594038
 0.6267418364687739
 0.6393093224261465
 0.6316187929524182
 0.6193104621682151
 0.6365605379485163
 0.6503966624554782
 0.6130711398469421
 0.6095595944531118
 0.621968467941708
 0.6142353045488729
 0.6113360454503373
 0.6168710229141532
 0.6544031848913802
 0.6344366057099001
 0.6483282445659333
 0.649922212312384
 0.6445690554282268
 0.629332188180715
 0.6164440776181177
 0.6233516682697432
 0.6369900128973878
 0.6434004318153069
 0.6327088862924362
 0.6567229924397675
 0.6544849306485629
 0.6579349091890173
 0.6538080439948903
 0.638093948983757
 0.6462200264267181
 0.6305821540739935
 0.6466276367688056
 0.6516304879937945
 0.6392124576478685
 0.6471710324888729
 0.6449462929637095
 0.6499416068141248
 0.637483895275142
 0.6379105028833501
 0.626720864067577
 0.6239324822054961
 0.6256850857489689
 0.6426755562973102
 0.6343579645959739
 0.6449435804805373
 0.6258003149020088
 0.6084859760602366
 0.5978711913323069
 0.6425289992526907
 0.6525170807343063
 0.6543490839685669
 0.6486379024445554
 0.6159355096332462
 0.6205121983244848
 0.6319950807287849
 0.6371309768913933
 0.6374919191693864
 0.6367757381409248
 0.6344387979932372
 0.6355725281447127
 0.6176570835951926
 0.631081765301025
 0.6081238241018305
 0.6414257517882378
 0.635004180776755
 0.6250246119839022
 NaN
 NaN
 NaN
 NaN
 NaN
 NaN
 NaN
 NaN
 NaN
 NaN
 NaN
 NaN
 NaN
 NaN
 NaN
 NaN
 NaN
 NaN
 NaN
 NaN
 NaN
 NaN
 NaN
 NaN
 NaN
 NaN
 NaN
 NaN
 NaN
 NaN
 NaN
 NaN
 NaN
 NaN
 NaN
 NaN
 NaN
 NaN
 NaN
 NaN
 NaN
 NaN
 NaN
 NaN
 NaN
 NaN
 NaN
 NaN
 NaN
 NaN
 NaN
 NaN
 NaN
 NaN
 NaN
 NaN
 NaN
 NaN
 NaN
 NaN
 NaN
 NaN
 NaN
 NaN
 NaN
 NaN
 NaN
 NaN
 NaN
 NaN
 NaN
 NaN
 NaN
 NaN
 NaN
 NaN
 NaN
 NaN
 NaN
 NaN
 NaN
 NaN
 NaN
 NaN
 NaN
 NaN
 NaN
 NaN
 NaN
 NaN
 NaN
 NaN
 NaN
 NaN
 NaN
 NaN
 NaN
 NaN
 NaN
 NaN
 NaN
 NaN
 NaN
 NaN
 NaN
 NaN
 NaN
 NaN
 NaN
 NaN
 NaN
 NaN
 NaN
 NaN
 NaN
 NaN
 NaN
 NaN
 NaN
 NaN
 NaN
 NaN
 NaN
 NaN
 NaN
 NaN


# name: mean_error
# type: matrix
# rows: 1541
# columns: 1
 1.501132141904975
 1.498819250550812
 1.498907376980174
 1.491628296487455
 1.487120268959137
 1.481468892496067
 1.47972025687008
 1.47229199288827
 1.464086616693541
 1.44184499719718
 1.441119629925626
 1.420204121494382
 1.39512141086078
 1.385039846910833
 1.384127703554646
 1.373611296245584
 1.367598959957595
 1.364065186471773
 1.358291095101465
 1.357622300528143
 1.213521025466475
 1.211548116570161
 1.209964740229743
 1.205764793224806
 1.204475230283314
 1.201554110312405
 1.200592188619683
 1.200098318779009
 1.200552363670425
 1.19986392141932
 1.198891543533987
 1.196616757652353
 1.192194264287792
 1.193540309967091
 1.189519328984172
 1.238926538071063
 1.24652377159058
 1.250453130015028
 1.244441737895424
 1.244906424737858
 1.254268791111983
 1.194848563184044
 1.202741785855837
 1.201298073226622
 1.20583467997621
 1.204170654712068
 1.209892359227418
 1.206917810930914
 1.205856784815972
 1.218785296109086
 1.217039292193226
 1.226641319261911
 1.229016997653526
 1.229879901449124
 1.238144823614287
 1.237374156075518
 1.244399729922947
 1.233705110243565
 1.234909792374967
 1.234334502093213
 1.237470675455528
 1.245928512712385
 1.257283981447636
 1.242268766608671
 1.239423097529864
 1.238165682293298
 1.243323299681917
 1.237948425557709
 1.248836837437159
 1.249475608143445
 1.249703555992802
 1.250048868801446
 1.250456029910358
 1.250514098984418
 1.249880322523788
 1.247244806242486
 1.242747765564077
 1.19396585617534
 1.195093956880076
 1.203943874420051
 1.212526084763309
 1.202111428310214
 1.224919102488838
 1.227937985806274
 1.225450474659691
 1.223274575708018
 1.221433572314922
 1.220159305967732
 1.221460699215746
 1.222833926771224
 1.225696948740482
 1.226216360063228
 1.2252900561693
 1.229917256465093
 1.229996945368514
 1.232177984466397
 1.230048267011532
 1.235163816546205
 1.240178894414353
 1.239621397195209
 1.256319291732916
 1.240140692719994
 1.245424081412757
 1.246186694682546
 1.243172368340449
 1.24274058705315
 1.242500460435393
 1.245579947907093
 1.245699059131894
 1.249413436847042
 1.251176827586054
 1.251400576273664
 1.2494100922328
 1.249987668069095
 1.244290440785706
 1.245688835868242
 1.241113749866771
 1.240606646215823
 1.244237173408296
 1.243732046985532
 1.173111089919746
 1.17458357371224
 1.191338766754302
 1.208732229586607
 1.203581936470724
 1.210417115077226
 1.210988113258544
 1.206479701510396
 1.207539664058273
 1.196854822661751
 1.185564719977787
 1.181216466530171
 1.185121955216762
 1.182835514159392
 1.185826449269909
 1.191062863366882
 1.190488379981408
 1.189182989862514
 1.191207321870289
 1.184147118672705
 1.178096996012129
 1.176476276785565
 1.188995830702942
 1.188607746139463
 1.18586943770933
 1.185950764673881
 1.182778668888164
 1.184537246506565
 1.187459870768063
 1.186571636158178
 1.186591630252272
 1.187288067725529
 1.187740047861325
 1.190080110131982
 1.188791518259726
 1.18858924841033
 1.187550726192336
 1.185304845744245
 1.173924088612059
 1.179906591809356
 1.172690542595481
 1.181036079126015
 1.170253301403839
 1.166892348709468
 1.166060399785444
 1.144367569753755
 1.144554857804378
 1.130200211511957
 1.129975547818711
 1.134600750895193
 1.132485213568371
 1.132963171749104
 1.12929614317707
 1.128009302495669
 1.134518187334086
 1.137912016765114
 1.144284393987895
 1.1454155146443
 1.155161493599524
 1.156709049734281
 1.159065161412013
 1.153673196637738
 1.152994148510964
 1.168750738725598
 1.163557262038321
 1.178205417199869
 1.178363450456784
 1.179589786313231
 1.18536494386651
 1.18091387187589
 1.182586121410797
 1.184432916441086
 1.185310075685186
 1.186341771766497
 1.171152514560758
 1.170153043290395
 1.173189011597084
 1.171337605415443
 1.170907788118623
 1.174218086485596
 1.176576341165862
 1.159094552454851
 1.159429493475036
 1.159333002864103
 1.159912242006038
 1.16128757402035
 1.168762932709945
 1.169061112385034
 1.170365882801915
 1.169335365031061
 1.172836441366834
 1.170123166588664
 1.166271915174995
 1.147189425033372
 1.165978862810466
 1.163106185505675
 1.163463276544595
 1.164313960997222
 1.174346813096926
 1.171940754548875
 1.18133170737843
 1.189408888125806
 1.185997262618755
 1.182233113471423
 1.178851171720857
 1.174669641372536
 1.167719444006513
 1.166623890880663
 1.17219293743755
 1.170424591736731
 1.169747993668402
 1.170581635501013
 1.172143685957895
 1.181971742051017
 1.168216054419214
 1.174795655877451
 1.17691608616437
 1.177259319485792
 1.178767034148715
 1.165039450676229
 1.175887943802171
 1.171504812558541
 1.169971805471127
 1.170996753302149
 1.16677928852979
 1.153658616472379
 1.152518963423571
 1.158351349971007
 1.150294877661519
 1.153216662430766
 1.152911944295512
 1.156790714447004
 1.15907084459912
 1.155021767933446
 1.157478237005109
 1.15819208018592
 1.158612862821538
 1.159756187233407
 1.153363983347662
 1.154806333288601
 1.154218082498969
 1.153924735828792
 1.153587730072452
 1.150165519757304
 1.149278540930894
 1.143176932532497
 1.146242504206031
 1.146028384805567
 1.176315014094971
 1.170130624764618
 1.17489561752316
 1.17835274386168
 1.169824822478944
 1.150225944998626
 1.149976848851378
 1.151971298287475
 1.153504957154899
 1.152191101940229
 1.154212085311404
 1.150259201672263
 1.15071817558855
 1.146118360175243
 1.147243025515392
 1.147433407898898
 1.150448787230393
 1.151047429688528
 1.145739738596635
 1.143689982264549
 1.168259515336976
 1.152103732855885
 1.155308489445971
 1.164080046547685
 1.164811729567732
 1.163835739079986
 1.168586742232747
 1.166300548930693
 1.165979380365378
 1.156054351005167
 1.170791385301435
 1.170923032795057
 1.173206571901844
 1.167371127264941
 1.174291667545711
 1.18332349639729
 1.177431123282999
 1.177748401967282
 1.176472656549992
 1.176382328899024
 1.177460491423479
 1.178035432302707
 1.176727212149947
 1.182866314497449
 1.180339516530126
 1.18408970101271
 1.184032261876508
 1.180198658838262
 1.177690783271124
 1.175674253077613
 1.184969512949584
 1.167989095090889
 1.154716965342131
 1.152060005128855
 1.145402285295281
 1.152760572661026
 1.160851438929314
 1.164605473068213
 1.16410622713681
 1.167874537704314
 1.153326738790359
 1.15515525792171
 1.153912495382778
 1.153864462908469
 1.154729424386257
 1.155846748615714
 1.157297747130514
 1.155503671871062
 1.162737733426783
 1.153946949739427
 1.150396908592695
 1.152639719454547
 1.154696694316796
 1.155253103086316
 1.158123056247036
 1.15968163738472
 1.158333954754822
 1.157668534662044
 1.187711369363784
 1.192868784566491
 1.178052931380788
 1.17765299582899
 1.172203488376454
 1.186108529763785
 1.179020446704517
 1.175746003580918
 1.166093983789994
 1.17197242132266
 1.171193854994805
 1.178619255782131
 1.212931672022089
 1.214861531844039
 1.219751109493427
 1.220052844945638
 1.219976756996682
 1.219152341451543
 1.218247263885615
 1.219232822474662
 1.213185061456629
 1.212249739108561
 1.214096153473896
 1.214726847796925
 1.205425137419136
 1.206403195935251
 1.202784141284053
 1.198296363367653
 1.20134583933712
 1.203475135376294
 1.203656250464395
 1.194912484073628
 1.179450920183891
 1.179018965526528
 1.186465756980583
 1.186673501667292
 1.187613594248423
 1.184195176409271
 1.177910858448904
 1.178583889901773
 1.177584422800864
 1.178062183405832
 1.176238947633542
 1.177644264506599
 1.179782108000256
 1.178778866283679
 1.178021355662955
 1.179853811004712
 1.181112893665899
 1.181373867087878
 1.182804172952503
 1.18314372673482
 1.180303202612916
 1.18274436856769
 1.195634573229407
 1.202207820096352
 1.197144512034461
 1.210591393380318
 1.207757589724491
 1.206039216899478
 1.202238093566554
 1.198638189493921
 1.200460606496172
 1.202687308195008
 1.196189712301527
 1.19746220558753
 1.196799357499197
 1.194341066626208
 1.196140748186557
 1.202197868493146
 1.177864735820857
 1.176298882137996
 1.17128471196452
 1.17116158584352
 1.172043520723543
 1.17381134085203
 1.173740789585281
 1.173886484803956
 1.163529294497313
 1.163402385540038
 1.162922335394934
 1.159148415511532
 1.163437443736389
 1.165827994234448
 1.163027751883951
 1.161296474844384
 1.16053656676142
 1.15764894519543
 1.154525182225773
 1.164385929319687
 1.164489413887563
 1.165647411164779
 1.166888274462229
 1.218068765640187
 1.202622361895011
 1.208165848320918
 1.198423610260575
 1.171828631186009
 1.17363290399868
 1.174364387834921
 1.17461874068162
 1.164121800960549
 1.162391745524671
 1.17240630379226
 1.160128608785332
 1.162923448550544
 1.165867362655994
 1.165297407368473
 1.167774370488873
 1.167472803787463
 1.167903817634413
 1.167575083189319
 1.166569698895163
 1.165792996894606
 1.159217809043211
 1.156722464209686
 1.161692781629472
 1.170072727415376
 1.174014867190897
 1.170744380279272
 1.175067474856992
 1.176052952707936
 1.17547112917218
 1.17571892227026
 1.20866100819257
 1.212891404240547
 1.206560112484481
 1.205391127403182
 1.183088915918764
 1.182595763716118
 1.177243662321517
 1.179879524386147
 1.182867266564567
 1.180134398853708
 1.181690152459049
 1.174285854139883
 1.174727944902923
 1.166419057569797
 1.162172300863995
 1.163270371357686
 1.159689873671262
 1.159710307593664
 1.173321445706128
 1.160688198974411
 1.16128549939
 1.162582338652307
 1.16296699366087
 1.163236774362888
 1.163198565016234
 1.163027810151646
 1.162683344340542
 1.161594733411415
 1.160992344413207
 1.163070251002771
 1.160504309983924
 1.162419799473422
 1.164488418193434
 1.16400988617144
 1.164366405188658
 1.161495844195683
 1.161175367548506
 1.160223553651981
 1.204217557950851
 1.189652771417617
 1.199159365635469
 1.195290331578487
 1.186016505732737
 1.187792678896963
 1.184613323592199
 1.186043232916775
 1.179124664293187
 1.177553346959012
 1.178892058452611
 1.173220717335149
 1.171217188031371
 1.171808700580927
 1.172771625281169
 1.174415049543204
 1.17500135046093
 1.175289946674648
 1.172170988753639
 1.16347078072213
 1.157106328462505
 1.156388313070235
 1.153817300333899
 1.15904508029047
 1.160962178848794
 1.159447249082828
 1.162918154845915
 1.167793571244114
 1.172888373540323
 1.176391295768198
 1.17640066490498
 1.177930759135373
 1.174367891800016
 1.174809062418882
 1.175132655120004
 1.195980941284037
 1.201392011141246
 1.198132309282065
 1.192645804124123
 1.187655048998179
 1.186644693732904
 1.182525159658396
 1.180357156863969
 1.176103749221816
 1.17860324656057
 1.18017929690557
 1.180989826329651
 1.182811264859417
 1.183287245648045
 1.175156500278522
 1.175027424697797
 1.175202137035774
 1.186018217305518
 1.190885863616254
 1.190541635339434
 1.19052743905028
 1.195608532510332
 1.199241831575882
 1.20373352923614
 1.210458443300987
 1.210919646096658
 1.210568544438805
 1.179769563052619
 1.174822982693157
 1.157429323066742
 1.155625097004859
 1.158149390746458
 1.151573836348857
 1.151043598157721
 1.151361841756791
 1.153671341451831
 1.152276462823274
 1.15095959067369
 1.149560123890958
 1.150849554632727
 1.161928353829875
 1.1524743452435
 1.145605017702323
 1.124871886866958
 1.130464140415333
 1.134281346210934
 1.132718595019003
 1.131964510534074
 1.133744762920844
 1.135984025018926
 1.136222561747084
 1.139912908748078
 1.14419892692627
 1.150042187584348
 1.140583465490027
 1.141280111376174
 1.152419517691491
 1.134603497327757
 1.151906419628846
 1.157829383309909
 1.132625832278925
 1.143387915121714
 1.144689144517145
 1.154120722770751
 1.142269268198028
 1.145988842128657
 1.16214710602681
 1.147769811964247
 1.122926761410249
 1.121124980861069
 1.12334610708989
 1.120947590705893
 1.113510130039789
 1.117111640480076
 1.116176920856797
 1.125726050048804
 1.154953443275849
 1.164490496510111
 1.148183592812848
 1.149252323254859
 1.134386163070245
 1.14920570034685
 1.111160855405326
 1.114743996290243
 1.125806277206702
 1.162751007126817
 1.157925696164059
 1.118273768245086
 1.128677055402861
 1.120930324721743
 1.12034531535077
 1.142905295104592
 1.150521258636843
 1.138644383283103
 1.161153031468166
 1.179736933545543
 1.160976839913533
 1.136700756896769
 1.12673883557376
 1.13675407721575
 1.157822464882443
 1.153168289668159
 1.162386840075973
 1.150880029994035
 1.163420381100835
 1.171924929393692
 1.189061209080533
 1.178463736340772
 1.184015959468973
 1.15878653952558
 1.119887735286002
 1.128275076896742
 1.146137445337135
 1.146656900112445
 1.132597417547485
 1.142858409926978
 1.14242348281125
 1.148532183747318
 1.156150171846593
 1.175915221951012
 1.167703382967962
 1.139658689695548
 1.130375235171903
 1.133783792690513
 1.133632168577611
 1.130509995809277
 1.127706762705329
 1.122083843065513
 1.125672415731183
 1.138945642901636
 1.151824861689594
 1.14852070173851
 1.144494722227628
 1.150105120640191
 1.153675443223058
 1.145586113350293
 1.144133100253372
 1.151310774967479
 1.118546129491644
 1.121142012795218
 1.117808650362414
 1.135407984011267
 1.11570861007904
 1.118494978542983
 1.145679124897796
 1.139445862679348
 1.139170388883463
 1.141569835940577
 1.124691268633059
 1.111180906261495
 1.108747085874322
 1.103462038918602
 1.097914149321256
 1.097332995791144
 1.106669935004885
 1.118098406381005
 1.110030191796646
 1.124032843860967
 1.119377843492704
 1.131644656125181
 1.116837034154432
 1.138200868664177
 1.136568576812938
 1.118130208016083
 1.118161663200608
 1.109741530267689
 1.113594404852536
 1.117381542119783
 1.113354838103009
 1.110148658157193
 1.11669583254019
 1.111350034880327
 1.121985885298677
 1.125196041677559
 1.122904311408522
 1.120943096328503
 1.123677942809441
 1.115144530562919
 1.113190857574612
 1.108555912031319
 1.104288159172927
 1.102860238474329
 1.102633988723372
 1.115063650144409
 1.113637992379551
 1.114944421902718
 1.118755323784149
 1.115997078639859
 1.104607627302061
 1.116900306793346
 1.120295455333165
 1.11472400964051
 1.116939924477895
 1.10911414038425
 1.13462129125227
 1.13568798680197
 1.122122739654755
 1.105022965312793
 1.103777424839111
 1.108721757176434
 1.111343151270132
 1.110986933190766
 1.113152806489254
 1.105318770007891
 1.119448096190013
 1.114523616867416
 1.113799851122108
 1.107391994762039
 1.104678747762766
 1.105578045068499
 1.084202616498869
 1.082507472736573
 1.090189465539678
 1.092652585732786
 1.085659104062104
 1.113338873340456
 1.108091884730817
 1.122633455399703
 1.124871638872846
 1.108778211318876
 1.116987636976071
 1.117779147133503
 1.115353736190573
 1.123660460315994
 1.116530870004071
 1.117065133152094
 1.121274309391515
 1.102751148406395
 1.101923463288798
 1.108610999574095
 1.106386764145321
 1.107508624091625
 1.11214940771022
 1.107443875953313
 1.112340220835657
 1.120085276911477
 1.109786358923833
 1.103828572439847
 1.086012285815475
 1.085969134459291
 1.090178303457825
 1.086356816880852
 1.086407443219588
 1.118031397983513
 1.111410557444787
 1.134420330581311
 1.130118016840386
 1.105621646926074
 1.097607270223115
 1.101504886164635
 1.099158805630535
 1.108072190704084
 1.11456925133061
 1.125399126502832
 1.116189875544388
 1.108973723822237
 1.110413993253579
 1.117316971494992
 1.114369929726445
 1.106770220199107
 1.095319127045933
 1.089311714637781
 1.094505085892144
 1.087412926303166
 1.095094126334577
 1.095161032292119
 1.098910222737715
 1.101180340486996
 1.122091938963872
 1.115183133160953
 1.123421283671096
 1.12773573552818
 1.118319232953535
 1.105419920853785
 1.11084942840539
 1.103769384377375
 1.09906914366082
 1.101523447745465
 1.105669337396647
 1.100321472301979
 1.115073963378736
 1.110766386508
 1.12192919599212
 1.106710363719762
 1.101993646411837
 1.097970673850836
 1.093239904963305
 1.096175006271025
 1.091819403164402
 1.09018839042806
 1.104783173446576
 1.111934352203663
 1.108319260264054
 1.112498836734351
 1.098740142855354
 1.095831101554209
 1.101868433321623
 1.098141225360288
 1.091598607499839
 1.099483940814155
 1.102406631545127
 1.105415073533541
 1.092831759707901
 1.083442101728538
 1.085111152981637
 1.087407538742703
 1.089126361073029
 1.100481338000003
 1.099485941068163
 1.089820970949991
 1.109258258089691
 1.105283726023765
 1.108948588358159
 1.11309142395566
 1.114013220044557
 1.120367087507907
 1.099961948719041
 1.097918362136288
 1.098331544485287
 1.091232950717248
 1.093242787103702
 1.092051433759213
 1.132275022752413
 1.111075039492839
 1.10132267648774
 1.105818742588536
 1.110600730767419
 1.106406179631573
 1.104857652093424
 1.106751837931842
 1.109131285187973
 1.100750969420621
 1.1057201489418
 1.107348834193595
 1.101581132861037
 1.10473579052285
 1.110521512937917
 1.111782301937569
 1.113153373515548
 1.11187177303911
 1.101379451136848
 1.106960328776779
 1.086703563633034
 1.085012811167782
 1.088189330644687
 1.096107246905829
 1.095734833118664
 1.087311401730584
 1.078487828693123
 1.065215566883737
 1.077100450908326
 1.066812828405772
 1.067165641964001
 1.066885660131087
 1.072625237126833
 1.063944855487643
 1.073139248447168
 1.074348611424223
 1.06968247370729
 1.074559149541509
 1.083241465536766
 1.0841650397106
 1.084963866749178
 1.090039944383154
 1.097096994205794
 1.089436344031549
 1.092610361867113
 1.090768894401396
 1.08436742929138
 1.083183085181285
 1.085513643066424
 1.077153597831502
 1.09241098769313
 1.086693413448728
 1.086155653345812
 1.085288583650733
 1.081071224787567
 1.082148607064584
 1.078099125894291
 1.074469849116309
 1.062532349394128
 1.069230576424911
 1.068473795177423
 1.080163870827966
 1.080638496225822
 1.084315012258799
 1.089436152869667
 1.085325251604447
 1.078758345131074
 1.105477158600865
 1.108014471772693
 1.096879982920483
 1.099514083347893
 1.097131928231489
 1.09974633608534
 1.097205301951937
 1.09696339626812
 1.09105487257745
 1.07453131052852
 1.079668310765407
 1.083687696310596
 1.077478889785547
 1.066827889733951
 1.066648074623519
 1.08294175115115
 1.07109711877503
 1.074272500278424
 1.072267185868418
 1.070835994125136
 1.070077901459566
 1.06290489690727
 1.071835381419392
 1.074574547683187
 1.0754167255423
 1.066699084008225
 1.063985428336569
 1.081190300354847
 1.061378971946324
 1.062155990523957
 1.058633197269862
 1.052046996578895
 1.059096795907365
 1.067031798843568
 1.078022067908925
 1.085240371351467
 1.078069304644011
 1.075752921888686
 1.074336906544623
 1.067048115641289
 1.08434735459916
 1.071787730883848
 1.082297709669277
 1.086041353715197
 1.06843174605328
 1.06922861546012
 1.072802245988761
 1.075499554281621
 1.075206131779329
 1.097613016104142
 1.081409557433295
 1.095039934345954
 1.074443635112891
 1.066675786792268
 1.075172295271905
 1.067599348233191
 1.076629505094309
 1.07217836693654
 1.073918256982767
 1.066759171134422
 1.078725805931685
 1.070772708936403
 1.093073093449974
 1.087522384212097
 1.078987622687755
 1.075759840409127
 1.085038007860638
 1.084211348954927
 1.098617811495202
 1.09201384769363
 1.063441800272052
 1.066774480404381
 1.07343910790666
 1.075357137415006
 1.071813513993749
 1.081799916925588
 1.081102661959193
 1.076691592761969
 1.083184186335096
 1.103223347649588
 1.09895589676139
 1.119125356958097
 1.112440083705505
 1.105670901974336
 1.108822584286033
 1.111220792337849
 1.112139535199536
 1.111504822511283
 1.104464171640424
 1.103515904593195
 1.109938944569602
 1.117340435180959
 1.123073238792612
 1.115140943741224
 1.114041780555022
 1.120284678014417
 1.108887213022931
 1.119541418151897
 1.121888780571478
 1.069793625464295
 1.084419448013814
 1.082777227212525
 1.075396203070827
 1.070933709897088
 1.072101316950152
 1.073052597194047
 1.078284434547134
 1.093047291454643
 1.084288762691916
 1.08428727495166
 1.077303381017756
 1.076417484885368
 1.076107342540258
 1.104359986886194
 1.097532148761737
 1.092045534736277
 1.071908624995233
 1.077569425606765
 1.085564691584569
 1.085275888351631
 1.085359718342781
 1.082715901789636
 1.07898064586537
 1.079253666362509
 1.09048558007769
 1.102474674598135
 1.092305450441657
 1.094637840169377
 1.095745728822772
 1.062194665061804
 1.063971013252295
 1.072206018137493
 1.064290860274187
 1.065636864329532
 1.064288624612364
 1.074764528004061
 1.073897385596647
 1.062485995221257
 1.058548548058833
 1.057776685701454
 1.074197249827785
 1.070973834821728
 1.074286093390123
 1.065854056241875
 1.060016124339873
 1.054895788306529
 1.075664703711228
 1.076959243903948
 1.079837973061542
 1.089552820184207
 1.087144547942425
 1.073835748349528
 1.075381957446283
 1.089091331795863
 1.076329859533942
 1.086646805015711
 1.075819812188415
 1.07420793814094
 1.080495527203153
 1.084189319702225
 1.079421284982182
 1.081935717905198
 1.057057679128872
 1.057543606303067
 1.064208835117037
 1.087542565933176
 1.087218503394091
 1.095743195426828
 1.111870494441927
 1.102078675506184
 1.102349107194346
 1.116217054884142
 1.064031010697235
 1.058587625183968
 1.0531099835304
 1.052936940221496
 1.047139415129918
 1.05456757990471
 1.054571267714651
 1.054282708422808
 1.049919089187615
 1.048399622778122
 1.048930567781493
 1.052955107358355
 1.049908966474624
 1.058652545013089
 1.061100788536609
 1.062540662064915
 1.065085982039238
 1.06401721105113
 1.076804261076677
 1.073005417624961
 1.052912697332216
 1.056404791264793
 1.072074868869454
 1.069056611813759
 1.076111351331847
 1.079247625154488
 1.065069941908019
 1.063116915185284
 1.05718600162543
 1.059923073920258
 1.053070650720834
 1.05720055741425
 1.056189117039243
 1.069907229930279
 1.055295110624271
 1.061805098655832
 1.075341947068214
 1.068044498432255
 1.073361359256034
 1.071316408594231
 1.081376363143321
 1.086732576918157
 1.051981295871468
 1.054288238711498
 1.047569219666498
 1.061278495355247
 1.060258125806288
 1.052686391386027
 1.040286214969446
 1.04439038461931
 1.058809990854213
 1.060819260404326
 1.049182448649334
 1.043547671991314
 1.047005152869748
 1.066886610463706
 1.060470380431275
 1.054389796908235
 1.041213673259419
 1.06173884079127
 1.051958307297323
 1.063051346757896
 1.05309121536953
 1.054462005919497
 1.056416532243084
 1.064289815572657
 1.06116229282105
 1.059628282418874
 1.062172244852779
 1.061695021704026
 1.065990572333507
 1.069953689297821
 1.072711812679799
 1.076734492263024
 1.072418791773569
 1.052975524463176
 1.042115767463711
 1.046301884001628
 1.048211489705924
 1.055697322040371
 1.056709177750789
 1.05744844214515
 1.063194950286561
 1.055279585844345
 1.055264533230083
 1.055350942049388
 1.054980518393413
 1.054559261568343
 1.064414135669641
 1.066737649742288
 1.069291956425947
 1.066711980471548
 1.065729223054352
 1.071449337411274
 1.068804746008259
 1.038094138660495
 1.04129657867509
 1.042556116395949
 1.047262207264552
 1.058088309192402
 1.069269831227962
 1.065028381320294
 1.061354783706283
 1.051356389436201
 1.0621096308233
 1.062515180111216
 1.061495601723446
 1.051714032756405
 1.048984843681461
 1.061905021580646
 1.072372552837166
 1.059532427645134
 1.055287570078521
 1.051685990350984
 1.062058757586299
 1.06497791089245
 1.06776576624857
 1.063484157990671
 1.046561591109659
 1.0876741127922
 1.076253835138302
 1.078929597015935
 1.045924913306853
 1.044269455553524
 1.037297002365744
 1.047347025536018
 1.046692066694318
 1.051792497170275
 1.041002512247583
 1.035240009767591
 1.050299821220623
 1.054868744151087
 1.062386498956638
 1.047710506465297
 1.049424273705801
 1.057135472567435
 1.074710061494613
 1.058340019078058
 1.062485946109539
 1.062355029317011
 1.065567607084289
 1.068347693648531
 1.069310110936047
 1.042070998967359
 1.056682057739008
 1.048748827812794
 1.042672153679682
 1.039729120184991
 1.063132911111816
 1.057715262344881
 1.046511805353487
 1.053112751021999
 1.058464760253128
 1.050321081148602
 1.055955280360063
 1.053599796954745
 1.043515165960593
 1.041503540088454
 1.043077138858358
 1.036391749591406
 1.046733325317589
 1.067984370081391
 1.059701510794034
 1.054674620486543
 1.03547347147545
 1.043232006092414
 1.036403912018985
 1.03535442001894
 1.04955295501746
 1.042163575233023
 1.044654977704102
 1.033257004725174
 1.030842034057725
 1.029770794975601
 1.044607678356348
 1.064785771392898
 1.067766147980175
 1.075817363313182
 1.074829254345523
 1.066696890944174
 1.068577118956268
 1.048197513339472
 1.062902423887869
 1.070355339343771
 1.06690575408284
 1.065784771404179
 1.053720905688748
 1.064119836941911
 1.05667763980473
 1.043007742951939
 1.05057778331097
 1.053991548971876
 1.040936481879479
 1.04074957302706
 1.042678264890005
 1.050856519166518
 1.036546688197205
 1.037533654293724
 1.039470741306433
 1.082742557244035
 1.081640506065737
 1.094078558615115
 1.092577329537582
 1.091859125151565
 1.094809829200836
 1.090292689647955
 1.046000073844173
 1.061211718060711
 1.066667919939839
 1.060642542121854
 1.058753244855119
 1.066942486176521
 1.057664535136872
 1.06611062322127
 1.065681594360014
 1.071170023269308
 1.064134813742041
 1.054433154654891
 1.05923103498087
 1.051836502478445
 1.047429164728799
 1.045164151420799
 1.030710206588169
 1.03336173851064
 1.043345777882616
 1.051747962358179
 1.052443116231885
 1.043805581520034
 1.041630056049801
 1.04105573895328
 1.034348125585073
 1.043731200055922
 1.027892545962921
 1.025876416751819
 1.033561452160418
 1.039346243639863
 1.046791161840555
 1.060291564477899
 1.051968443821321
 1.072070498369324
 1.069013265935704
 1.069864370143451
 1.07561129461632
 1.062567171624077
 1.058766067015229
 1.040432278522421
 1.060928155118728
 1.053822363264586
 1.068308832317662
 1.070498507220533
 1.059788496286275
 1.04428431210141
 1.077757428069998
 1.081230240042493
 1.074922954078884
 1.090158678842348
 1.073745056637438
 1.072068864303385
 1.053421521468656
 1.068386360627016
 1.063217302633892
 1.060956930933407
 1.060190719978273
 1.068543667636178
 1.05903323534979
 1.064678512260671
 1.066321578536214
 1.045350932818272
 1.056178330391145
 1.049149069126076
 1.0555691633006
 1.040036761524448
 1.038597524159439
 1.031590893251813
 1.0323217821298
 1.039680080959348
 1.030471032471436
 1.050689830520605
 1.055960515189878
 1.060043829096576
 1.066765844504465
 1.056000537926341
 1.068974497614993
 1.068482745448315
 1.056115776301175
 1.057492956606251
 1.052874730805921
 1.043446318722092
 1.045363632759279
 1.038738481946873
 1.057703576961931
 1.060058787838936
 1.064678414012149
 1.05447895656616
 1.035840612654246
 1.047999942731838
 1.038995428978575
 1.060295817049062
 1.058367913474511
 1.051163838205608
 1.052870929984728
 1.041855868794595
 1.044631144185129
 1.033590188898681
 1.036024186902342
 1.057212764511868
 1.057943779468785
 1.057430747072886
 1.045606900540734
 1.057610363474336
 1.061235589435252
 NaN
 NaN
 NaN
 NaN
 NaN
 NaN
 NaN
 NaN
 NaN
 NaN
 NaN
 NaN
 NaN
 NaN
 NaN
 NaN
 NaN
 NaN
 NaN
 NaN
 NaN
 NaN
 NaN
 NaN
 NaN
 NaN
 NaN
 NaN
 NaN
 NaN
 NaN
 NaN
 NaN
 NaN
 NaN
 NaN
 NaN
 NaN
 NaN
 NaN
 NaN
 NaN
 NaN
 NaN
 NaN
 NaN
 NaN
 NaN
 NaN
 NaN
 NaN
 NaN
 NaN
 NaN
 NaN
 NaN
 NaN
 NaN
 NaN
 NaN
 NaN
 NaN
 NaN
 NaN
 NaN
 NaN
 NaN
 NaN
 NaN
 NaN
 NaN
 NaN
 NaN
 NaN
 NaN
 NaN
 NaN
 NaN
 NaN
 NaN
 NaN
 NaN
 NaN
 NaN
 NaN
 NaN
 NaN
 NaN
 NaN
 NaN
 NaN
 NaN
 NaN
 NaN
 NaN
 NaN
 NaN
 NaN
 NaN
 NaN
 NaN
 NaN
 NaN
 NaN
 NaN
 NaN
 NaN
 NaN
 NaN
 NaN
 NaN
 NaN
 NaN
 NaN
 NaN
 NaN
 NaN
 NaN
 NaN
 NaN
 NaN
 NaN
 NaN
 NaN
 NaN
 NaN


# name: iter_improve
# type: matrix
# rows: 1541
# columns: 1
 1
 9
 23
 26
 27
 44
 53
 97
 99
 118
 128
 148
 166
 169
 216
 226
 231
 249
 379
 630
 842
 846
 852
 853
 857
 873
 890
 905
 927
 929
 932
 935
 937
 938
 940
 943
 954
 965
 976
 981
 996
 1000
 1017
 1018
 1019
 1027
 1032
 1039
 1042
 1045
 1058
 1068
 1075
 1086
 1098
 1113
 1131
 1160
 1181
 1190
 1193
 1217
 1234
 1255
 1295
 1387
 1389
 1393
 1403
 1407
 1548
 1554
 1606
 1617
 1642
 1691
 1854
 2000
 2002
 2016
 2021
 2056
 2061
 2063
 2066
 2079
 2089
 2091
 2106
 2126
 2135
 2144
 2163
 2188
 2231
 2234
 2239
 2242
 2250
 2275
 2300
 2333
 2348
 2360
 2413
 2468
 2513
 2629
 2642
 2675
 2722
 2734
 2761
 2781
 2782
 2803
 2870
 2991
 2997
 3000
 3000
 3013
 3014
 3018
 3028
 3055
 3057
 3062
 3068
 3094
 3121
 3137
 3138
 3153
 3160
 3181
 3190
 3212
 3258
 3263
 3278
 3303
 3319
 3357
 3378
 3409
 3424
 3485
 3492
 3494
 3529
 3566
 3604
 3621
 3958
 3974
 3992
 4000
 4003
 4014
 4015
 4023
 4033
 4043
 4048
 4059
 4072
 4111
 4117
 4128
 4131
 4145
 4151
 4155
 4157
 4168
 4171
 4186
 4199
 4205
 4226
 4234
 4244
 4254
 4265
 4282
 4294
 4297
 4329
 4343
 4399
 4506
 4561
 4591
 4621
 4645
 4821
 4858
 4894
 4990
 5000
 5001
 5002
 5013
 5023
 5026
 5029
 5034
 5051
 5063
 5066
 5081
 5086
 5094
 5096
 5108
 5109
 5189
 5222
 5226
 5227
 5248
 5302
 5307
 5606
 5651
 5679
 5686
 5731
 5776
 5796
 5888
 5915
 6000
 6004
 6010
 6015
 6020
 6022
 6041
 6049
 6085
 6132
 6144
 6155
 6164
 6165
 6166
 6170
 6171
 6186
 6204
 6219
 6257
 6264
 6325
 6442
 6502
 6550
 6589
 6711
 6747
 6778
 6794
 6843
 6856
 6980
 6995
 7000
 7001
 7002
 7005
 7009
 7010
 7017
 7036
 7043
 7051
 7056
 7107
 7132
 7138
 7145
 7231
 7259
 7265
 7268
 7277
 7278
 7279
 7284
 7337
 7358
 7451
 7454
 7468
 7510
 7511
 7517
 7521
 7523
 7543
 7548
 7573
 7594
 7608
 7686
 7722
 7735
 7778
 7824
 7970
 7982
 7986
 8000
 8001
 8002
 8016
 8023
 8047
 8054
 8132
 8168
 8175
 8191
 8201
 8216
 8256
 8276
 8282
 8285
 8288
 8304
 8320
 8364
 8382
 8483
 8501
 8541
 8543
 8546
 8585
 8590
 8750
 8832
 8909
 9000
 9010
 9017
 9030
 9032
 9037
 9045
 9048
 9053
 9055
 9063
 9065
 9073
 9085
 9094
 9095
 9102
 9151
 9200
 9220
 9223
 9231
 9327
 9339
 9354
 9439
 9571
 9650
 9697
 9825
 9886
 10000
 10001
 10015
 10019
 10037
 10038
 10048
 10052
 10059
 10061
 10079
 10089
 10115
 10120
 10144
 10191
 10243
 10255
 10315
 10324
 10363
 10379
 10381
 10387
 10394
 10408
 10421
 10437
 10452
 10455
 10468
 10539
 10546
 10553
 10554
 10561
 10562
 10567
 10578
 10588
 10589
 10596
 10603
 10605
 10610
 10617
 10635
 10669
 10677
 10693
 10698
 10719
 10734
 10840
 10860
 10867
 10868
 10917
 10920
 10921
 10929
 10944
 11000
 11006
 11015
 11020
 11025
 11031
 11043
 11075
 11079
 11086
 11087
 11114
 11115
 11140
 11143
 11156
 11169
 11192
 11226
 11227
 11296
 11302
 11303
 11331
 11380
 11421
 11449
 11475
 11558
 11571
 11759
 12000
 12011
 12016
 12019
 12026
 12029
 12032
 12040
 12056
 12071
 12077
 12084
 12089
 12132
 12137
 12147
 12151
 12155
 12156
 12169
 12171
 12177
 12181
 12226
 12241
 12250
 12282
 12363
 12377
 12387
 12451
 12463
 12466
 12859
 12882
 12886
 12888
 12955
 13000
 13002
 13003
 13004
 13006
 13044
 13053
 13125
 13146
 13176
 13201
 13235
 13251
 13262
 13283
 13315
 13337
 13370
 13379
 13421
 13483
 13494
 13523
 13548
 13549
 13550
 13639
 13878
 13884
 13916
 13926
 13945
 13946
 13979
 13990
 14000
 14003
 14010
 14019
 14023
 14025
 14039
 14052
 14068
 14085
 14138
 14140
 14184
 14187
 14306
 14333
 14376
 14420
 14480
 14497
 14510
 14552
 14557
 14572
 14726
 14848
 14968
 15000
 15009
 15017
 15071
 15086
 15115
 15172
 15241
 15284
 15318
 15412
 15539
 15721
 16000
 16004
 16009
 16014
 16017
 16042
 16097
 16303
 16361
 16404
 16623
 16672
 16881
 16882
 16948
 16994
 17000
 17001
 17007
 17018
 17027
 17038
 17044
 17061
 17212
 17219
 17721
 18000
 18001
 18003
 18008
 18014
 18020
 18040
 18082
 18209
 18287
 18425
 19000
 19002
 19008
 19017
 19025
 19027
 19028
 19035
 19056
 19077
 19117
 19131
 19137
 19343
 19356
 19369
 20000
 20002
 20004
 20009
 20011
 20014
 20058
 20114
 20120
 20147
 20155
 20253
 20345
 20907
 20942
 21000
 21006
 21007
 21070
 21084
 21167
 21329
 21347
 21560
 21571
 21626
 21864
 22000
 22003
 22063
 22075
 22130
 22153
 22191
 22301
 22336
 22355
 22359
 22404
 22427
 22507
 22536
 22584
 22976
 23000
 23003
 23005
 23017
 23027
 23028
 23099
 23192
 23249
 23286
 23325
 23328
 23331
 23334
 23362
 23444
 23471
 23496
 23500
 23540
 23621
 23703
 24000
 24023
 24046
 24048
 24051
 24069
 24077
 24078
 24091
 24100
 24132
 24306
 24308
 24350
 24411
 24429
 24446
 24466
 24506
 24545
 24573
 24615
 24949
 25000
 25002
 25008
 25031
 25036
 25040
 25043
 25046
 25062
 25084
 25086
 25124
 25162
 25167
 25216
 25338
 25364
 25396
 25633
 25648
 26000
 26003
 26006
 26020
 26024
 26025
 26026
 26082
 26200
 26216
 26246
 26266
 26272
 26641
 26763
 26936
 27000
 27004
 27013
 27048
 27053
 27078
 27115
 27147
 27157
 27206
 27214
 27264
 27319
 27334
 27345
 27346
 27848
 27942
 28000
 28037
 28048
 28129
 28189
 28199
 28216
 28352
 28401
 28505
 28596
 28649
 28839
 29000
 29005
 29026
 29041
 29049
 29061
 29071
 29072
 29162
 29168
 29169
 29181
 29205
 29373
 29382
 29424
 29449
 30000
 30004
 30023
 30092
 30131
 30169
 30277
 30283
 30285
 30289
 30301
 30315
 30376
 30419
 30554
 30585
 30593
 30746
 30860
 30949
 30955
 31000
 31027
 31030
 31046
 31098
 31130
 31141
 31145
 31171
 31179
 31210
 31273
 31289
 31306
 31611
 31684
 31810
 31856
 31892
 31919
 31985
 32000
 32004
 32035
 32050
 32066
 32067
 32078
 32080
 32128
 32208
 32235
 32401
 33000
 33004
 33055
 33068
 33091
 33137
 33138
 33172
 33175
 33184
 33196
 33252
 33304
 33321
 33331
 33428
 33493
 33575
 33610
 33714
 33745
 34000
 34004
 34040
 34057
 34064
 34148
 34225
 34232
 34234
 34243
 34275
 34302
 34305
 34340
 34763
 34853
 34889
 35000
 35002
 35102
 35117
 35215
 35219
 35229
 35264
 35332
 35376
 35381
 35474
 36000
 36028
 36033
 36036
 36038
 36062
 36097
 36163
 36221
 36292
 36344
 36618
 36668
 36730
 36889
 36908
 36916
 37000
 37002
 37007
 37026
 37041
 37056
 37148
 37222
 37252
 37352
 38000
 38017
 38023
 38029
 38048
 38053
 38164
 38174
 38184
 38372
 38722
 38845
 38975
 38997
 39000
 39014
 39020
 39062
 39068
 39095
 39131
 39142
 39143
 39149
 39195
 39208
 39241
 39252
 39280
 39348
 39468
 39767
 40000
 40016
 40019
 40023
 40048
 40077
 40089
 40093
 40180
 40191
 40574
 41000
 41016
 41019
 41023
 41047
 41053
 41067
 41126
 41235
 41283
 41309
 41312
 41462
 41469
 41721
 41758
 41839
 41920
 42000
 42014
 42029
 42033
 42046
 42081
 42093
 42097
 42118
 42144
 42157
 42174
 42215
 42224
 42235
 42278
 42308
 42327
 42331
 42457
 42496
 42615
 42730
 42814
 42824
 42825
 42852
 42928
 42988
 43000
 43006
 43038
 43093
 43179
 43199
 43206
 43210
 43212
 43334
 43384
 43423
 43463
 43472
 43479
 43522
 43574
 44000
 44006
 44008
 44011
 44030
 44035
 44043
 44089
 44216
 44281
 44315
 44401
 44402
 45000
 45015
 45059
 45118
 45209
 45220
 45238
 45248
 45254
 45264
 45317
 45339
 45418
 45489
 45730
 45845
 46000
 46018
 46047
 46054
 46068
 46075
 46086
 46100
 46162
 46178
 46179
 46196
 46216
 46588
 46592
 46691
 46977
 47000
 47008
 47013
 47022
 47064
 47272
 47276
 47720
 47959
 47982
 48000
 48028
 48032
 48033
 48037
 48044
 48070
 48073
 48096
 48103
 48114
 48115
 48185
 48197
 48217
 48239
 48477
 48576
 48734
 48836
 49000
 49013
 49149
 49171
 49175
 49241
 49503
 49506
 49611
 49638
 49713
 49727
 49944
 49949
 50000
 50006
 50024
 50141
 50193
 50221
 50447
 50524
 51000
 51007
 51028
 51041
 51046
 51056
 51182
 51188
 51220
 51359
 51368
 51439
 52000
 52001
 52002
 52003
 52013
 52044
 52048
 52058
 52071
 52084
 52178
 52223
 52227
 52368
 52448
 52472
 52615
 52668
 52717
 52737
 52933
 53000
 53002
 53011
 53080
 53113
 53128
 54000
 54003
 54037
 54087
 54179
 54217
 54227
 55000
 55017
 55022
 55029
 55044
 55083
 55283
 55358
 55411
 55423
 55523
 55542
 55548
 55571
 55699
 55844
 55863
 55869
 55914
 56000
 56002
 56008
 56177
 56179
 56332
 56653
 56807
 56878
 56925
 56979
 57000
 57001
 57034
 57038
 57039
 57077
 57136
 57157
 57325
 57379
 57508
 57518
 57556
 57677
 57859
 58000
 58019
 58022
 58045
 58066
 58075
 58111
 58255
 58639
 58903
 59000
 59034
 59056
 59215
 60000
 60023
 60026
 60091
 60117
 60170
 60242
 60684
 60710
 60839
 60842
 60939
 61000
 61018
 61056
 61075
 61108
 61130
 61174
 61319
 61428
 61497
 61553
 61849
 62000
 62014
 62022
 62045
 62051
 62064
 62106
 62464
 62838
 62967
 63000
 63007
 63037
 63043
 63067
 63079
 63366
 63386
 63536
 63571
 63584
 63604
 63661
 63785
 64000
 64012
 64014
 64018
 64030
 64035
 64069
 64665
 64742
 64829
 64947
 65000
 65001
 65061
 65120
 65126
 65140
 65145
 65158
 65361
 65386
 65389
 65752
 65768
 66000
 66028
 66047
 66049
 66058
 66105
 66753
 67000
 67006
 67025
 67043
 67062
 67118
 67178
 67210
 67268
 67545
 68000
 68003
 68055
 68090
 68108
 68210
 68311
 68369
 68777
 69000
 69001
 69058
 69064
 69109
 69162
 69174
 69250
 69258
 69261
 69517
 69828
 69968
 70000
 70049
 70052
 70114
 70147
 70424
 70519
 70572
 70603
 70622
 70796
 71000
 71036
 71106
 71143
 71201
 71286
 71388
 71987
 72000
 72008
 72061
 72063
 72070
 72080
 72105
 72116
 72147
 72149
 72232
 72294
 72667
 72679
 72866
 72873
 73000
 73009
 73013
 73057
 73126
 73143
 73512
 74000
 74005
 74007
 74020
 74031
 74068
 74093
 74133
 74150
 74227
 74271
 75000
 76000
 77000
 78000
 79000
 80000
 81000
 82000
 83000
 84000
 85000
 86000
 87000
 88000
 89000
 90000
 91000
 92000
 93000
 94000
 95000
 96000
 97000
 98000
 99000
 100000
 101000
 102000
 103000
 104000
 105000
 106000
 107000
 108000
 109000
 110000
 111000
 112000
 113000
 114000
 115000
 116000
 117000
 118000
 119000
 120000
 121000
 122000
 123000
 124000
 125000
 126000
 127000
 128000
 129000
 130000
 131000
 132000
 133000
 134000
 135000
 136000
 137000
 138000
 139000
 140000
 141000
 142000
 143000
 144000
 145000
 146000
 147000
 148000
 149000
 150000
 151000
 152000
 153000
 154000
 155000
 156000
 157000
 158000
 159000
 160000
 161000
 162000
 163000
 164000
 165000
 166000
 167000
 168000
 169000
 170000
 171000
 172000
 173000
 174000
 175000
 176000
 177000
 178000
 179000
 180000
 181000
 182000
 183000
 184000
 185000
 186000
 187000
 188000
 189000
 190000
 191000
 192000
 193000
 194000
 195000
 196000
 197000
 198000
 199000
 200000


# name: optim_start
# type: scalar
842


# name: optim_steps
# type: matrix
# rows: 1
# columns: 201
 21 42 78 121 158 201 234 269 315 347 378 440 471 509 544 571 584 600 611 622 638 653 665 682 704 727 747 763 781 794 811 832 853 865 886 903 915 932 942 956 974 985 1003 1032 1049 1062 1078 1095 1105 1125 1139 1147 1159 1180 1186 1193 1212 1223 1238 1248 1252 1264 1276 1286 1300 1311 1324 1331 1341 1350 1363 1374 1382 1398 1405 1416 1417 1418 1419 1420 1421 1422 1423 1424 1425 1426 1427 1428 1429 1430 1431 1432 1433 1434 1435 1436 1437 1438 1439 1440 1441 1442 1443 1444 1445 1446 1447 1448 1449 1450 1451 1452 1453 1454 1455 1456 1457 1458 1459 1460 1461 1462 1463 1464 1465 1466 1467 1468 1469 1470 1471 1472 1473 1474 1475 1476 1477 1478 1479 1480 1481 1482 1483 1484 1485 1486 1487 1488 1489 1490 1491 1492 1493 1494 1495 1496 1497 1498 1499 1500 1501 1502 1503 1504 1505 1506 1507 1508 1509 1510 1511 1512 1513 1514 1515 1516 1517 1518 1519 1520 1521 1522 1523 1524 1525 1526 1527 1528 1529 1530 1531 1532 1533 1534 1535 1536 1537 1538 1539 1540 1541


# name: VPVP_params
# type: scalar struct
# ndims: 2
 1 1
# length: 8
# name: lambda
# type: scalar
300000000


# name: downsample
# type: scalar
10


# name: MaxIter_X
# type: scalar
200


# name: MaxIter
# type: scalar
50


# name: optTol_X
# type: scalar
1e-06


# name: progTol_X
# type: scalar
1e-10


# name: optTol_aW
# type: scalar
0.0001


# name: progTol_aW
# type: scalar
1e-07




