# Created by Octave 3.8.1, Thu Nov 30 11:47:37 2017 ART <gabrevaya@ws13.labo1>
# name: y_start
# type: matrix
# rows: 15
# columns: 1
 -1.008923971517271
 1.073010307163509
 1.10016026448664
 1.131830556662403
 -1.49293745384819
 -0.8431244979552669
 -0.5045237031040107
 -2.624653700361114
 -0.4853732779253038
 1.027979238217405
 -1.484904521850197
 1.440638605632318
 -0.4103093908175069
 -0.7986123257121308
 -0.1054003176784472


# name: alphas
# type: cell
# rows: 1
# columns: 3
# name: <cell-element>
# type: matrix
# rows: 15
# columns: 1
 -0.171415542993468
 0.1026151880259579
 1.309417730429106
 0.6053362142933982
 0.2064595042190326
 0.6267598565436647
 0.9802822106426755
 0.2774301339303608
 1.285999541606412
 1.301753476240647
 1.522747526126297
 0.1762251008197026
 0.7325401757117532
 0.4329526202274507
 -0.1553927748671821



# name: <cell-element>
# type: matrix
# rows: 15
# columns: 1
 0.610386116737293
 0.5021506968851128
 0.9588732036506014
 1.255250443086518
 0.3902915502020369
 1.414561544000788
 1.237735427643094
 1.143508862893388
 0.2297504155859557
 0.7393941134760651
 0.5091126946517024
 2.271023664161214
 1.297067399140947
 0.61994580017514
 0.2049161628311063



# name: <cell-element>
# type: matrix
# rows: 15
# columns: 1
 10.58083999316446
 11.16208074537683
 11.45562147569487
 11.46958169020311
 13.10217873658946
 11.41200482139329
 12.14850550228856
 11.28648604611915
 10.33025666696395
 11.22292839053668
 12.30389003009475
 12.16840606771929
 13.09172013942979
 11.12961023411208
 11.66219439013718





# name: W
# type: matrix
# rows: 15
# columns: 15
 0.3009670604216892 -0.02724805706710751 -0.3030655795220918 1.369580947072445 0.1173745023588011 0.4668599977339387 0.03979410286463597 0.07898172636610903 0.2154638371731009 0.01952131126035633 -0.3532199452152796 0.4682052641739002 -0.693308212654238 -0.06826260372979331 0.383919851929168
 -0.3912466661065677 0.4224566374632562 -0.2188370798726184 -0.8421049350573657 0.12128051546171 -0.5764225631045329 -0.6208901509856228 0.07676783476985437 0.07924526000970435 0.06823995612005948 0.1630251577513712 -0.4520301522583444 0.3042289236828774 0.3695240415827196 -0.2378517520306727
 0.06905598334128409 -0.1138303242575475 -0.06048855409702326 -0.3457438515953642 0.2447039092455425 0.1345028377874542 0.2338873831189412 0.05077046858996931 0.1246316877695792 0.3394005323137361 0.03464313600004314 -0.05674748318750769 -0.00525469498243428 -0.07796930895964922 -0.4128008474173864
 -0.1357777650527112 0.05255021520233025 0.148061071398636 0.04331766462083273 0.2232926544835332 -0.1424086934399231 0.5193725760878486 0.4366799893065791 0.2910121255258122 0.2709171368170956 0.2974984022601672 -0.02505307974661639 0.6292390110826225 -0.05964135608940267 -0.05992048269272117
 -0.5373637015680158 0.5449557180647864 -0.1643139633961371 0.1498669649168578 -0.171848922840282 0.2695106300902823 0.5497907199452591 0.1104454746414157 0.580014653212257 -0.2393342890448907 -0.1150828042131747 -0.07589171229570076 0.01045376883708428 0.2039163915484547 -0.169793793122653
 0.08895984608869779 0.260571159654197 -0.2927450398127787 0.0191031415314131 0.1428503780700223 -0.2391786500736933 -0.164138247119596 0.2605328611536158 -0.04194962920443292 -0.06184691378372802 -0.1398427547479277 0.05823410106633207 -0.1081548762391003 0.03994179876093325 0.1148111647823421
 -0.03858588870862456 -0.1788963322646165 -0.05014796506681152 -0.6254649809744901 0.02862747846014997 -0.09143008946017005 -0.2136164121063917 0.003387559870772663 -0.1543131867739742 0.4394324605210702 0.4187629742416056 -0.1622248909853941 0.05136244656042026 0.2438118638079632 -0.374652379292254
 -0.01757125869507687 0.3431330722866126 -0.4127595920727681 0.5738531764928055 -0.03278694478044902 -0.3106329484818571 -0.3359095243681463 0.2224606327661589 0.1025077631293524 0.5467046830181154 -0.4929778583537114 -0.08281683833775044 0.08333797041536159 -0.5092196255082987 0.08633674823570843
 0.08924268113364053 -0.2815274835158929 -0.1810475755394255 -0.03675450930091835 0.07644345635031444 0.2233552157160151 0.251419339630653 0.7363086431644869 -0.2751985366356017 -0.4170203526099261 0.3347783417475875 -0.09996190281144185 0.1988269445401321 -0.09903276901233404 -0.1378352443839375
 0.1882193178486589 0.04221182636795062 -0.04974773289797775 0.5532479928679718 0.01614038874235463 0.1660891142499397 0.08225104080386066 0.1170331815109602 0.2476403454096725 -0.3321458117575556 -0.02390908161755616 0.3117083362536249 -0.2441758036844452 0.04226482205654872 0.3279913714308482
 0.05352642878358892 0.1323209439176906 -0.1235591636746077 0.1098208248538999 -0.02327466707633629 0.338280181445014 0.4873058508445747 0.09362388633621845 0.1633577236656556 -0.3400860254112102 -0.4100146237707992 0.1402527219226077 -0.1069446935158952 0.09151110304675765 0.02050112852667745
 -0.07336635669343866 -0.1165508222355349 0.08218989588822256 -0.1402234298108333 -0.002917613063515301 -0.1493452712145903 -0.2985815735861426 -0.2043514676076792 -0.121456858021225 0.05390641256984867 0.1256453187149513 -0.3571845490774693 0.1279076208865411 0.09232643475894584 -0.2202161966166653
 0.2920944475156583 0.03974524610886105 0.02857262294153743 0.0557371253229837 -0.2852570643184849 0.3153644206661367 0.5192120690620532 -0.1889036365690671 0.2761115786096348 -0.04781986484024171 -0.4484229899389344 0.4375459235736249 0.004472804642015293 -0.2007059241504736 0.5484650625520041
 -0.6390387436307701 0.2443302527627435 0.08900116168454041 -0.2629843484854949 -0.04918997030149675 0.3916513122376292 0.7282461062416989 0.004935305249837764 0.4246959656676315 -0.474706604641686 0.1922320361976498 0.04508190272647238 -0.007982216745038523 0.277796220763154 -0.1579773745604678
 -0.1714981596242382 0.09107614250822353 0.2275860293353512 -0.3674571559477364 0.1936131270746043 -0.2287042679511587 0.08553384398387955 0.07995777529292385 0.1008152436626858 0.5627093814154994 0.2316320634429042 -0.1444914856319951 0.5324801495129551 -0.2228182313718623 -0.5087428266974093


# name: iter
# type: scalar
100000


# name: c
# type: matrix
# rows: 1
# columns: 15
 0.7793604942040556 0.7852023144737464 0.2210196014678173 0.5375642747262914 0.7842900063429392 0.423769794551818 0.469244681513049 0.717282407573413 0.6861982536550369 0.4676871369071738 0.6708196422342214 0.4524988288125105 0.5104986924242904 0.7617234612331628 0.8150811425851803


# name: mean_corr
# type: matrix
# rows: 770
# columns: 1
 -0.01613386581232298
 0.007252961542364936
 0.03132805137891751
 0.04101424018382929
 0.3647511587947468
 0.3633342602744126
 0.356978338258951
 0.3543173903427628
 0.3499005453306528
 0.347164508767565
 0.3459702268710026
 0.3439512406845945
 0.3260824975324841
 0.3276162089297739
 0.3280913640780089
 0.327924474657013
 0.3463286630286418
 0.3460259856709517
 0.3346580167163362
 0.336162645450134
 0.3339666108079786
 0.3316907697814919
 0.312795508638011
 0.3161595110948461
 0.3127817652140772
 0.3115644784396487
 0.3195793471354648
 0.3229323761768569
 0.3204408798000689
 0.3170091221193545
 0.2994236462824012
 0.2935045628915043
 0.2737770757882964
 0.2677458535238294
 0.2739629032376757
 0.2742825047075091
 0.274175988199834
 0.2809367311008091
 0.275402051762798
 0.2655085639813772
 0.2645509353262789
 0.2484644574666617
 0.264904640296793
 0.259802094977058
 0.2640562102300908
 0.2648044675552952
 0.2606446673306267
 0.26836290381958
 0.4307338168177829
 0.3962707599405545
 0.3900364903192287
 0.3867858966940891
 0.3848269210689263
 0.3784985803531924
 0.3797975463006588
 0.3768071295312223
 0.3540673997241111
 0.3457183338576463
 0.3291804189429682
 0.3289194087580743
 0.3275666126876615
 0.3190647129496121
 0.3160173019262481
 0.3030801657076647
 0.2966424900226027
 0.297927415178835
 0.2941682385433532
 0.2959329042719363
 0.296947152115797
 0.2996408377259296
 0.2900064071585825
 0.2752171055576472
 0.2740016294852319
 0.2857211025125526
 0.2840363771070492
 0.2834935599011334
 0.2832380902777604
 0.2761374271635073
 0.2755632647814685
 0.2784541734923724
 0.2736261222781241
 0.272167884284969
 0.272075098042275
 0.2724286031237572
 0.2736500388826505
 0.2742604988829317
 0.2721162880968617
 0.2822940881713809
 0.2748048618761313
 0.2745759701516386
 0.2843144626823858
 0.2931961579685194
 0.3019625153066512
 0.3050047826461106
 0.3043464266202088
 0.303980675798769
 0.2922129443390971
 0.299602542785678
 0.304788883848796
 0.3057091425848421
 0.3022261705451743
 0.3047630729805673
 0.2965718366628116
 0.291574432676544
 0.2966360303558551
 0.3013089739537393
 0.3049733898350796
 0.2850072426470322
 0.2854422028095625
 0.2914836892619227
 0.4768870823600702
 0.4761828521311456
 0.4730425273312365
 0.4729503420553128
 0.4290952811968149
 0.4124750112146431
 0.410103824303171
 0.41992456275706
 0.4025620778960206
 0.4051882160635564
 0.4051828069514251
 0.3873974634079712
 0.3948613004895071
 0.3962548105902854
 0.39389855944895
 0.3944315779613586
 0.3865288489611451
 0.3837269754855959
 0.3480653446427842
 0.3394421030453734
 0.3412818950291114
 0.3396496776677679
 0.3315393173601273
 0.3284337673941869
 0.3196725885379719
 0.329568712825939
 0.3278893685223613
 0.3264671796979042
 0.3290799868819038
 0.322747168036646
 0.3239734687559883
 0.3199548656490235
 0.3178560832706654
 0.3128906652822689
 0.3155356032428988
 0.306417772925469
 0.3057844212989692
 0.3054167866217238
 0.3048244155230947
 0.4722979991805029
 0.4559977316531705
 0.4206431651383556
 0.4149807387609844
 0.4119515183448234
 0.4053875576963058
 0.4099355779634289
 0.4139695590783242
 0.4404159294787482
 0.4368236350729406
 0.4203274641228523
 0.3831023635919584
 0.3796427020791502
 0.3784972586198053
 0.361067696556832
 0.3592893526897732
 0.3741512861472733
 0.4030175652157015
 0.3877583416162768
 0.3832629435625128
 0.379609654208745
 0.380668402151028
 0.3922499190111431
 0.3928100628924815
 0.3931642254924133
 0.3980654292337493
 0.3921288653546723
 0.3558585978330867
 0.3417647210948548
 0.3428825299603048
 0.3408700642033028
 0.3400096895361514
 0.3414804276101105
 0.3400045216611435
 0.339305361654259
 0.3478595576069947
 0.3442641110979096
 0.3411700715089327
 0.3397399130565975
 0.3480829261455506
 0.333777616549231
 0.3325550577864922
 0.3289033713027654
 0.3293999629989633
 0.3323344837153401
 0.3320462360729294
 0.3236486879439777
 0.3235882685468046
 0.3126401682914785
 0.3141378060739144
 0.312559853704451
 0.3094147293920401
 0.302367301200077
 0.3031524494958902
 0.3049114477363395
 0.3047821144544746
 0.3032526804022104
 0.3039026919601907
 0.3009196242754075
 0.3033626934455649
 0.3023769327884114
 0.2824838133041212
 0.2834971512446924
 0.2851908264203139
 0.2847051262613005
 0.2864687521146286
 0.286906597451199
 0.4873181698876092
 0.4631708871235046
 0.4632036910254317
 0.4244583346612654
 0.4312744250378094
 0.4460467152400042
 0.446752154250353
 0.442461824817303
 0.4362377125990751
 0.4364204898360204
 0.3995889792305143
 0.3975315909165491
 0.3975742688543477
 0.3952683314960924
 0.3669156217087531
 0.3317717830764269
 0.3274923178690043
 0.2900675080399728
 0.2889417670852278
 0.2973192731863777
 0.3027319636746041
 0.3056520270933615
 0.3173755104801039
 0.3263393607865627
 0.3213407935312994
 0.3089913385892477
 0.3117775766734293
 0.3113638615230245
 0.3075974335586389
 0.309299650311786
 0.3100027473716247
 0.309558445254571
 0.3122587669893253
 0.3128344988684312
 0.2911470565938631
 0.2906443693283561
 0.2899515455537935
 0.2838600150692449
 0.2808444078644629
 0.2799467762351456
 0.2816211713729697
 0.2810340119667648
 0.4870332764374554
 0.4744984952384831
 0.456835741198078
 0.4530161965901501
 0.4442290012178835
 0.3741043263680243
 0.3697908058809526
 0.3673358567385571
 0.3684295525651183
 0.3651497667657613
 0.3877481366993977
 0.3866810601647438
 0.3836890910466226
 0.3907920069298976
 0.3713524545467774
 0.3729039165047074
 0.3564656227954705
 0.3453234428867409
 0.3469601772790336
 0.3472477395374202
 0.3536650574198525
 0.3564292517286463
 0.3585523166442125
 0.3474051890100872
 0.3451005144512728
 0.3415440740020939
 0.3430875597025805
 0.3442070653832481
 0.3456377950733089
 0.3559280444731738
 0.3447703067961824
 0.3401435369155212
 0.3352420701992023
 0.3417937404215726
 0.3337013958292553
 0.3334312987401535
 0.3332028923361545
 0.3396799719582471
 0.3418970177582887
 0.3611496584374326
 0.3474187676005987
 0.3409220550838054
 0.3330678267847895
 0.3356215787077855
 0.3361059784864315
 0.316007087834061
 0.3162402502616894
 0.3095216589864935
 0.2990442618681757
 0.302810595498823
 0.3059186440957758
 0.3203009288490288
 0.3196406443364042
 0.3236768837169301
 0.3239814961815422
 0.3596664054592852
 0.3567497445883159
 0.3467016961039972
 0.3511854121801379
 0.3396980650539785
 0.3382556327313598
 0.3374409813962558
 0.3366012104403376
 0.3404515467251423
 0.3433794939550207
 0.3411533174682904
 0.3397260743015486
 0.5181439300839774
 0.5115089807577251
 0.477870645740078
 0.3818215029702461
 0.3886908052442247
 0.3875679858680935
 0.3960176327067699
 0.3621603687298317
 0.3795157542657552
 0.3704634446422025
 0.3617173229195735
 0.3588919446915286
 0.357509612647322
 0.3594163169655532
 0.3540874844766145
 0.3540735574885858
 0.3671936430669494
 0.3330413093250699
 0.3314665616725625
 0.3318351513480649
 0.335761718023632
 0.3342384678308312
 0.3378956481795358
 0.3400798557091973
 0.3333558561262395
 0.3321757744176375
 0.3301309249320375
 0.3280853897033674
 0.318423178440723
 0.3162647183470027
 0.3179491397135911
 0.3151058637507365
 0.3149233971849078
 0.3156801233273915
 0.3161094150596462
 0.3200120437290034
 0.3182259616878954
 0.3173401154533199
 0.3145925183535342
 0.3076492732380913
 0.3064385659303335
 0.3143426027039288
 0.3201814814729392
 0.3334146220637056
 0.3349377721873005
 0.3362272425925572
 0.3362509558361265
 0.3361137116709883
 0.3435687415615678
 0.3477565669834571
 0.3470709466017814
 0.3458955563205309
 0.3392635907444121
 0.5363572738710654
 0.5332816379004968
 0.5327866861920246
 0.5332205665651861
 0.5323587522406564
 0.5289037895430564
 0.5283384861629226
 0.4725540662469129
 0.4646728747168329
 0.463171409481535
 0.46090768355921
 0.4888164561937335
 0.4841788876280839
 0.4895900822841823
 0.4879011126988465
 0.4881223840606673
 0.4948571089088269
 0.4967132734898603
 0.4953413065170449
 0.4968471789686152
 0.4695082128029568
 0.4683959461262131
 0.469674264740209
 0.4701512756928244
 0.440119201425915
 0.4401790097502631
 0.4401571277949449
 0.434601515655241
 0.4354256170094296
 0.4373870778105987
 0.4480539092956319
 0.4451354769169777
 0.4305261474207894
 0.4308505263861214
 0.4314279684534096
 0.4316834038989453
 0.4298659300099856
 0.427687643410972
 0.427238575732099
 0.4279725732504365
 0.4270329389775607
 0.4221218963812123
 0.4136380848910837
 0.4137354620726075
 0.411976638310498
 0.4115112105303284
 0.4110286969053107
 0.4132173824294426
 0.4060057356262101
 0.406294314479824
 0.4064923098532206
 0.4031948400030598
 0.4041974293467532
 0.4041802308047982
 0.4106398610948394
 0.411049308354791
 0.4140571150203921
 0.4119819536443538
 0.4107093684527892
 0.4139216003814565
 0.4142892126152809
 0.4156462021981463
 0.4148801398891473
 0.4131937651638198
 0.4133428568278125
 0.4158743423920043
 0.4284357778768441
 0.4179900666436668
 0.4226747431451757
 0.4231787039995096
 0.4234852479341004
 0.4242420701378408
 0.4243641743680905
 0.4248862200943278
 0.425661004089478
 0.4278901709504382
 0.4276445750101122
 0.4367828401208406
 0.4215107256845917
 0.4233058743803779
 0.4222740046656027
 0.4238858346903811
 0.4229352975446157
 0.4261290923472
 0.4258024240988503
 0.429131047428376
 0.4312668204261175
 0.430747459569825
 0.4290182814649119
 0.5470307435441909
 0.5469080156288498
 0.5441685092659073
 0.541703217943352
 0.5392620615351748
 0.528035244450541
 0.5294341874559664
 0.5325335696874527
 0.5049326641519156
 0.5100512034032332
 0.5101559996695693
 0.5090841316167057
 0.5161261111302133
 0.4982003472807514
 0.4974988721326662
 0.4853193183311295
 0.4851583901133629
 0.4845042627511465
 0.49160678820059
 0.4921383260569543
 0.4906162847107021
 0.4892207760141026
 0.4910805931494575
 0.4914006943975787
 0.4929085234629459
 0.491140261801783
 0.490056511097398
 0.4896703696118573
 0.4929509422614441
 0.4927324997770683
 0.4891864904564105
 0.4898256040739307
 0.4880066823740418
 0.4836503353703586
 0.4860437663920483
 0.4873428129716773
 0.4891700980972492
 0.4837173152724499
 0.4974086842472313
 0.5065909394634314
 0.5063187401999359
 0.5056986793390829
 0.5129894017098869
 0.5108945439072936
 0.5045160327434992
 0.508209960236106
 0.5184814425105549
 0.5136970811024345
 0.513997257372459
 0.5138705836941935
 0.5149769508654976
 0.517580090611567
 0.5094128618917739
 0.5081273282418542
 0.5087573693281283
 0.5079400352935012
 0.5064291103002168
 0.5091404386649029
 0.5114453283681707
 0.5118934264904625
 0.5166307963930229
 0.5159363300450204
 0.5163134920178897
 0.5162622524997186
 0.557956038930098
 0.5576043503464535
 0.5579543915869543
 0.554017121101268
 0.5504615325340888
 0.5506658175368048
 0.5450619190226949
 0.5440784162622206
 0.5408278343120774
 0.538411071822366
 0.5455127043514599
 0.5450479027841179
 0.5454868179177266
 0.5399772113215635
 0.5386343169159661
 0.5393018040058787
 0.5373142471640636
 0.5382716328501584
 0.5352012117968649
 0.5329110922083564
 0.5332606730416004
 0.5394617181778771
 0.5390153355790903
 0.5388835708687363
 0.5326422298641967
 0.5318829081106855
 0.5319780070559498
 0.5332483579962655
 0.5324262350340182
 0.5341082067553906
 0.5328024288544957
 0.5340827459427089
 0.5332823968589395
 0.5734729331329169
 0.5158796392617171
 0.5323714709793994
 0.5324106167462379
 0.5331949639778224
 0.5309221338076814
 0.5304105885023177
 0.531252725470245
 0.532097463241199
 0.524165824837771
 0.5231499991041263
 0.5239416732729618
 0.5198580800200718
 0.5193886826838658
 0.5197516361793927
 0.5190040422364687
 0.587843306738803
 0.5322929337052681
 0.5376938080327285
 0.5429076593457599
 0.5422609651915321
 0.5367212508647951
 0.5313367428633748
 0.5306846961520348
 0.5387332164561883
 0.5350530011652345
 0.5312865163705071
 0.5316735896648414
 0.5325290745944183
 0.5312302825099636
 0.5313259614600333
 0.5338238911401241
 0.5280746617148243
 0.5249315631344182
 0.5244871836930913
 0.5196538026250428
 0.5179109782332562
 0.5179571084619831
 0.5169736512079667
 0.522126603485374
 0.5229858829153555
 0.5232930882997394
 0.522252103156754
 0.521574739438846
 0.5197586072874356
 0.5201056296477233
 0.5198102738813206
 0.6039350320527045
 0.6026686422116125
 0.6015411695025069
 0.5927251060673016
 0.5917199308919123
 0.5882857405410442
 0.5913198048529822
 0.5880539038180573
 0.5603607216794119
 0.5584387035127634
 0.5622986815062667
 0.564095281557081
 0.5618990386284906
 0.5647775233574907
 0.5479203223878202
 0.5492489496634857
 0.5349595501558927
 0.5430659918367213
 0.5450482148801599
 0.5416682180496682
 0.5392456325723476
 0.5393706445690313
 0.5390317310303195
 0.5389347396608041
 0.5236886993069337
 0.5238080107228301
 0.5185191890541867
 0.5216043017683122
 0.520191151694173
 0.520771032796548
 0.5238411269158082
 0.5213269949218025
 0.5202978216674455
 0.5219592043550143
 0.5219587610361731
 0.5249312597035928
 0.5254759252957604
 0.5260771559019185
 0.5247026575101289
 0.5250785012728535
 0.5255575355608364
 0.5108655891307418
 0.5103969699231945
 0.5131902520711802
 0.5154521988058788
 0.51557618118082
 0.5158789794112368
 0.5130918141825301
 0.5120625175529779
 0.6079645556181003
 0.5674205355855573
 0.5647403842225721
 0.5633419402235865
 0.5680463742415234
 0.5661439836536331
 0.5771864047492306
 0.5736742401829397
 0.5694954219168633
 0.5660784819146552
 0.5598570685538778
 0.5590110965326739
 0.5570450094419878
 0.5547215558064161
 0.554303613953359
 0.5551100885922617
 0.5527589441353903
 0.5542602036137811
 0.5540930379582166
 0.5484881763768747
 0.5509951808826836
 0.5512625599938253
 0.5460082115193318
 0.5420515333796677
 NaN
 NaN
 NaN
 NaN
 NaN
 NaN
 NaN
 NaN
 NaN
 NaN
 NaN
 NaN
 NaN
 NaN
 NaN
 NaN
 NaN
 NaN
 NaN
 NaN
 NaN
 NaN
 NaN
 NaN
 NaN
 NaN
 NaN
 NaN
 NaN
 NaN
 NaN
 NaN
 NaN
 NaN
 NaN
 NaN
 NaN
 NaN
 NaN
 NaN
 NaN
 NaN
 NaN
 NaN
 NaN
 NaN
 NaN
 NaN
 NaN
 NaN
 NaN
 NaN
 NaN
 NaN
 NaN
 NaN
 NaN
 NaN
 NaN
 NaN
 NaN
 NaN
 NaN
 NaN
 NaN
 NaN
 NaN
 NaN
 NaN
 NaN
 NaN
 NaN
 NaN
 NaN
 NaN
 NaN
 NaN
 NaN
 NaN
 NaN
 NaN
 NaN
 NaN
 NaN
 NaN
 NaN


# name: mean_error
# type: matrix
# rows: 770
# columns: 1
 1.42053824855429
 1.409446757947741
 1.397662423996441
 1.388489195693814
 1.270672764761909
 1.268117138032735
 1.269017919011273
 1.270821331236877
 1.274209133722246
 1.275189004042091
 1.275371079217385
 1.278163252997912
 1.288557932312473
 1.285512914183259
 1.286468825196249
 1.287190166163714
 1.281772089053425
 1.28208219842641
 1.284758103801121
 1.275279554102406
 1.27935089385269
 1.28113531146517
 1.303058229323985
 1.294538495919723
 1.299948656670671
 1.300263346784397
 1.291293031601493
 1.294810273442547
 1.289823389922093
 1.293255017161222
 1.3009466313472
 1.296368006028663
 1.297365095942456
 1.296795253333926
 1.293624731669739
 1.296123353026058
 1.294355924050362
 1.297163324340571
 1.298525680976096
 1.304291323178176
 1.301223498958223
 1.312436253244008
 1.302517334557155
 1.300008883639668
 1.298160844487931
 1.298179128272062
 1.29727987079253
 1.295667745681111
 1.251037039687856
 1.258077891907014
 1.261845246105319
 1.260968310758362
 1.260686621348849
 1.256323289770894
 1.259768954366318
 1.269485803902246
 1.272227587405345
 1.278795868074191
 1.287869873982989
 1.288040678947898
 1.289253889816904
 1.296131652894302
 1.295480054315156
 1.29119715310852
 1.291030032476679
 1.289804908704453
 1.29081268310115
 1.290507021840776
 1.28551032466001
 1.283814461315469
 1.288604065009785
 1.28689524000383
 1.289217499278978
 1.275924246825684
 1.275190857491889
 1.27433542699676
 1.274525108130918
 1.278376378768594
 1.278125128679627
 1.279837075647198
 1.279071700726489
 1.279451176166163
 1.279109015439961
 1.278651587336854
 1.276731266061688
 1.276834757716698
 1.280332549471968
 1.290495101204088
 1.297427158272238
 1.299412748043887
 1.288541471720934
 1.278202062549175
 1.273606722947889
 1.270420282472806
 1.269747601061873
 1.273860866295223
 1.284264797048122
 1.277144244133396
 1.274959029829447
 1.272523819265887
 1.27329398820989
 1.282075117482711
 1.288553574887984
 1.289077605878249
 1.287499359419814
 1.291366929296834
 1.287604864548234
 1.300835084987241
 1.299275892870196
 1.298207101269904
 1.211360542460667
 1.222274064380565
 1.224368057494151
 1.224996295574502
 1.243098780319901
 1.251635657310859
 1.253310499668287
 1.249129124572341
 1.24972467166318
 1.248758505885305
 1.254410434283266
 1.257957429066404
 1.253287016114541
 1.250214631360939
 1.249398208453019
 1.249796759821925
 1.250161957614525
 1.255101187453525
 1.266665226934211
 1.269805003507941
 1.26781940680246
 1.26767095662034
 1.273487912326687
 1.272615059544848
 1.271312313642279
 1.265314741400775
 1.264529356887862
 1.265945727274907
 1.265588170648507
 1.275128898380298
 1.274527575493896
 1.276242223466046
 1.275683740619233
 1.27310879359708
 1.273648621863224
 1.279423721699779
 1.27792748194494
 1.276565251924802
 1.278262756691697
 1.226968806325323
 1.231194903782171
 1.256263452182746
 1.272301568809413
 1.275179608762365
 1.275363718111741
 1.274023576965852
 1.266143889282795
 1.239498158609682
 1.234930603891287
 1.252842606084258
 1.261866482970771
 1.260574989513572
 1.264234609240709
 1.272419826650269
 1.274920400888046
 1.2856690679379
 1.277182787822837
 1.27759075920496
 1.281885269256623
 1.279089403140031
 1.278291823939715
 1.267107936285811
 1.264418548785464
 1.268092677044862
 1.268279319105713
 1.270666977957038
 1.278332322165682
 1.285987335186027
 1.284899652699744
 1.280085906621373
 1.279717308982048
 1.280828331849799
 1.285292205250887
 1.283764168487794
 1.273085649392485
 1.272683764508576
 1.27437793431746
 1.272467314247894
 1.27137723724613
 1.281782575649377
 1.280681025669828
 1.283150929832411
 1.282585250940812
 1.280908640181079
 1.280986030774283
 1.283005152107604
 1.280545843423028
 1.285976839166921
 1.285333080535946
 1.285427678200827
 1.284460328411389
 1.285224697230609
 1.284774974434466
 1.28595102306474
 1.286740308150861
 1.287241344438992
 1.287062951495499
 1.291643563180095
 1.29004963432543
 1.292448914844904
 1.304987891952626
 1.30442951771341
 1.303983100439124
 1.299876825329808
 1.300626963827648
 1.300392019053567
 1.216688568314923
 1.219699449658877
 1.221878357013399
 1.238591464204164
 1.237374401550264
 1.243777641827669
 1.243316033798587
 1.238019197873598
 1.242485587540767
 1.244894972077575
 1.284388583350651
 1.283548893365037
 1.287157156798839
 1.281707228346889
 1.263997752754454
 1.288477715917117
 1.289673372404607
 1.302470396959359
 1.301956840582855
 1.290690682980079
 1.290118726984202
 1.295556210481184
 1.297651261129277
 1.294522117055255
 1.288492890598487
 1.294938616546469
 1.293850827706151
 1.300691616880849
 1.302174418717438
 1.301470622271725
 1.294939818709366
 1.294996065094528
 1.294837450944244
 1.29629350753934
 1.298677421822522
 1.299356862889432
 1.297569116652385
 1.30151305074024
 1.302196545862055
 1.30254382673583
 1.302214965153349
 1.302331125847031
 1.225091490710602
 1.228619057204851
 1.233113637499921
 1.235671790437411
 1.234042523794067
 1.27290744300334
 1.272169205323189
 1.27205161491811
 1.274399516756521
 1.273409964114006
 1.269975074269919
 1.268403530185108
 1.27768215003077
 1.279091597325074
 1.28725293537744
 1.286143490939783
 1.278901687056933
 1.284621995374764
 1.283938748623313
 1.283687868414393
 1.286176636434154
 1.285535167259559
 1.287487431023728
 1.285600827140345
 1.286475480116675
 1.291939422906977
 1.294068118965747
 1.293165815754849
 1.292883596685481
 1.298556070625414
 1.302223611468286
 1.302069007395567
 1.306775826899357
 1.299738567793246
 1.307842130006016
 1.307416475970218
 1.307384839970016
 1.302519101701484
 1.302813061343903
 1.271519562043914
 1.280338683783896
 1.290509735936277
 1.296597412210815
 1.291462650181828
 1.29012283851918
 1.302515684671891
 1.303964745698903
 1.308858107513116
 1.316494700281077
 1.309425458859316
 1.310280181287793
 1.300387455634427
 1.300454585930947
 1.299089399055204
 1.300266944891825
 1.274380831771667
 1.278246348363728
 1.283959108972563
 1.274427265158896
 1.290365978505353
 1.291338920099084
 1.289894783347908
 1.295619789945372
 1.292784136233673
 1.290024356421644
 1.290807044058172
 1.292766801834192
 1.214806087382445
 1.217958868928339
 1.24655841747444
 1.274153738280808
 1.27380061208778
 1.274239438068403
 1.28760530576962
 1.301011642798304
 1.289943993947281
 1.291863066327562
 1.29613221867827
 1.296864646021606
 1.297696117486728
 1.296512038737077
 1.294792685111034
 1.295247083119018
 1.281769453890367
 1.302130759629417
 1.301774092657266
 1.301964205965688
 1.297722011431272
 1.29844358537141
 1.304530107976678
 1.303886980387255
 1.305375644055162
 1.306663072031745
 1.298075430254461
 1.301655284642951
 1.295874515516739
 1.297274968040917
 1.29950084471969
 1.300891563700083
 1.301168894800018
 1.301544794459616
 1.301924529873288
 1.298902523198995
 1.299757437442729
 1.30008523258102
 1.303418048009854
 1.301643800257909
 1.305028687903257
 1.300679096538407
 1.293506494253445
 1.29075351015052
 1.291142894679175
 1.290920242866671
 1.292799171582071
 1.292699859105842
 1.29059690543154
 1.288165653697867
 1.287175367474804
 1.287777395150194
 1.285359338305109
 1.205291406687788
 1.205285148890902
 1.210596029332978
 1.210734140342809
 1.217140561468512
 1.216201383953974
 1.220588373039551
 1.269595911820886
 1.28714936141511
 1.288199661028498
 1.288335446915031
 1.273727433780498
 1.272854931200007
 1.267633953096122
 1.268270730625412
 1.268292221810482
 1.269609183817009
 1.261418571115497
 1.261774796541917
 1.252955045224511
 1.267031658340362
 1.262314222699037
 1.25376395990173
 1.25301204346062
 1.262730285814471
 1.262371244306963
 1.262471702808164
 1.249240280619509
 1.249973879664398
 1.246940311598435
 1.236243778642799
 1.236575556791294
 1.24505199936652
 1.246610906036354
 1.246867811007468
 1.244806348584688
 1.242785308712061
 1.24767881045668
 1.248720012485884
 1.244075330118348
 1.240386065679922
 1.247542729129257
 1.250898382718173
 1.250642421673776
 1.252516085597181
 1.251649737953169
 1.25274546599469
 1.248058480882874
 1.255101932783238
 1.254642541302812
 1.254367574660076
 1.250802086301537
 1.248166442330704
 1.248578136301426
 1.238746067882239
 1.241599973937337
 1.236943221822178
 1.239623495682803
 1.240732652620563
 1.241685347640106
 1.242189286450726
 1.249490057780026
 1.254679007014069
 1.254355606718123
 1.255983869575998
 1.256456977678654
 1.238473909037459
 1.253200657748747
 1.249353271055203
 1.25367994608345
 1.246823030669489
 1.246156072139996
 1.244239976321055
 1.241921321877053
 1.242995965078797
 1.244695237816354
 1.240192221777679
 1.238802246873078
 1.243478133224456
 1.248708916790364
 1.247254123894719
 1.246280299791406
 1.241573798943025
 1.23856950721719
 1.240190532736761
 1.240323308705511
 1.241286661459102
 1.238286784959817
 1.240720834129845
 1.191227251075479
 1.189929861153323
 1.190278025264664
 1.18728339323079
 1.201488634875422
 1.218760057830706
 1.218799322916716
 1.217809842191708
 1.22320003278316
 1.221306396449021
 1.221398753620645
 1.223676742432364
 1.218385117759127
 1.216252780318235
 1.214705544342141
 1.227362103384219
 1.22863671708703
 1.227130340376701
 1.225538936556932
 1.228186592800171
 1.230227564604288
 1.231579383668554
 1.230169359457836
 1.226758165566921
 1.221625028441953
 1.222303994719463
 1.22184118160979
 1.22257168184736
 1.221017005128517
 1.219720165069259
 1.218799246407839
 1.215897062799255
 1.212609565096202
 1.213381384153356
 1.21119065394389
 1.209165015110719
 1.209742888286207
 1.20924053833833
 1.204210091950996
 1.199525496556395
 1.193780468673072
 1.196331784177318
 1.195732180496762
 1.198402344576052
 1.197994963212674
 1.196527284349261
 1.179665745676956
 1.185420043082334
 1.18675193400038
 1.18885461364675
 1.190553147841555
 1.191401284914681
 1.197734697938632
 1.201901558255264
 1.204882537506428
 1.204397918747293
 1.204661721124637
 1.203328434571617
 1.197910496554434
 1.195088621624816
 1.188390383290252
 1.187470149074138
 1.189268191829927
 1.187263767507601
 1.163806398637718
 1.163712303441369
 1.165876296457152
 1.15909896884298
 1.165785867163831
 1.16614747293649
 1.179507395906916
 1.178987615678426
 1.169479812249643
 1.175815350893201
 1.170515268794962
 1.169424480455851
 1.170573826213122
 1.176621012339317
 1.176027102574949
 1.176755623102782
 1.166836748060805
 1.173503629653745
 1.17107973214794
 1.173497604267791
 1.173003338874286
 1.167755854007799
 1.167060248770588
 1.165176900834104
 1.160206528190518
 1.160114229310687
 1.15964021294477
 1.158675966115488
 1.159698579507913
 1.152695513936415
 1.152061835152631
 1.151696419914833
 1.148282889845763
 1.143578694497363
 1.17141415768183
 1.164384231203642
 1.164988553376412
 1.163142188914451
 1.16241216314511
 1.163314041626252
 1.16343026464194
 1.164449802244891
 1.16625053356213
 1.167005411857242
 1.166708555492124
 1.166755662608718
 1.166533356848504
 1.163824311798109
 1.164225719667889
 1.128520437248721
 1.156142498735785
 1.151432778270604
 1.151812392556962
 1.152367650364221
 1.154499980998944
 1.154146037841868
 1.15820493859558
 1.152115851919704
 1.15113147948154
 1.14682770214523
 1.145053976670174
 1.143225673709894
 1.146726889489731
 1.146989096592398
 1.147868159148945
 1.151795310241364
 1.151908603965811
 1.151025201989773
 1.148629633471808
 1.148703796273061
 1.148673511807888
 1.148641874468992
 1.147254856422599
 1.147159884611003
 1.146123864919414
 1.146501581329776
 1.146207565344975
 1.145863609719872
 1.145221991120788
 1.145240549088837
 1.107551060352061
 1.114562019505188
 1.10570343483687
 1.110554230175339
 1.11043558698801
 1.112171254204416
 1.121170151087051
 1.132278810203144
 1.138633810305215
 1.140403572619334
 1.139138637927607
 1.133724745990401
 1.135038945281545
 1.138459307030207
 1.158473095460982
 1.151474145596514
 1.154716915200018
 1.152170156215192
 1.145388623079035
 1.159407697231385
 1.153168158080364
 1.153973217544178
 1.155413571087709
 1.154399901123074
 1.152243041632603
 1.152159769825537
 1.153178942017777
 1.156234292572818
 1.155796945832466
 1.153261565131873
 1.156298748100082
 1.156535228656852
 1.157132338125278
 1.157234978935927
 1.157113115040032
 1.152470667347013
 1.153772277812194
 1.154748954982703
 1.158521129929982
 1.157725615559713
 1.157878484434375
 1.172538163876109
 1.172894028325841
 1.176478789025921
 1.178210128062296
 1.174874933932378
 1.172818099641689
 1.174875883280401
 1.175690456991715
 1.106482667981479
 1.144875619826471
 1.142483724666073
 1.141391858486227
 1.128885169720921
 1.13190047058525
 1.129404812141554
 1.137234182720628
 1.136735227647287
 1.140525906864069
 1.133232983632521
 1.135167073287386
 1.138179150821094
 1.138211569728897
 1.140121367766806
 1.143041345637548
 1.146279939146589
 1.144980648152436
 1.14480362546459
 1.151640438721212
 1.148218661186569
 1.148287233662332
 1.145648062534303
 1.146534538581886
 NaN
 NaN
 NaN
 NaN
 NaN
 NaN
 NaN
 NaN
 NaN
 NaN
 NaN
 NaN
 NaN
 NaN
 NaN
 NaN
 NaN
 NaN
 NaN
 NaN
 NaN
 NaN
 NaN
 NaN
 NaN
 NaN
 NaN
 NaN
 NaN
 NaN
 NaN
 NaN
 NaN
 NaN
 NaN
 NaN
 NaN
 NaN
 NaN
 NaN
 NaN
 NaN
 NaN
 NaN
 NaN
 NaN
 NaN
 NaN
 NaN
 NaN
 NaN
 NaN
 NaN
 NaN
 NaN
 NaN
 NaN
 NaN
 NaN
 NaN
 NaN
 NaN
 NaN
 NaN
 NaN
 NaN
 NaN
 NaN
 NaN
 NaN
 NaN
 NaN
 NaN
 NaN
 NaN
 NaN
 NaN
 NaN
 NaN
 NaN
 NaN
 NaN
 NaN
 NaN
 NaN
 NaN


# name: iter_improve
# type: matrix
# rows: 770
# columns: 1
 1
 26
 48
 49
 61
 71
 74
 76
 80
 82
 84
 88
 90
 95
 96
 99
 104
 111
 112
 113
 115
 116
 128
 129
 130
 144
 157
 172
 175
 177
 181
 193
 208
 244
 246
 251
 257
 260
 265
 287
 300
 319
 345
 347
 706
 760
 863
 951
 1000
 1001
 1002
 1004
 1006
 1008
 1014
 1015
 1016
 1026
 1032
 1040
 1042
 1061
 1063
 1084
 1087
 1093
 1098
 1110
 1127
 1128
 1152
 1198
 1206
 1217
 1218
 1221
 1267
 1279
 1294
 1314
 1316
 1327
 1345
 1374
 1427
 1454
 1609
 1616
 1626
 1638
 1644
 1646
 1649
 1651
 1662
 1673
 1675
 1678
 1694
 1708
 1710
 1716
 1749
 1757
 1765
 1771
 1789
 1800
 1859
 1864
 2000
 2001
 2002
 2003
 2004
 2006
 2008
 2017
 2018
 2023
 2025
 2026
 2028
 2033
 2040
 2059
 2063
 2067
 2092
 2123
 2135
 2156
 2161
 2166
 2236
 2253
 2254
 2286
 2318
 2502
 2516
 2572
 2580
 2864
 2908
 2941
 2943
 2949
 2957
 3000
 3002
 3004
 3005
 3008
 3009
 3010
 3013
 3014
 3015
 3016
 3018
 3019
 3021
 3030
 3039
 3041
 3045
 3047
 3050
 3051
 3054
 3058
 3068
 3086
 3088
 3089
 3107
 3108
 3110
 3139
 3196
 3218
 3268
 3285
 3291
 3311
 3353
 3357
 3370
 3401
 3402
 3480
 3543
 3549
 3558
 3585
 3611
 3613
 3625
 3631
 3633
 3642
 3651
 3656
 3680
 3681
 3704
 3792
 3807
 3808
 3821
 3912
 3941
 3947
 3984
 3992
 4000
 4001
 4002
 4005
 4007
 4011
 4012
 4015
 4016
 4020
 4028
 4029
 4057
 4058
 4059
 4062
 4068
 4070
 4073
 4078
 4096
 4097
 4104
 4111
 4113
 4130
 4134
 4168
 4186
 4193
 4194
 4225
 4262
 4265
 4305
 4373
 4436
 4451
 4472
 4478
 4532
 4542
 5000
 5002
 5003
 5009
 5012
 5015
 5025
 5027
 5039
 5065
 5077
 5085
 5089
 5090
 5094
 5113
 5114
 5117
 5168
 5200
 5238
 5241
 5245
 5257
 5308
 5329
 5351
 5407
 5419
 5423
 5428
 5457
 5461
 5465
 5476
 5484
 5519
 5527
 5529
 5534
 5552
 5563
 5592
 5601
 5615
 5618
 5625
 5627
 5632
 5648
 5654
 5660
 5667
 5670
 5671
 5676
 5679
 5680
 5685
 5698
 5700
 5701
 5709
 5746
 5816
 5854
 5889
 6000
 6003
 6009
 6010
 6021
 6024
 6028
 6029
 6033
 6038
 6044
 6049
 6053
 6062
 6063
 6066
 6073
 6080
 6101
 6116
 6120
 6123
 6136
 6137
 6156
 6178
 6180
 6186
 6202
 6204
 6214
 6216
 6219
 6235
 6261
 6270
 6281
 6285
 6307
 6358
 6361
 6364
 6391
 6462
 6465
 6502
 6553
 6566
 6570
 6700
 6729
 6734
 6763
 7000
 7001
 7003
 7004
 7007
 7011
 7012
 7014
 7016
 7030
 7033
 7035
 7065
 7072
 7109
 7112
 7114
 7116
 7122
 7126
 7128
 7132
 7149
 7150
 7159
 7164
 7171
 7183
 7187
 7189
 7194
 7197
 7199
 7210
 7211
 7221
 7238
 7241
 7245
 7248
 7249
 7256
 7259
 7264
 7268
 7291
 7293
 7294
 7295
 7310
 7344
 7360
 7362
 7366
 7373
 7375
 7459
 7460
 7473
 7504
 7507
 7508
 7513
 7516
 7546
 7557
 7558
 7560
 7570
 7573
 7602
 7606
 7631
 7651
 7662
 7668
 7673
 7674
 7695
 7790
 7802
 7803
 7829
 7859
 7876
 7881
 7913
 7955
 7963
 8000
 8003
 8005
 8013
 8026
 8028
 8032
 8039
 8043
 8045
 8046
 8048
 8050
 8054
 8073
 8077
 8082
 8097
 8107
 8115
 8136
 8143
 8187
 8225
 8242
 8286
 8289
 8296
 8345
 8365
 8382
 8385
 8404
 8411
 8437
 8443
 8454
 8468
 8480
 8486
 8489
 8493
 8503
 8532
 8546
 8551
 8559
 8566
 8583
 8594
 8614
 8669
 8681
 8687
 8693
 8700
 8744
 8784
 8798
 8811
 8814
 8825
 8844
 8881
 9000
 9003
 9006
 9015
 9029
 9033
 9049
 9059
 9066
 9074
 9094
 9105
 9113
 9116
 9144
 9180
 9196
 9224
 9233
 9291
 9298
 9412
 9489
 9498
 9581
 9687
 9722
 9762
 9902
 9909
 9922
 9959
 9963
 10000
 10004
 10018
 10027
 10045
 10060
 10079
 10117
 10131
 10143
 10181
 10211
 10254
 10259
 10284
 10433
 11000
 11007
 11020
 11030
 11040
 11057
 11071
 11074
 11119
 11123
 11162
 11165
 11170
 11189
 11196
 11216
 11228
 11250
 11265
 11272
 11375
 11409
 11423
 11591
 11603
 11633
 11673
 11681
 11710
 11791
 11845
 12000
 12001
 12002
 12005
 12006
 12011
 12015
 12024
 12025
 12045
 12058
 12061
 12073
 12074
 12078
 12084
 12092
 12109
 12122
 12124
 12135
 12146
 12148
 12150
 12151
 12163
 12182
 12196
 12197
 12219
 12223
 12232
 12248
 12300
 12317
 12332
 12413
 12664
 12697
 12856
 12887
 12892
 12903
 12911
 12931
 12954
 12968
 12981
 12984
 13000
 13004
 13012
 13013
 13015
 13019
 13024
 13037
 13049
 13054
 13068
 13071
 13073
 13118
 13127
 13169
 13200
 13276
 13393
 13424
 13666
 13742
 13912
 13985
 14000
 15000
 16000
 17000
 18000
 19000
 20000
 21000
 22000
 23000
 24000
 25000
 26000
 27000
 28000
 29000
 30000
 31000
 32000
 33000
 34000
 35000
 36000
 37000
 38000
 39000
 40000
 41000
 42000
 43000
 44000
 45000
 46000
 47000
 48000
 49000
 50000
 51000
 52000
 53000
 54000
 55000
 56000
 57000
 58000
 59000
 60000
 61000
 62000
 63000
 64000
 65000
 66000
 67000
 68000
 69000
 70000
 71000
 72000
 73000
 74000
 75000
 76000
 77000
 78000
 79000
 80000
 81000
 82000
 83000
 84000
 85000
 86000
 87000
 88000
 89000
 90000
 91000
 92000
 93000
 94000
 95000
 96000
 97000
 98000
 99000


# name: optim_start
# type: scalar
61


# name: optim_steps
# type: matrix
# rows: 1
# columns: 100
 5 49 111 150 217 259 326 379 468 532 565 581 612 661 685 686 687 688 689 690 691 692 693 694 695 696 697 698 699 700 701 702 703 704 705 706 707 708 709 710 711 712 713 714 715 716 717 718 719 720 721 722 723 724 725 726 727 728 729 730 731 732 733 734 735 736 737 738 739 740 741 742 743 744 745 746 747 748 749 750 751 752 753 754 755 756 757 758 759 760 761 762 763 764 765 766 767 768 769 770


# name: VPVP_params
# type: scalar struct
# ndims: 2
 1 1
# length: 8
# name: lambda
# type: scalar
300000000


# name: downsample
# type: scalar
10


# name: MaxIter_X
# type: scalar
200


# name: MaxIter
# type: scalar
50


# name: optTol_X
# type: scalar
1e-06


# name: progTol_X
# type: scalar
1e-10


# name: optTol_aW
# type: scalar
0.0001


# name: progTol_aW
# type: scalar
1e-07




