# Created by Octave 3.8.1, Sun Jan 07 17:28:24 2018 ART <gabrevaya@ws6.labo2>
# name: y_start
# type: matrix
# rows: 10
# columns: 1
 0.5991006448245296
 -2.272913484068489
 -2.036451796467966
 0.3835727746670287
 1.618565189851817
 0.3709270497088534
 -0.5595994236134492
 -0.7815475763057922
 -0.6126345326882511
 0.8425128183277782


# name: alphas
# type: cell
# rows: 1
# columns: 3
# name: <cell-element>
# type: matrix
# rows: 10
# columns: 1
 -0.2844652373524202
 0.7718408239190289
 -0.06186091455353403
 -0.01789092627983187
 1.26692315258834
 0.554787755683783
 0.2715460797165385
 1.112846508783373
 0.2768253933703448
 0.1575480107652904



# name: <cell-element>
# type: matrix
# rows: 10
# columns: 1
 0.6252001654500255
 1.00551990952547
 0.5854965971641605
 0.8066951659206255
 0.6865439056369065
 0.6703127136285422
 0.7328645690054539
 0.5188879208143581
 1.113139050456049
 0.8626798829199065



# name: <cell-element>
# type: matrix
# rows: 10
# columns: 1
 11.13873838175996
 11.99666827647145
 11.30619385187831
 10.85857679574261
 12.27432766158418
 10.8818375508741
 10.88314751451144
 11.64974008305161
 11.93381653505719
 10.93698533814063





# name: W
# type: matrix
# rows: 10
# columns: 10
 0.07005553137839998 -0.05384497569694698 0.1511575258326743 -0.09229399830176389 -0.007931594966901748 -0.008306159692307594 -0.1872953345277779 -0.445185736324737 -0.7997396002498167 0.382140584190696
 -0.07908788335156129 -0.2219374327896833 -0.0440160589791057 -0.006066969221236194 0.02059612686386285 0.05372004884632645 0.1045322810146028 -0.5138150000256708 0.4894759709905056 0.02220019730636132
 -0.0316681896610529 -0.08134870386508052 -0.2725725686963804 0.2683757152152082 0.1917810812865772 -0.002415847230546865 0.006072339560256749 0.4315083514492956 0.1935683959819771 -0.7531606239370967
 -0.3496478305383756 -0.03666347241756143 0.5377975614180013 0.008445009487697653 0.3066746806109223 0.005757041814157609 -0.07421953526064881 0.0369716659760125 -0.1197941255921793 -0.1491706089552492
 -0.00669618191335954 -0.1962756489575198 0.1856090862208417 0.1045550858525008 0.0213511929575425 -0.09611846749973148 0.03154606362166525 0.06208047066957703 -0.4722131133216665 -0.0446492632776515
 -0.04024092300834434 -0.2050856448275398 -0.0133724307429448 0.1228981579992712 -0.1259063579052949 -0.09821157137558524 -0.06535788962049194 -0.1059103875234104 -0.1140758160346307 -0.01582317122446219
 0.2223284053594674 0.01837906559688397 -0.007961787614801947 -0.009777504302945732 -0.03156777883942049 0.1055678105937867 -0.3032523103419216 -0.1001407492849839 -0.3485346168372952 0.333133961670269
 0.1359451940570567 0.08800853743320726 0.01774881675915794 -0.01981388095611408 -0.3310237227773897 -0.0882895669460433 -0.1774606412144429 -0.1989221033597625 -0.2277097321739288 0.2296354066543333
 0.1842863789461868 -0.03911100085385204 -0.05367425914195121 -0.117014161790293 -0.03340791537529654 0.09757202825334547 -0.09885389566893983 -0.3604052376445062 0.02520077234272567 0.3249649988916775
 0.1582365422103001 -0.1185452114740944 -0.6330469296870493 -0.01629578129685638 -0.09822739593201597 -0.05679406255967134 0.162832198913695 0.01673401252998894 0.05817111990889347 -0.8759881058962889


# name: iter
# type: scalar
200000


# name: c
# type: matrix
# rows: 1
# columns: 10
 NaN NaN NaN NaN NaN NaN NaN NaN NaN NaN


# name: mean_corr
# type: matrix
# rows: 622
# columns: 1
 -0.2142946641322092
 -0.2012634822135525
 -0.1570756088570593
 -0.1374927624799217
 -0.1337928610861698
 -0.09004790794852718
 -0.07325235573460956
 0.05514538371719668
 0.08939269949218297
 0.1141016362882018
 0.129766847325729
 0.1316278017088217
 0.1363182071216799
 0.136369051828882
 0.1429023555027523
 0.1482387508924233
 0.1487730418366384
 0.1539712726334397
 0.2042749343977407
 0.206362668070438
 0.4354213800593777
 0.4042421501101299
 0.3992271054306782
 0.3726561813286202
 0.3700549484658094
 0.362916380808045
 0.362835911057232
 0.3489622514770314
 0.3484091308725564
 0.3471589998106479
 0.4715040644180246
 0.4275412679558192
 0.4173763113010129
 0.4168712066213615
 0.4165702446617504
 0.4067109284080542
 0.3959522430699671
 0.397642944726931
 0.400516601242331
 0.3986392657299307
 0.3971901010435973
 0.3920366344831662
 0.3910831547267016
 0.4020636405182875
 0.4017106264142696
 0.39217474993523
 0.3916026891876497
 0.3910363753127019
 0.3872058774480066
 0.3866891174852809
 0.3862657470909087
 0.3841739399545239
 0.3845295333663753
 0.3831597062787611
 0.383283307899739
 0.3779613062379882
 0.3780847564664828
 0.3749053448618241
 0.3759479884118056
 0.3762938050156138
 0.3749505917044437
 0.3772077019875414
 0.3746168387399414
 0.3739939752479134
 0.3742771096813975
 0.3631673274090791
 0.3605174777834028
 0.3562505031420786
 0.3568754593030606
 0.3576301476805128
 0.3611114446299554
 0.3627616512576296
 0.3552094244497683
 0.5006209235128154
 0.4992529392600417
 0.4975795752787525
 0.4777513723923661
 0.4807710900590706
 0.4808078112653537
 0.4683607361348209
 0.4683306379610239
 0.4649728295596085
 0.4592803820085436
 0.463485856534296
 0.4605113440404777
 0.4593499255864311
 0.4571802122593153
 0.4670962689865388
 0.4662057881957765
 0.4630979594708148
 0.4435878710929452
 0.4435703455783263
 0.4438734902520407
 0.4386762501764439
 0.4362541479274194
 0.4362972008147847
 0.4318519438328983
 0.4297024426587183
 0.4313799304307297
 0.4350746054227468
 0.4316719339565308
 0.43327056726074
 0.4316246943947276
 0.4342219120997858
 0.413592577142615
 0.4099904524326791
 0.4038853403639466
 0.4036324328196378
 0.390036851439013
 0.4899779646597421
 0.4913082348279306
 0.4761832205576811
 0.4773717479848771
 0.4784430265573893
 0.4791415256577704
 0.4657815994883516
 0.4722117015284086
 0.4695641460457754
 0.4511129140761985
 0.4508087467444771
 0.4444688313884832
 0.4456342054291516
 0.4428061396898351
 0.4414724007305399
 0.4380939570695485
 0.4350941672734511
 0.4366536916928571
 0.4350207989306694
 0.4363203270406576
 0.4345271690625439
 0.4334537773502771
 0.4388261677945312
 0.435620551469545
 0.4381779425214941
 0.4386327042804457
 0.4440706295299094
 0.4374714388692019
 0.430803156750859
 0.424350693797574
 0.4224247156043285
 0.4209141913108739
 0.4199379244676932
 0.4906637874752303
 0.4909521963031235
 0.4641141489323998
 0.4641986610322892
 0.4613883890211439
 0.4596951464547799
 0.4653317720352024
 0.4662733058361995
 0.4642207047983195
 0.4646956853842258
 0.4580602581719546
 0.4502803105977348
 0.4496054717083294
 0.4446983105913699
 0.4284721745017171
 0.4299295240999695
 0.4296821177854097
 0.4503291171875931
 0.4446510891841732
 0.4480700965296252
 0.4495589433888909
 0.4368623564190706
 0.4370903277763115
 0.4367635605320367
 0.4376420994273236
 0.4350757378067194
 0.4306314341771403
 0.447777477576469
 0.4466688900439335
 0.4506528932621706
 0.4484513575853506
 0.4422853699172368
 0.4298308150439654
 0.4161790705370955
 0.4092961713168347
 0.4372502329748239
 0.4289273346994419
 0.4286287499371258
 0.43205841437162
 0.4183150938428931
 0.4122170489749918
 0.4106588201001468
 0.4087596636938438
 0.4127125291385371
 0.4068513797007419
 0.4141363996991765
 0.4135737518026996
 0.4069533960086059
 0.5066549967917825
 0.5054115485626476
 0.5068110836109809
 0.5014073949676899
 0.4992188737078648
 0.4892756688922298
 0.4856043421481318
 0.4874837996585483
 0.4636527767939304
 0.4614444160464414
 0.4591886414339942
 0.4595069538103164
 0.4500957361404307
 0.4529755611016661
 0.4505466199337918
 0.4646739035817443
 0.4608865431257838
 0.4588941266300147
 0.4527559929988011
 0.4542694618164834
 0.4498699885976674
 0.4454574938945951
 0.4543543994341741
 0.4528476778403648
 0.4494654949967716
 0.4366694949986799
 0.4344771861703443
 0.4389855699722677
 0.4446273870509768
 0.4274897449357762
 0.4277531298866517
 0.4282496737044498
 0.4235314240767916
 0.4102550193385424
 0.419775333322389
 0.422114266437829
 0.4153209613029569
 0.4096583944346204
 0.4147984768074858
 0.4112852587539698
 0.4039345061148228
 0.4024152358060061
 0.5099695621578062
 0.4976593736022347
 0.4954988554681773
 0.4948070424049826
 0.4868190136140731
 0.4990436002502998
 0.4974935000677257
 0.4877475941813726
 0.4860017510936738
 0.4847018629463714
 0.4797310715186477
 0.4677706328388882
 0.4685077485860872
 0.4708525236351203
 0.4588334971502903
 0.4571768339764633
 0.4591689778714717
 0.4586730464331968
 0.4558174309774776
 0.4573499027681703
 0.4513595066782795
 0.4511143155773523
 0.4535525031132251
 0.4532109739981968
 0.4526581216228924
 0.4511591180776319
 0.4485705218720352
 0.446481268427134
 0.4455798693905964
 0.4472169751964105
 0.4327455277437666
 0.4325717586780559
 0.4461920018323717
 0.4479205701072563
 0.4483135501288521
 0.4450368045470155
 0.4533417254502755
 0.4590059792202805
 0.456988909418611
 0.4598314050576865
 0.4594084450673576
 0.4604738718010533
 0.4562849878800817
 0.4555999878200918
 0.4532581787359458
 0.4488012004411613
 0.5152835572486224
 0.5172671200260442
 0.5073626326783531
 0.5025964236143657
 0.5026158780312413
 0.5062714677346427
 0.4964068596752785
 0.4959529950578035
 0.4926460147745627
 0.4939392247080067
 0.4817855746920264
 0.4714330601151253
 0.4738584146258312
 0.4722460114690044
 0.4651286493708775
 0.4664069532031402
 0.462746894074431
 0.4619618623167607
 0.4633068205866314
 0.463483972926247
 0.4633507314096232
 0.4613680842969481
 0.4615933124466727
 0.4617059954856534
 0.4619109394752082
 0.4674480167285605
 0.4671859221207292
 0.4625511875843047
 0.4625769976092547
 0.4591118110490062
 0.4617843992089162
 0.4643143853873003
 0.4632695863497222
 0.4625130390477761
 0.4622347342215994
 0.4624220317485267
 0.4632608942338921
 0.4639655791173209
 0.4624803004954569
 0.4557390574945166
 0.4585048123741468
 0.4580889158436106
 0.4687775715486134
 0.4681849074428435
 0.4593706643106044
 0.4601981595822189
 0.4578333842574637
 0.5216652191108985
 0.5180661848083751
 0.5150763994740507
 0.5127703458645928
 0.5084685436704313
 0.5036120003381819
 0.5027690109206617
 0.5019850970343016
 0.4662920374931751
 0.4606944315236626
 0.4594262884025507
 0.4615549269926156
 0.4597695163553651
 0.4613399807664568
 0.4621089974951206
 0.4540244396071298
 0.4595541227239722
 0.4631564020239525
 0.4638441086624455
 0.4581256879249925
 0.458778013756616
 0.4567979184800552
 0.4525870587281365
 0.4526106124055541
 0.4530284455750275
 0.4506357913245663
 0.4513316148390202
 0.446639113259845
 0.4438173513413766
 0.451461518994935
 0.446470964767
 0.445316060903739
 0.4574303289982982
 0.4546632330524593
 0.4548949140688652
 0.459213984357864
 0.4605917099782509
 0.4623016659197829
 0.4613047600194437
 0.5389053390364305
 0.5355874971973512
 0.5203733478672955
 0.5085458826874635
 0.5058301460332153
 0.5220016787600673
 0.5150369323969289
 0.4863945989373124
 0.4938531128567112
 0.4923988017923577
 0.4815212032817956
 0.4744677783329352
 0.4720883184131059
 0.4720821316799352
 0.4650855016959644
 0.4606388998861289
 0.4610420978813115
 0.4688149353337415
 0.4587854356639044
 0.5321447178149639
 0.5190588398632381
 0.5190200398653162
 0.5180101331517655
 0.5166763780158846
 0.5006163722421323
 0.5059149374604205
 0.5047373871751052
 0.4956144427553251
 0.4946201428727048
 0.4898196885613625
 0.4923473669282558
 0.4834695374600752
 0.4853180529009159
 0.4848019228012722
 0.4827753336105897
 0.4826353078768499
 0.4781972188955578
 0.4786885748354909
 0.4798111895932101
 0.4759332233887791
 0.5232054861675836
 0.5262603260883674
 0.524919519233382
 0.5038480255103102
 0.5025477017031774
 0.5015643133264733
 0.5013950894449513
 0.4889026879201018
 0.4888430082661993
 0.4842302209109751
 0.4847382772460425
 0.4839091020098551
 0.453256498155918
 0.4481672185552165
 0.4525344974022453
 0.4492872965796459
 0.4456819587474889
 0.4482654585816985
 0.4573949673509502
 0.4511788078077303
 0.4589188261205042
 0.4593004776077487
 0.4651525766585101
 0.4619758630129103
 0.4543581578532039
 0.4538454389400787
 0.4396198708268036
 0.4373329129917509
 0.4406803622695822
 NaN
 NaN
 NaN
 NaN
 NaN
 NaN
 NaN
 NaN
 NaN
 NaN
 NaN
 NaN
 NaN
 NaN
 NaN
 NaN
 NaN
 NaN
 NaN
 NaN
 NaN
 NaN
 NaN
 NaN
 NaN
 NaN
 NaN
 NaN
 NaN
 NaN
 NaN
 NaN
 NaN
 NaN
 NaN
 NaN
 NaN
 NaN
 NaN
 NaN
 NaN
 NaN
 NaN
 NaN
 NaN
 NaN
 NaN
 NaN
 NaN
 NaN
 NaN
 NaN
 NaN
 NaN
 NaN
 NaN
 NaN
 NaN
 NaN
 NaN
 NaN
 NaN
 NaN
 NaN
 NaN
 NaN
 NaN
 NaN
 NaN
 NaN
 NaN
 NaN
 NaN
 NaN
 NaN
 NaN
 NaN
 NaN
 NaN
 NaN
 NaN
 NaN
 NaN
 NaN
 NaN
 NaN
 NaN
 NaN
 NaN
 NaN
 NaN
 NaN
 NaN
 NaN
 NaN
 NaN
 NaN
 NaN
 NaN
 NaN
 NaN
 NaN
 NaN
 NaN
 NaN
 NaN
 NaN
 NaN
 NaN
 NaN
 NaN
 NaN
 NaN
 NaN
 NaN
 NaN
 NaN
 NaN
 NaN
 NaN
 NaN
 NaN
 NaN
 NaN
 NaN
 NaN
 NaN
 NaN
 NaN
 NaN
 NaN
 NaN
 NaN
 NaN
 NaN
 NaN
 NaN
 NaN
 NaN
 NaN
 NaN
 NaN
 NaN
 NaN
 NaN
 NaN
 NaN
 NaN
 NaN
 NaN
 NaN
 NaN
 NaN
 NaN
 NaN
 NaN
 NaN
 NaN
 NaN
 NaN
 NaN
 NaN
 NaN
 NaN
 NaN
 NaN
 NaN
 NaN
 NaN
 NaN
 NaN
 NaN
 NaN
 NaN
 NaN
 NaN
 NaN
 NaN
 NaN
 NaN
 NaN
 NaN
 NaN
 NaN
 NaN
 NaN
 NaN
 NaN
 NaN


# name: mean_error
# type: matrix
# rows: 622
# columns: 1
 1.506003925480684
 1.510605749186638
 1.488172921137081
 1.479131592803359
 1.475169850420664
 1.465347161611267
 1.452154150281494
 1.390174359386368
 1.383468847521844
 1.377831879832673
 1.367191629045334
 1.368101256244847
 1.343730997811082
 1.343383161913325
 1.343631308663703
 1.327503108408043
 1.327709441508985
 1.333877572543071
 1.31720700527079
 1.31678874237019
 1.240371493129881
 1.249033149445314
 1.243943543209182
 1.263259364928354
 1.272197814115004
 1.272447194808061
 1.275481417402773
 1.266754515058874
 1.268433902760881
 1.264809212040568
 1.213360299826486
 1.222042072994439
 1.224356797506183
 1.22883643038495
 1.221689741425464
 1.219766838217865
 1.222686847388067
 1.22158758156211
 1.217221371181033
 1.215353511130107
 1.228923437469863
 1.225571100651894
 1.225450211058119
 1.222465732056486
 1.223070185767935
 1.225306084111799
 1.223590954317126
 1.227461575233777
 1.228208784006031
 1.227151843731758
 1.225905007978743
 1.227251701051287
 1.228414783942211
 1.224375249896545
 1.223172842109615
 1.223443600854567
 1.222006574847192
 1.229658673359269
 1.227125570329163
 1.225350007297454
 1.230598300024012
 1.227972542383532
 1.230928202349282
 1.231254826077808
 1.231681688434314
 1.226318980855764
 1.225525743212103
 1.237135175017975
 1.237250477926952
 1.225163006364272
 1.2216323820724
 1.224756026130687
 1.231359255630751
 1.180290707992574
 1.184545721589746
 1.181019034176122
 1.185073372712933
 1.192172714517718
 1.189595620808908
 1.192801661558853
 1.204225132153901
 1.208104692775241
 1.211872667345386
 1.207708650017296
 1.214282762874666
 1.218649502209754
 1.218619691880831
 1.237183264016972
 1.23257278369466
 1.238961232909944
 1.250171769341214
 1.252946484052954
 1.249491546468679
 1.250751298687758
 1.252926298234778
 1.252554465939626
 1.249583783672402
 1.253767412086296
 1.254109300105424
 1.257323437450873
 1.26650169149841
 1.268990724411341
 1.265729325668743
 1.255305954343578
 1.28372026276329
 1.279466557436997
 1.278648935995401
 1.27909036483115
 1.286340069190156
 1.207834562134734
 1.205683888891014
 1.212063673259674
 1.206525181501699
 1.195799545424381
 1.198772945909954
 1.212026022382535
 1.206526126812367
 1.214153855182583
 1.226943589361374
 1.22772865741227
 1.23176784573092
 1.22806640912172
 1.237487147341636
 1.242755872641343
 1.247761504634024
 1.250278974789139
 1.248255951911867
 1.249225991718732
 1.245991850052826
 1.247849763868917
 1.245050757563695
 1.226130453659458
 1.228993444043182
 1.226065365527457
 1.225194529101999
 1.220377899553823
 1.226899556646172
 1.230298029831352
 1.230457407928843
 1.230657645086596
 1.228551145079184
 1.229768840035057
 1.202560000063906
 1.206410140369768
 1.219187980712853
 1.218560285191739
 1.224359636568511
 1.232434478030228
 1.217519137585535
 1.224453087610448
 1.226115146579364
 1.215917460991543
 1.220582903364059
 1.220937709779754
 1.220143379051717
 1.2279128570614
 1.224064087193228
 1.228688780100829
 1.223617963473289
 1.214915745832807
 1.213776389477969
 1.214389272864215
 1.21158134226319
 1.214567698037565
 1.21539014311475
 1.218286035223321
 1.218765942280609
 1.218998807533434
 1.222044595375887
 1.213978322457808
 1.214658280413383
 1.213350805415942
 1.223972353302332
 1.227329074382541
 1.234044843198471
 1.237999679558924
 1.238346197088661
 1.223049581788292
 1.239634919168046
 1.239770631582452
 1.2385760428883
 1.244436343151193
 1.243107169165829
 1.240499305888508
 1.243861345580932
 1.242032606110586
 1.240957621829821
 1.238169128314162
 1.238117671217501
 1.245015496531832
 1.185762424661735
 1.184784410826503
 1.190846675376396
 1.188038488708338
 1.190158268753243
 1.20497974788518
 1.216034094014302
 1.215627553621836
 1.225918934971318
 1.228284593063262
 1.228507435525441
 1.22681165311826
 1.225136938415464
 1.220899252110381
 1.221307813306949
 1.210483958127628
 1.226172466658644
 1.224217241119412
 1.217341258793061
 1.218025074017803
 1.249725800842511
 1.245478062050893
 1.237375170146012
 1.242845491207955
 1.245130546962248
 1.258413365973712
 1.263673033375826
 1.259570614248562
 1.253957618969647
 1.25700519752635
 1.249359994089502
 1.250833933974579
 1.258327355675507
 1.26113822434491
 1.265497063496245
 1.268689959538807
 1.263414393141675
 1.266077970370517
 1.271326142218629
 1.274973288559721
 1.277059125608314
 1.270898306986663
 1.183876979259342
 1.187227482927237
 1.182521989848923
 1.190239490864113
 1.206356131754614
 1.203971277616161
 1.210567943311969
 1.209560372277685
 1.204400997544534
 1.208198002245499
 1.224753904871129
 1.235666544983165
 1.235859192904129
 1.237959565348417
 1.243860051633707
 1.245562312435064
 1.241936266141798
 1.243219807212152
 1.244488065698717
 1.24050940879131
 1.24359768478565
 1.24375782778745
 1.246240422056589
 1.257207202709372
 1.258260380208753
 1.257168295029649
 1.25957321862577
 1.260483305261566
 1.258806974197607
 1.256317329038849
 1.255241893008038
 1.255745906057151
 1.265362611678646
 1.263073328132328
 1.261503804089542
 1.265806991072635
 1.25835877884491
 1.258530901887185
 1.255821460705188
 1.259516481725908
 1.256504363175018
 1.253159561296909
 1.250756309802609
 1.253416594684837
 1.242653505473425
 1.241699771236463
 1.171598452118753
 1.177144373493011
 1.182153779311972
 1.179803477246876
 1.179717542273326
 1.193490177158562
 1.191592427883361
 1.19059758334587
 1.19281621776287
 1.188285385955643
 1.19214623186881
 1.207941796736485
 1.206683607642894
 1.204641811384585
 1.203817865351652
 1.206497189406602
 1.204002518050358
 1.203819517369471
 1.201184543993443
 1.199290981903927
 1.197505083928926
 1.198023948461464
 1.196681918599738
 1.196153893213975
 1.193941005300028
 1.195472547404235
 1.195643440704321
 1.195531869273923
 1.195831237126355
 1.201984386367616
 1.201272057800916
 1.198610255455569
 1.199439079827755
 1.19875871030382
 1.195042183380998
 1.196542473124807
 1.196157159562535
 1.198978602640856
 1.199413864976943
 1.211786238037975
 1.206605082116954
 1.209123800934081
 1.197529640110853
 1.199656646899476
 1.207098605471048
 1.208359610036793
 1.209043718488067
 1.162581997191601
 1.161079205062895
 1.160897407948369
 1.16476301257647
 1.167563291176107
 1.174254589735645
 1.16918723565417
 1.181527352188895
 1.205388993857474
 1.221985654795038
 1.216315958946368
 1.214982480475433
 1.218567894621698
 1.219629585477053
 1.219499284610734
 1.224801747224007
 1.225545495950939
 1.220791086118811
 1.220386554805821
 1.220795854013679
 1.219399837798542
 1.22140744024202
 1.228803524066808
 1.228307346716904
 1.224510885204892
 1.22718679812134
 1.225214022437699
 1.230253380425992
 1.230606206233393
 1.222908793021478
 1.227369905068859
 1.228636070040925
 1.223626684751272
 1.226893570018335
 1.22722262233645
 1.217814751482984
 1.218160409502425
 1.218915302160989
 1.221035470404897
 1.154642094815495
 1.165349396112248
 1.172691757488639
 1.184785347104232
 1.185915804244883
 1.180183661865199
 1.189123103130456
 1.196554878745309
 1.197428236131061
 1.201279129969426
 1.215284752036856
 1.21982148571124
 1.217913249660623
 1.219111849687445
 1.21502121768316
 1.214344665932134
 1.215021037596575
 1.221742500778712
 1.219874921965249
 1.160815724222627
 1.174418859204089
 1.175776800611587
 1.179072712941883
 1.185182739906999
 1.200402633181819
 1.203143196161409
 1.202119689418512
 1.217731094698658
 1.220639392950832
 1.2205967384835
 1.23069714460568
 1.236592263256855
 1.239674389246784
 1.24257485883711
 1.242271913872352
 1.239407057763873
 1.240924855217564
 1.239836836693365
 1.237961935577324
 1.238963415401281
 1.182134018415987
 1.188376248389317
 1.187079996110047
 1.201529796329599
 1.196708958334022
 1.197427011152248
 1.198801325396814
 1.208855998287678
 1.208048835099074
 1.207504529211991
 1.210018797710555
 1.213578534626977
 1.233878506968903
 1.235548472430348
 1.232261077026174
 1.230471934583689
 1.231843314405629
 1.235384081436112
 1.228087623415413
 1.233549202770603
 1.232656895884399
 1.235838847517796
 1.234122017610692
 1.2331539515286
 1.239529632358533
 1.23628689551782
 1.241055240470982
 1.242781870367708
 1.249251515317799
 NaN
 NaN
 NaN
 NaN
 NaN
 NaN
 NaN
 NaN
 NaN
 NaN
 NaN
 NaN
 NaN
 NaN
 NaN
 NaN
 NaN
 NaN
 NaN
 NaN
 NaN
 NaN
 NaN
 NaN
 NaN
 NaN
 NaN
 NaN
 NaN
 NaN
 NaN
 NaN
 NaN
 NaN
 NaN
 NaN
 NaN
 NaN
 NaN
 NaN
 NaN
 NaN
 NaN
 NaN
 NaN
 NaN
 NaN
 NaN
 NaN
 NaN
 NaN
 NaN
 NaN
 NaN
 NaN
 NaN
 NaN
 NaN
 NaN
 NaN
 NaN
 NaN
 NaN
 NaN
 NaN
 NaN
 NaN
 NaN
 NaN
 NaN
 NaN
 NaN
 NaN
 NaN
 NaN
 NaN
 NaN
 NaN
 NaN
 NaN
 NaN
 NaN
 NaN
 NaN
 NaN
 NaN
 NaN
 NaN
 NaN
 NaN
 NaN
 NaN
 NaN
 NaN
 NaN
 NaN
 NaN
 NaN
 NaN
 NaN
 NaN
 NaN
 NaN
 NaN
 NaN
 NaN
 NaN
 NaN
 NaN
 NaN
 NaN
 NaN
 NaN
 NaN
 NaN
 NaN
 NaN
 NaN
 NaN
 NaN
 NaN
 NaN
 NaN
 NaN
 NaN
 NaN
 NaN
 NaN
 NaN
 NaN
 NaN
 NaN
 NaN
 NaN
 NaN
 NaN
 NaN
 NaN
 NaN
 NaN
 NaN
 NaN
 NaN
 NaN
 NaN
 NaN
 NaN
 NaN
 NaN
 NaN
 NaN
 NaN
 NaN
 NaN
 NaN
 NaN
 NaN
 NaN
 NaN
 NaN
 NaN
 NaN
 NaN
 NaN
 NaN
 NaN
 NaN
 NaN
 NaN
 NaN
 NaN
 NaN
 NaN
 NaN
 NaN
 NaN
 NaN
 NaN
 NaN
 NaN
 NaN
 NaN
 NaN
 NaN
 NaN
 NaN
 NaN
 NaN
 NaN


# name: iter_improve
# type: matrix
# rows: 622
# columns: 1
 1
 31
 44
 67
 84
 101
 111
 124
 145
 172
 182
 183
 194
 200
 203
 212
 772
 857
 859
 882
 945
 946
 950
 956
 974
 975
 980
 989
 996
 998
 1000
 1004
 1006
 1007
 1010
 1021
 1022
 1025
 1030
 1032
 1037
 1039
 1042
 1077
 1078
 1081
 1084
 1105
 1132
 1191
 1215
 1244
 1362
 1384
 1397
 1430
 1464
 1467
 1476
 1491
 1497
 1514
 1518
 1572
 1577
 1634
 1650
 1665
 1741
 1759
 1867
 1928
 1961
 2000
 2006
 2008
 2009
 2018
 2021
 2023
 2025
 2026
 2027
 2042
 2050
 2051
 2054
 2057
 2058
 2079
 2082
 2083
 2084
 2087
 2102
 2125
 2145
 2205
 2208
 2250
 2264
 2286
 2312
 2313
 2323
 2334
 2365
 2420
 2577
 3000
 3001
 3004
 3005
 3009
 3014
 3021
 3033
 3041
 3043
 3045
 3050
 3057
 3063
 3094
 3115
 3163
 3184
 3191
 3194
 3195
 3233
 3258
 3313
 3323
 3325
 3336
 3337
 3378
 3443
 3471
 3482
 3484
 4000
 4002
 4007
 4009
 4012
 4024
 4028
 4031
 4034
 4050
 4065
 4067
 4070
 4075
 4102
 4134
 4165
 4166
 4189
 4198
 4204
 4218
 4223
 4225
 4226
 4227
 4233
 4253
 4256
 4258
 4280
 4290
 4295
 4313
 4317
 4509
 4514
 4516
 4522
 4528
 4535
 4547
 4563
 4598
 4630
 4651
 4670
 4798
 5000
 5013
 5023
 5024
 5030
 5040
 5041
 5042
 5044
 5045
 5049
 5051
 5054
 5056
 5060
 5064
 5082
 5112
 5116
 5118
 5127
 5137
 5151
 5153
 5170
 5171
 5172
 5173
 5190
 5191
 5216
 5222
 5229
 5277
 5287
 5345
 5357
 5364
 5397
 5438
 5732
 5870
 6000
 6001
 6003
 6006
 6009
 6011
 6022
 6025
 6027
 6030
 6035
 6041
 6050
 6051
 6059
 6073
 6078
 6092
 6105
 6125
 6143
 6148
 6149
 6150
 6158
 6205
 6207
 6236
 6241
 6313
 6366
 6481
 6491
 6525
 6535
 6558
 6578
 6581
 6670
 6676
 6753
 6798
 6848
 6909
 6921
 6977
 7000
 7001
 7002
 7007
 7009
 7011
 7013
 7019
 7020
 7027
 7030
 7074
 7086
 7088
 7096
 7101
 7135
 7145
 7158
 7200
 7212
 7214
 7282
 7320
 7357
 7391
 7402
 7435
 7468
 7518
 7576
 7668
 7723
 7726
 7771
 7773
 7777
 7848
 7851
 7881
 7885
 7947
 7953
 7957
 7960
 7964
 7986
 8000
 8008
 8009
 8027
 8030
 8037
 8038
 8041
 8055
 8072
 8079
 8080
 8092
 8099
 8104
 8106
 8126
 8186
 8211
 8237
 8243
 8267
 8283
 8288
 8305
 8306
 8324
 8341
 8385
 8386
 8405
 8415
 8419
 8455
 8651
 8683
 8687
 8799
 8829
 9000
 9008
 9012
 9024
 9035
 9043
 9044
 9051
 9059
 9063
 9088
 9096
 9120
 9159
 9173
 9278
 9367
 9686
 9746
 10000
 10011
 10028
 10034
 10041
 10056
 10057
 10072
 10123
 10132
 10143
 10149
 10162
 10172
 10288
 10476
 10618
 10689
 10755
 10811
 10825
 11000
 11008
 11021
 11035
 11039
 11042
 11045
 11049
 11088
 11096
 11110
 11122
 11130
 11147
 11150
 11168
 11172
 11177
 11180
 11182
 11298
 11307
 11361
 11404
 11432
 11496
 11573
 11972
 11978
 12000
 13000
 14000
 15000
 16000
 17000
 18000
 19000
 20000
 21000
 22000
 23000
 24000
 25000
 26000
 27000
 28000
 29000
 30000
 31000
 32000
 33000
 34000
 35000
 36000
 37000
 38000
 39000
 40000
 41000
 42000
 43000
 44000
 45000
 46000
 47000
 48000
 49000
 50000
 51000
 52000
 53000
 54000
 55000
 56000
 57000
 58000
 59000
 60000
 61000
 62000
 63000
 64000
 65000
 66000
 67000
 68000
 69000
 70000
 71000
 72000
 73000
 74000
 75000
 76000
 77000
 78000
 79000
 80000
 81000
 82000
 83000
 84000
 85000
 86000
 87000
 88000
 89000
 90000
 91000
 92000
 93000
 94000
 95000
 96000
 97000
 98000
 99000
 100000
 101000
 102000
 103000
 104000
 105000
 106000
 107000
 108000
 109000
 110000
 111000
 112000
 113000
 114000
 115000
 116000
 117000
 118000
 119000
 120000
 121000
 122000
 123000
 124000
 125000
 126000
 127000
 128000
 129000
 130000
 131000
 132000
 133000
 134000
 135000
 136000
 137000
 138000
 139000
 140000
 141000
 142000
 143000
 144000
 145000
 146000
 147000
 148000
 149000
 150000
 151000
 152000
 153000
 154000
 155000
 156000
 157000
 158000
 159000
 160000
 161000
 162000
 163000
 164000
 165000
 166000
 167000
 168000
 169000
 170000
 171000
 172000
 173000
 174000
 175000
 176000
 177000
 178000
 179000
 180000
 181000
 182000
 183000
 184000
 185000
 186000
 187000
 188000
 189000
 190000
 191000
 192000
 193000
 194000
 195000
 196000
 197000
 198000
 199000
 200000


# name: optim_start
# type: scalar
945


# name: optim_steps
# type: matrix
# rows: 1
# columns: 201
 21 31 74 110 143 191 233 279 326 365 384 405 434 435 436 437 438 439 440 441 442 443 444 445 446 447 448 449 450 451 452 453 454 455 456 457 458 459 460 461 462 463 464 465 466 467 468 469 470 471 472 473 474 475 476 477 478 479 480 481 482 483 484 485 486 487 488 489 490 491 492 493 494 495 496 497 498 499 500 501 502 503 504 505 506 507 508 509 510 511 512 513 514 515 516 517 518 519 520 521 522 523 524 525 526 527 528 529 530 531 532 533 534 535 536 537 538 539 540 541 542 543 544 545 546 547 548 549 550 551 552 553 554 555 556 557 558 559 560 561 562 563 564 565 566 567 568 569 570 571 572 573 574 575 576 577 578 579 580 581 582 583 584 585 586 587 588 589 590 591 592 593 594 595 596 597 598 599 600 601 602 603 604 605 606 607 608 609 610 611 612 613 614 615 616 617 618 619 620 621 622


# name: VPVP_params
# type: scalar struct
# ndims: 2
 1 1
# length: 8
# name: lambda
# type: scalar
300000000


# name: downsample
# type: scalar
10


# name: MaxIter_X
# type: scalar
200


# name: MaxIter
# type: scalar
50


# name: optTol_X
# type: scalar
1e-06


# name: progTol_X
# type: scalar
1e-10


# name: optTol_aW
# type: scalar
0.0001


# name: progTol_aW
# type: scalar
1e-07




