# Created by Octave 4.0.0, Sun Jan 07 17:56:28 2018 ART <gabrevaya@ws8.labo5>
# name: y_start
# type: matrix
# rows: 10
# columns: 1
 -2.533102220651106e-05
 -2.051656847991608e-06
 -1.069475017289935e-05
 -1.889237653362295e-05
 9.459612700121403e-06
 4.832184438641199e-06
 7.153131517510271e-06
 9.121449514402842e-06
 7.726516136694352e-06
 1.911306734779709e-06


# name: alphas
# type: cell
# rows: 1
# columns: 3
# name: <cell-element>
# type: matrix
# rows: 10
# columns: 1
 2.055947293979424
 -0.2842260432237488
 0.7945743136263945
 1.924139750753734
 0.207454254721391
 0.8210635874863078
 1.528987612159601
 1.183447752288022
 0.2440159507707143
 -0.3507974617811008



# name: <cell-element>
# type: matrix
# rows: 10
# columns: 1
 1.061268604643611
 1.14277931932206
 1.037332385240268
 0.2909213255720605
 1.357936675514648
 0.7393458780302824
 0.8434268849581269
 0.3645851081725505
 0.4259841639715736
 0.2761134222515204



# name: <cell-element>
# type: matrix
# rows: 10
# columns: 1
 12.21655930650405
 12.88476162657494
 10.1054208531752
 12.05981985207686
 11.01324820399882
 11.91151795459206
 11.20626853696921
 12.62178410176003
 12.16642087863383
 10.21603272183151





# name: W
# type: matrix
# rows: 10
# columns: 10
 0.2711620870462868 0.09962052640640325 0.882773460797369 -0.2005667488210546 -0.410571934066592 -0.218988686682214 -1.047193155244644 -1.299038878155247 -0.7488966195006187 1.097244850451806
 -0.2394648785238187 0.2879294835127264 -0.4262037574541303 0.4941071874403307 -0.3889977466525638 0.1686416199841981 0.2579021930342071 -0.5037970430922828 0.1138356493677274 -0.2678366328822031
 -1.009385231264754 -0.1107491732920967 -0.7027990270980885 0.3825415539199112 0.5884684053768541 0.08345544333781026 0.154767311379588 0.2619584351230565 0.7828689838913564 -0.6027610123314169
 -1.083086016566954 -0.7882959717475773 0.2947268793754186 0.1600341579114962 0.1381735960071393 -0.5796028496505086 -0.6899384799872132 -0.6998869682563095 -0.8495241787588659 -0.299323854922735
 0.2970924486972614 -0.2044849744183215 0.2753584095542861 0.01855569890280068 0.2954224860249645 0.278268269830298 0.8107802075799493 -0.7081693245311989 0.427248891107929 -0.3413865002949383
 0.1783044045316598 -0.2202500980118173 0.330626350290581 -0.3088340410891977 0.2122936657938745 -0.3278202711561761 0.2128584989336603 -0.135558051119867 -0.5238924501133673 0.4042690235929718
 0.6366898811470016 -0.05953723488708322 0.2497447533644475 -0.1002817120455039 -0.03109972807107055 -0.06819907311216869 -0.422192017909118 -0.061901677202189 -0.3605023975810868 0.1249179005625007
 -0.1135620468494044 -0.4009071459746533 0.08477352283590364 0.1496224278507846 0.08093702426940094 -0.5087948992737203 0.2066996746440072 -0.5385637075066986 -0.711513560021871 -0.1626089550033325
 0.6595258886486222 -0.2749042922222871 0.5705673149718109 0.430955163008247 0.6422593896303905 0.2211587425113793 -0.1845951683678135 -0.2681182763885607 -0.4164999741286111 0.1102939351491072
 -0.2778337329122468 0.1486560520321729 -0.250171349766199 0.05176348039023892 0.1464767766337851 0.1185312378457176 0.772710173653232 0.423631619421967 0.5339486385061687 -0.5070113703356238


# name: iter
# type: scalar
200000


# name: c
# type: matrix
# rows: 1
# columns: 10
 NaN NaN NaN NaN NaN NaN NaN NaN NaN NaN


# name: mean_corr
# type: matrix
# rows: 917
# columns: 1
 -0.03629924989916598
 -0.01981722978315915
 0.02218191897407482
 0.03186742655574322
 0.03698941055312767
 0.05385164526125864
 0.06474862837216697
 0.08257476441086628
 0.08705329670408167
 0.08822455295893451
 0.08994412094656644
 0.4479079320475828
 0.4418465209637074
 0.4324039548940081
 0.3522765651665526
 0.3487466690118005
 0.3366430709566875
 0.3378707834020133
 0.337364795588067
 0.3578719339693432
 0.3552445366683266
 0.3557114302437532
 0.3606854620274084
 0.3590694108747931
 0.3662703349309414
 0.3663971868162021
 0.3545821799922061
 0.3590397353354062
 0.3570338047416425
 0.3611837757160784
 0.3567934956982128
 0.3444335623529351
 0.3431711721380525
 0.3447900157996867
 0.3441420530407476
 0.345426990589249
 0.3429193636882812
 0.3404729864930093
 0.3531651486736179
 0.3505815395198122
 0.3413653243536818
 0.342481651769951
 0.3333881104471744
 0.3328001906702376
 0.3317704946874627
 0.3263562487544925
 0.319464671703873
 0.3196963472489459
 0.3124786805240406
 0.3120540672707771
 0.3093753481557659
 0.3241836117860518
 0.3375801848125927
 0.3476280423390812
 0.345813443664695
 0.3486268531454056
 0.3618220458016929
 0.3621819605132509
 0.3438716032815092
 0.3522129508549668
 0.3525036937062078
 0.3582777179137843
 0.3562751098237246
 0.3540880747856424
 0.3544731143351786
 0.3524853332345536
 0.3514696516490706
 0.3531924576801924
 0.3521480714889881
 0.3509331469527441
 0.4842132572654475
 0.4774133442345438
 0.4731193364506773
 0.4692986926748102
 0.4147477623136538
 0.4143546030185214
 0.3990231160150223
 0.3991201501699964
 0.3959965284404753
 0.3859879535534529
 0.3795835145570329
 0.3613249223565367
 0.3661232154320434
 0.371276277273047
 0.3780541567219053
 0.3757635814907928
 0.3733501099831623
 0.3801460759401013
 0.3735475532768796
 0.3614489439560517
 0.3633399726753343
 0.3636975859127743
 0.3631843842814357
 0.362291365697121
 0.3625733473195185
 0.3547129276917505
 0.3578220143959517
 0.3616794003407221
 0.3595044281261444
 0.3622752168962572
 0.3623950734228144
 0.3802858780839093
 0.3779860373306709
 0.3794457323592842
 0.3816463839661298
 0.3809341796614881
 0.3798720117467821
 0.3711554675069974
 0.3680735662873857
 0.3757218163034349
 0.376229289571367
 0.37653908213982
 0.371936847939521
 0.372281787329847
 0.3709493734060324
 0.3727137632832872
 0.3733341621359431
 0.3700177239108567
 0.3679237384457493
 0.3670728023029769
 0.3727148417712228
 0.373164389730724
 0.3722211605538503
 0.4565830982330744
 0.4337260473169122
 0.4295901210394243
 0.4352789592512215
 0.4073758320938244
 0.4068858644163466
 0.411461377089632
 0.395451044778223
 0.4011807542666816
 0.4185598537761159
 0.4183479410006603
 0.4125218315120896
 0.4133749223531595
 0.4116729840243472
 0.4090145620757063
 0.4000957974641596
 0.3954248712551794
 0.3935787867264765
 0.3938163332448258
 0.3793807770218465
 0.3814888796361768
 0.3946567309424543
 0.3863023752000582
 0.3860053977014904
 0.3899518040674195
 0.4034603787279623
 0.4047137050037493
 0.3977437273171547
 0.3952323895612458
 0.4102091163643132
 0.4105923852975476
 0.402681772300577
 0.4020923871252148
 0.4031663084186648
 0.4019215674368991
 0.3994685286383759
 0.3903244244006912
 0.3965242463137832
 0.3961623233815414
 0.3944523120802003
 0.3924828612781935
 0.3943717303778289
 0.4069079519446747
 0.4064678499123457
 0.4034847026611141
 0.4033627890676484
 0.3965448358868331
 0.3930421662884514
 0.3877897965443444
 0.3894790987552544
 0.3877741272078236
 0.3917576974795882
 0.3900274555442401
 0.3894368596612392
 0.3928793237088517
 0.3910814688870378
 0.4018168595755462
 0.3955053209159983
 0.3918536679492107
 0.3801281499942786
 0.3779511998577171
 0.3774290809270656
 0.3781284684560588
 0.3793747821877901
 0.3781019324818882
 0.3752546245464145
 0.3751635481323493
 0.377773493079749
 0.3713934076619066
 0.3800475803594786
 0.3762287245792454
 0.3716749868772297
 0.4848602058511732
 0.4699625474448352
 0.4613319856773545
 0.4341150194976572
 0.4331096233699151
 0.4351335216014417
 0.455830188589363
 0.4494223490417453
 0.4481873469580518
 0.4476875030457467
 0.4418630850356821
 0.4444734460097313
 0.4461778006764487
 0.4426034486069706
 0.4312132899854625
 0.4337461204783297
 0.432260098797953
 0.4335526731425298
 0.4325220457909
 0.4357314633930447
 0.4401696324089535
 0.4400335913630699
 0.4379482740025961
 0.4376641445808831
 0.4460600692966768
 0.4430761445913046
 0.4426158012892168
 0.4480556884877888
 0.4368513354378907
 0.4317446276986591
 0.4354493519453648
 0.4321947972189209
 0.4327574372831531
 0.4344863465588733
 0.4328152765673259
 0.4328114216945428
 0.4327086260857547
 0.4311887977148686
 0.4318088082317016
 0.4309677196128418
 0.4318395602058201
 0.4329235196283793
 0.430025265120039
 0.4283992432023188
 0.42817097151031
 0.4333691134181631
 0.4912824188306033
 0.4876351250793358
 0.4875469417724781
 0.4883806693974073
 0.4823370233584174
 0.4596556926895716
 0.4558368149360094
 0.4567646003204044
 0.453982860569108
 0.4474218023891236
 0.4516550003323558
 0.4499465525685171
 0.4465695200193405
 0.4496074611422206
 0.4494267749495297
 0.4457464916213755
 0.4539755107264104
 0.4565029442523422
 0.4593068010236337
 0.4639618111862389
 0.4751171815068925
 0.4749530753608237
 0.4755226511919189
 0.4745261216958822
 0.4728059234729802
 0.4726146302270453
 0.4737079479990124
 0.4750317282470354
 0.4751363086053285
 0.4743955216670964
 0.474800332680165
 0.4749162859279252
 0.4722060362838937
 0.4753646065419838
 0.515327760810855
 0.5152419432986142
 0.5156197164709737
 0.5026767074495283
 0.5016259800261262
 0.4968468535276233
 0.5048159938182598
 0.4946247270763939
 0.5016502378203239
 0.5008165496040955
 0.500088899213323
 0.49093722025401
 0.4917302456047309
 0.4945982303031077
 0.4893328521192976
 0.4899278787348308
 0.4906003422951442
 0.4922296946410041
 0.4924393104736439
 0.4933835574346834
 0.4920504278713881
 0.4925672394041121
 0.4918355171117185
 0.4866022859751739
 0.4859116091537373
 0.4845031655585578
 0.484987864376223
 0.4872543499125454
 0.4913650535727642
 0.4833680014173393
 0.4807601558156016
 0.4801188270334974
 0.4863852991350709
 0.4863771741088007
 0.4842271842746292
 0.4855518515960474
 0.4862293438551175
 0.4787034891965986
 0.4804988800533186
 0.4809125080817981
 0.482890271464278
 0.5577521510350227
 0.5555941309130065
 0.5383328464539344
 0.540177615182868
 0.5418067105686132
 0.5393937144307179
 0.5407919079377685
 0.5401255857443367
 0.5413899690826799
 0.5405685374956867
 0.5405705772844023
 0.5408216358617315
 0.5700440949903073
 0.569934395225417
 0.5634015000223862
 0.5628488246786618
 0.5613485690666286
 0.5605673847984204
 0.5603173167614054
 0.5583242599595588
 0.5612402844341707
 0.5598734279669568
 0.5590373889574407
 0.5591696416966006
 0.5584586169126358
 0.5590496364369127
 0.5588332624528818
 0.5598425898229896
 0.5571704737740418
 0.5586704179001009
 0.5579380362558719
 0.5576877753148991
 0.5578947617668979
 0.5554696800090709
 0.5539880379477207
 0.5541518926454941
 0.5475736424170525
 0.5476118645151606
 0.5458399486853382
 0.5455282350539015
 0.5877591943279916
 0.5828482520798397
 0.5727076935240342
 0.5606011904254016
 0.5632416483876479
 0.5686243901182521
 0.5771791992981802
 0.564918644384841
 0.5648380625969506
 0.5628365360538881
 0.5652411267210817
 0.566708444885642
 0.5706957555803659
 0.5707241401463535
 0.5722024003247782
 0.6094579091439496
 0.5950340307994266
 0.5951901644789945
 0.5917865679486384
 0.5918248285105069
 0.5839310884417054
 0.5846482081718143
 0.584379155396902
 0.5850017861598368
 0.5856330131371594
 0.5862703322974276
 0.5787542045742218
 0.5840018442603052
 0.5858719543426382
 0.58525988646925
 0.5805011598546184
 0.5842271554406391
 0.5834199842695237
 0.5864779038006633
 0.5900311379243808
 0.5909223620360773
 0.590272522489111
 0.5892254922468916
 0.592270223262561
 0.5914016197822584
 0.5917060839722865
 0.590049168057261
 0.5933174001713498
 0.5937268063598988
 0.5933475389780913
 0.5930161902220217
 0.5887949797435211
 0.5883558702076284
 0.5868878528797261
 0.5874693682382912
 0.5896135986062283
 0.5899375494121653
 0.5853869158269738
 0.5855449319162125
 0.6238918717337325
 0.6155640840942842
 0.6098986796529461
 0.6104159027084777
 0.6113663348472892
 0.6073171880451983
 0.6048503575557862
 0.6009078942479601
 0.6015665454325398
 0.5832851494961124
 0.5935502933394592
 0.5846473135306698
 0.5923973166997154
 0.589941008310044
 0.6006363326860525
 0.6330786574030376
 0.6257937630794035
 0.6269268436889661
 0.6288820529482579
 0.6255255942409891
 0.6231451123566436
 0.6251895372047414
 0.6272913241914326
 0.6278713755666253
 0.6279525597497189
 0.6283753855606429
 0.6282917198181335
 0.6264032418602267
 0.6283746222462721
 0.6291743759110748
 0.6276374677652389
 0.6243791309530559
 0.6287724587377708
 0.6296108632375313
 0.6293756105300379
 0.6400786369345858
 0.6399657930150271
 0.6374706255946162
 0.6156637460708549
 0.6149102011338634
 0.6107561951878225
 0.6084453433488279
 0.6070437945567707
 0.6081488260427621
 0.6115581827298409
 0.6213287732154635
 0.6225037354839945
 0.6232449659083898
 0.6178247156337566
 0.618847662641403
 0.6158821284647787
 0.6160716912818037
 0.6160109766124415
 0.6187945917821078
 0.6196027257169694
 0.6226594141186259
 0.6239950272896182
 0.6244485847480348
 0.6197427835929852
 0.6316753364307656
 0.6325118995090924
 0.6340348468410728
 0.6332287986813246
 0.6317450335988538
 0.6320173966610135
 0.6326338232389895
 0.6326282482834257
 0.6310283021087157
 0.6310431038056257
 0.6302885069821114
 0.6464143913104327
 0.6340922376713884
 0.629404349069141
 0.6293505307415792
 0.6282622923195216
 0.626956794605705
 0.6266316232615221
 0.6260711700296487
 0.6286540820434015
 0.6277914574790378
 0.6273421662607539
 0.6276681945911852
 0.6283971819280603
 0.6274963744181639
 0.6487345522059733
 0.644141376680054
 0.6246210792571524
 0.6187046545937456
 0.6199003539755346
 0.634221189157873
 0.622711232782908
 0.6175228009714692
 0.6188470158744435
 0.6173577727844574
 0.6176373101346588
 0.6145650892218486
 0.6174608690844171
 0.6182583509299523
 0.6294024257744959
 0.6314381223683643
 0.6378328826516715
 0.6378833057888127
 0.6427257207998682
 0.6376348533447356
 0.6378525207568639
 0.6375565695431452
 0.6509091791204453
 0.6468978174437445
 0.6429762683669061
 0.6436014381543554
 0.6440293232706493
 0.6433356402679092
 0.6441794816821785
 0.6433916481283738
 0.6431844671374265
 0.6430466615037468
 0.6544532574548712
 0.652884334905467
 0.6402369580859978
 0.6452727321534839
 0.6432563694235537
 0.6355716695932054
 0.6338722655018012
 0.6357386154752989
 0.642056215564369
 0.6444488690010461
 0.6354723980880552
 0.6568522441494271
 0.6317556061321978
 0.6378736186332161
 0.6435371241507808
 0.6409079193137935
 0.6386680034079407
 0.6487097025599283
 0.645215526070306
 0.6521337952017835
 0.6504374622310025
 0.6378443055860281
 0.6379221738980294
 0.6398372572126555
 0.6563076404412118
 0.6320022214016984
 0.6255675654629484
 0.6359585500095629
 0.64612757485282
 0.6488163281992257
 0.6522425139395548
 0.6532529768009744
 0.6560757315187901
 0.6507396545487881
 0.6530820116023127
 0.6504219362358341
 0.6569636764344831
 0.6349319006704345
 0.6357911024153948
 0.6430745630507735
 0.643588473339318
 0.6505438247647556
 0.6489020268670384
 0.6504315167180457
 0.6478988706681547
 0.6465633567658321
 0.6414943693590791
 0.653936127612212
 0.6412815171427209
 0.6496826033047907
 0.6495761455715185
 0.6427141973943753
 0.6457736910588837
 0.6336518927699363
 0.6255185332547587
 0.6341997424182166
 0.6331400619010854
 0.656304291511575
 0.6339920309385989
 0.5955065619255678
 0.6243226438386784
 0.6174516942505115
 0.6363962596138135
 0.6357085414032854
 0.6371339605936922
 0.6373693633715313
 0.6486507896619833
 0.6505228760206354
 0.6481089465718279
 0.6511988849800763
 0.6519581207552532
 0.6504799316816496
 0.6440138029444291
 0.643703719586554
 0.6458208756878964
 0.6481636673945261
 0.6614832449989138
 0.6590983062028399
 0.6280541420325599
 0.6301198679402115
 0.6266792899012793
 0.6326709884432866
 0.6509232231735573
 0.6509030999692663
 0.6357043869865536
 0.6325747968490607
 0.6316902502366137
 0.63251932801066
 0.6310693201994892
 0.6290417677321892
 0.6269912452619504
 0.6191662176249753
 0.6300914782480133
 0.6282387451475048
 0.6333381076938396
 0.6236485625645705
 0.6233819027741638
 0.6344528376553122
 0.6322477635875546
 0.6333882301947911
 0.6539489873426595
 0.6268482376681217
 0.6329273444096161
 0.6318422676808353
 0.6281333336673771
 0.6346012134139544
 0.640362930563884
 0.6391157718070726
 0.6356741698927858
 0.6332091456494964
 0.6344890987821804
 0.6382047628929766
 0.6434435911196118
 0.6590088527484352
 0.6595716247235843
 0.6541103514083469
 0.6542610055387402
 0.655177883451369
 0.6456927138824612
 0.6431177940102828
 0.6373953682539797
 0.6616509395299047
 0.6615002621106779
 0.6529899944185064
 0.6578315110007994
 0.6592088049413775
 0.6593719674834471
 0.658022859368951
 0.6413983734447533
 0.6359241056306325
 0.6317212013861487
 0.6266141245001697
 0.636634225705311
 0.6620917064336778
 0.6630791772894264
 0.6528821572757296
 0.6495207852517164
 0.6444093724254744
 0.6456416325346462
 0.6414507436896577
 0.6559769735080699
 0.6521138953028345
 0.6490813408454578
 0.6497614112689425
 0.6516284766742699
 0.6469451616775658
 0.6459535416252965
 0.6505702624788257
 0.6484572630884247
 0.6453096122213398
 0.6390383832937898
 0.6437925933115192
 NaN
 0.05372351552943418
 0.6502604432351687
 0.6495216930742017
 0.651628814631046
 0.6497605788556056
 0.6486833278656449
 0.6520284337589113
 0.6529575799586768
 0.6509231249931784
 0.6481551073307147
 0.6492565466163855
 0.6542132235749156
 0.6569138229980238
 0.6552940175163806
 0.6570109819648962
 0.6601345377798362
 0.6598018693193938
 0.6583348291959862
 0.6504349643646063
 0.6555638221538216
 0.6586688613034035
 0.6601548340796404
 0.6599167818320877
 0.6588104456836
 0.6597898097770767
 0.6606697013801169
 0.6608356087422151
 0.6558971045081465
 0.6552128025259679
 0.6534621609791267
 0.6590935399303657
 0.6518021573498182
 0.6556716106487549
 0.6546462535021481
 0.6501149384058942
 0.6541419069891854
 0.6627769708917627
 0.6618790313597811
 0.6618930722110455
 0.6613661247558293
 0.6531756474409397
 0.6494756387538365
 0.6561743061257859
 0.6526804392464473
 0.65146099929785
 0.6619077748035498
 0.6534713339274698
 0.6573572270983358
 0.6542034372174432
 0.6649812953138835
 0.6620379372627417
 0.6586564626674652
 0.6606701367067415
 0.6600225255983161
 0.660039813788072
 0.6584792851295223
 0.6589978203887439
 0.6549021363288005
 0.6579532516900621
 0.658518918725006
 0.6545681746866716
 0.6566875720286445
 0.6570262899844671
 0.6584656128899528
 0.6565362280639988
 0.6516057924314501
 0.6543968148130389
 0.6516681541641345
 0.6528411509409263
 0.6510868208321481
 0.6493600501108595
 0.6473673406845015
 0.6473498738911736
 0.649848204552308
 NaN
 NaN
 NaN
 NaN
 NaN
 NaN
 NaN
 NaN
 NaN
 NaN
 NaN
 NaN
 NaN
 NaN
 NaN
 NaN
 NaN
 NaN
 NaN
 NaN
 NaN
 NaN
 NaN
 NaN
 NaN
 NaN
 NaN
 NaN
 NaN
 NaN
 NaN
 NaN
 NaN
 NaN
 NaN
 NaN
 NaN
 NaN
 NaN
 NaN
 NaN
 NaN
 NaN
 NaN
 NaN
 NaN
 NaN
 NaN
 NaN
 NaN
 NaN
 NaN
 NaN
 NaN
 NaN
 NaN
 NaN
 NaN
 NaN
 NaN
 NaN
 NaN
 NaN
 NaN
 NaN
 NaN
 NaN
 NaN
 NaN
 NaN
 NaN
 NaN
 NaN
 NaN
 NaN
 NaN
 NaN
 NaN
 NaN
 NaN
 NaN
 NaN
 NaN
 NaN
 NaN
 NaN
 NaN
 NaN
 NaN
 NaN
 NaN
 NaN
 NaN
 NaN
 NaN
 NaN
 NaN
 NaN
 NaN
 NaN
 NaN
 NaN
 NaN
 NaN
 NaN
 NaN
 NaN
 NaN
 NaN
 NaN
 NaN
 NaN
 NaN
 NaN
 NaN
 NaN
 NaN
 NaN
 NaN
 NaN
 NaN
 NaN
 NaN
 NaN
 NaN
 NaN
 NaN
 NaN
 NaN
 NaN
 NaN
 NaN
 NaN
 NaN
 NaN
 NaN
 NaN
 NaN
 NaN
 NaN
 NaN
 NaN
 NaN
 NaN
 NaN
 NaN
 NaN
 NaN
 NaN
 NaN
 NaN
 NaN
 NaN
 NaN
 NaN
 NaN
 NaN
 NaN
 NaN
 NaN
 NaN
 NaN
 NaN
 NaN


# name: mean_error
# type: matrix
# rows: 917
# columns: 1
 1.466873436705913
 1.453431534417666
 1.428593970316225
 1.420243144815815
 1.419922680640065
 1.410154133014633
 1.40833833251708
 1.396058763698952
 1.391552855655892
 1.37743026640547
 1.381565221286961
 1.25824944522763
 1.257916124399901
 1.233263592256039
 1.271764463686134
 1.277085905234542
 1.286465321178912
 1.28820498871126
 1.29324639330424
 1.281947543339682
 1.284519725767873
 1.291077663137989
 1.282195251956428
 1.278344334911856
 1.274313391701155
 1.270231733716802
 1.283120119390296
 1.282021407856447
 1.297735672811566
 1.299493461520369
 1.300381518898797
 1.304078304459752
 1.304971721748969
 1.301720123872576
 1.300816396946854
 1.295414399107788
 1.297552264796436
 1.297743036206393
 1.283894981271873
 1.283665684216426
 1.287391856911725
 1.287555490133573
 1.28656967716731
 1.289313049706791
 1.289776977254852
 1.292885940338641
 1.292355795699473
 1.291570599209995
 1.289260475854142
 1.291900927219763
 1.291716716641347
 1.282347117210299
 1.285909356621343
 1.278325897721865
 1.280086107719295
 1.27943982421305
 1.27582148406007
 1.275715199797381
 1.278831745752665
 1.274109996315932
 1.27181362188049
 1.271767325535489
 1.271566945694091
 1.272118503897092
 1.267849517423721
 1.269378787775775
 1.26811590280302
 1.266624558767754
 1.266581642918788
 1.258721512033226
 1.257771760916569
 1.24148731855127
 1.211008480080004
 1.212196883011584
 1.208133061332613
 1.207021326464645
 1.204406399086193
 1.214533617568511
 1.234556278769762
 1.238265448922979
 1.248197569582942
 1.26348698490926
 1.260988489404322
 1.259142657861666
 1.255690472909918
 1.262101206935333
 1.268281346045725
 1.260492533616618
 1.248676629149819
 1.254988558452608
 1.247468306354008
 1.247175844565396
 1.245048976912846
 1.247049063366163
 1.246761634694382
 1.24701022560453
 1.243482096099925
 1.24286112615138
 1.236604397457185
 1.236665478379973
 1.237276958492238
 1.231229465590903
 1.231393092027978
 1.230939973741435
 1.232712509449588
 1.232983441877986
 1.233714350159415
 1.243691910495313
 1.245590754132515
 1.24105844261299
 1.247389322499139
 1.249969497601749
 1.240792353764328
 1.241619424691105
 1.242160611383522
 1.241743915315989
 1.241721232917255
 1.242364868459184
 1.24285903840749
 1.243412642082329
 1.247252085891845
 1.250381919762061
 1.25372145985886
 1.239032911022006
 1.212247105648016
 1.232585216305474
 1.222501072156045
 1.219928023169527
 1.218653133136742
 1.220175278685901
 1.239952317560064
 1.236531323318456
 1.256663939873754
 1.256094138930619
 1.268315603968015
 1.270885178064848
 1.268038521479481
 1.267215505236368
 1.267691460012564
 1.268743822937523
 1.273089181332818
 1.279769341975994
 1.291187366020935
 1.286867992370498
 1.275688255201122
 1.280257255919246
 1.281775465228158
 1.276102380470051
 1.281363382807401
 1.278587338631084
 1.282473821124505
 1.277555832107648
 1.257502672570566
 1.261897787125012
 1.276285075528625
 1.276247401339956
 1.266929702073495
 1.271761092522859
 1.274689444933143
 1.27458490319757
 1.277306894511216
 1.275549313077467
 1.274833894604337
 1.275518441159437
 1.270773088985642
 1.261503639544326
 1.262147308441623
 1.265646637081253
 1.265024559426641
 1.271343325532055
 1.274728412175464
 1.276926263834432
 1.272138065199393
 1.279795003058274
 1.276546660165737
 1.27789329109602
 1.276198319638843
 1.274456072909863
 1.267856288135384
 1.260239014171414
 1.262112824881076
 1.274434665848183
 1.277349281662955
 1.28622628965791
 1.284745494411944
 1.283530053328218
 1.281387491355665
 1.282379192608232
 1.287267319761059
 1.287550187245618
 1.282674418484287
 1.286187149338887
 1.280747290154239
 1.268265133857438
 1.266809594507735
 1.245329735769288
 1.260700364989057
 1.256731928006944
 1.268359789553793
 1.272779535926117
 1.26839722216643
 1.253356831118545
 1.256539544506592
 1.26938926760068
 1.270589815907944
 1.278212854453305
 1.276871236728604
 1.266882899468541
 1.265068135526392
 1.271095140560501
 1.274805449887886
 1.272946183158667
 1.269144550811582
 1.271900353174565
 1.272364130246209
 1.267871894181775
 1.265962730975367
 1.267534120120319
 1.265762709024472
 1.241960561196471
 1.247577613845194
 1.252264852803409
 1.245368496890226
 1.258310042525855
 1.262656221013181
 1.258893657596321
 1.259242707067972
 1.251729610693487
 1.250154088903134
 1.248518679828074
 1.245847444315816
 1.24496120039618
 1.246429093279016
 1.251725407969715
 1.25227150799581
 1.25274503705436
 1.24880623440527
 1.251480848819545
 1.253411927398854
 1.253531182371292
 1.249009160144072
 1.258366659890082
 1.259248382686524
 1.261463404826042
 1.256265565669754
 1.254321059173966
 1.256021385050109
 1.25121612419114
 1.250993059558201
 1.255696087190243
 1.25408512986637
 1.262065919734532
 1.265902049950941
 1.266152692032747
 1.262665710214475
 1.262191239125245
 1.264976313311175
 1.257271912297397
 1.257400876333897
 1.248512379638973
 1.250399468470917
 1.254547075107086
 1.253462924339081
 1.253819973251337
 1.247606217181674
 1.248847123344586
 1.245660024216401
 1.241835477915009
 1.243276184196788
 1.244161498951426
 1.244300327462818
 1.248041086475807
 1.244550976920379
 1.245729538546357
 1.251667586726086
 1.243133750775798
 1.239274582335235
 1.238529837289345
 1.246378499516662
 1.251105483534801
 1.241096507254582
 1.235140760711436
 1.247130740799282
 1.238151975432088
 1.237305980975749
 1.243217422982353
 1.25015708795896
 1.248805075957637
 1.244060884877534
 1.249045289882726
 1.248321778615019
 1.245557542851149
 1.247874300480382
 1.247023921517146
 1.246179468579122
 1.242918294391778
 1.242416755014476
 1.235536184265997
 1.231580397828641
 1.231362650224494
 1.226469868294414
 1.225417768762064
 1.223581172805595
 1.229129634429907
 1.22960285281123
 1.225701629124127
 1.225060931314923
 1.223458920574749
 1.225510387377226
 1.227341569146363
 1.227055443154804
 1.22675542107603
 1.227063796415661
 1.227433779321951
 1.227281261599026
 1.227700402196642
 1.184158869646202
 1.180669560488318
 1.170790017716561
 1.174533946012571
 1.176258576634761
 1.177338232640103
 1.167814182619436
 1.170106475630699
 1.165901669752895
 1.16703485397362
 1.167608004417465
 1.167020324865716
 1.176174777263675
 1.176800275382418
 1.15828174827282
 1.157558064025689
 1.170765195157639
 1.174024083503146
 1.174040724485959
 1.176038695629935
 1.171249135075567
 1.180057743591211
 1.180758585192227
 1.176536143607541
 1.178874210346951
 1.178885502580311
 1.177339585769085
 1.172921395920416
 1.17007022387647
 1.172796483488582
 1.174254731754504
 1.174312671939961
 1.17339883828072
 1.174826299097543
 1.175963374956746
 1.176579830174268
 1.179908821257212
 1.179928664536605
 1.183234921157259
 1.183058540164518
 1.17018281811219
 1.164340872589078
 1.163659565860077
 1.153757683971913
 1.15379473220816
 1.159303221523382
 1.16143402819437
 1.173061989653425
 1.172524879619478
 1.175521186751235
 1.17597025961059
 1.178844844375447
 1.173820622269005
 1.173812820398115
 1.173658529420675
 1.143907398696996
 1.160854472792604
 1.16075759027729
 1.155444914060894
 1.157241769047225
 1.159383059011571
 1.159441283356001
 1.15851955662532
 1.155720235992072
 1.165054132785544
 1.166926264116105
 1.157132158752235
 1.16132272727886
 1.162875601540276
 1.164474478773893
 1.165246134532294
 1.165192445812441
 1.165090380075221
 1.163440392029262
 1.157958445605216
 1.157390253944621
 1.157021214911854
 1.158264792703632
 1.157387943382848
 1.157853440330341
 1.158223122842621
 1.161050113109484
 1.162243211104485
 1.163196474416074
 1.16283654167361
 1.16281785423419
 1.165147095331414
 1.164620413343874
 1.166825771999697
 1.167023455038977
 1.159142140482792
 1.15842214904591
 1.161642896789053
 1.163307147386132
 1.12278102063831
 1.120683327894237
 1.110336299795845
 1.110245736598757
 1.109172705170345
 1.104911861656815
 1.109336959725043
 1.110960729131745
 1.132002036641496
 1.136246111343935
 1.126970735701544
 1.135170146166124
 1.132845261987419
 1.133414151428691
 1.123085748178345
 1.107987188415044
 1.106870709238158
 1.101969380735443
 1.106718552167457
 1.130666230345447
 1.126435696053864
 1.130390962566587
 1.11469245714538
 1.116854971396557
 1.117517641235795
 1.115627825012407
 1.118906191899786
 1.120788833227985
 1.116112187340191
 1.112954029809299
 1.118622873123276
 1.123734838410788
 1.115841477622175
 1.112713243870521
 1.113464289435097
 1.104194273608492
 1.100985710853326
 1.09812800576726
 1.094621099150286
 1.108586660783913
 1.110831760404981
 1.111914424214548
 1.113478329062451
 1.113545802176327
 1.130539716599419
 1.119573394097484
 1.119953123542162
 1.114979982505997
 1.122168923157653
 1.118646777418217
 1.120280092849252
 1.123232732473074
 1.125443415301485
 1.123844052701285
 1.116270907091045
 1.115039922835163
 1.117586282797839
 1.118839019606885
 1.12410366780208
 1.114148020707284
 1.113451410493913
 1.114456391464431
 1.113283750047965
 1.113963908703873
 1.115069704206463
 1.115107435891918
 1.114377190133421
 1.1198525626546
 1.120282264091005
 1.119081194906422
 1.096229412697746
 1.092882327472392
 1.101208506057201
 1.102874701277919
 1.103099272119287
 1.099322994620948
 1.097971654822381
 1.098362462317833
 1.098081151853561
 1.096775560272752
 1.097102471369867
 1.097689352933467
 1.096207068599228
 1.095639128170872
 1.091284700754089
 1.088728006727751
 1.10094783500137
 1.100403073603712
 1.099478715273371
 1.082525908986478
 1.098855503632903
 1.09963056352525
 1.099046669231387
 1.10064545272313
 1.100157290952702
 1.101713340744962
 1.10063095210366
 1.100764996819243
 1.092356884380571
 1.090831766245645
 1.090067489023838
 1.091963353370363
 1.082508817218732
 1.087490908646367
 1.086497167800908
 1.08737423844459
 1.096910921299159
 1.094238267703048
 1.093699051831546
 1.091408490873095
 1.09650913130098
 1.100203964680889
 1.092754803104701
 1.10090266238173
 1.100077058304046
 1.105916726088711
 1.094744322971952
 1.102437675310647
 1.100917441132354
 1.088930887932503
 1.088808308513263
 1.098516448168648
 1.096748722827305
 1.096666786873905
 1.102762520806981
 1.087072130599197
 1.095979743695835
 1.093933489815992
 1.101738568587103
 1.108531623293878
 1.109310783910629
 1.096213409975528
 1.094366804306523
 1.100374622514268
 1.08710914765424
 1.09392741485566
 1.108901245735855
 1.106714621037556
 1.112024158918138
 1.121596671468295
 1.100096367810067
 1.108837574113337
 1.112687201369891
 1.100277111873701
 1.106839537790088
 1.096578216125314
 1.083523854732279
 1.103404648092255
 1.087375613043254
 1.074258860816431
 1.089915031894728
 1.099607163349058
 1.085799945165147
 1.099396755804583
 1.095692883322499
 1.095400178403893
 1.090187532685654
 1.08768759523751
 1.087213799138443
 1.090703916385581
 1.089170474992823
 1.096870315630877
 1.088265618540024
 1.08806755823045
 1.0920406917811
 1.084792812122888
 1.069323825497891
 1.06975099451655
 1.065371270237571
 1.074374470396269
 1.072093732439038
 1.071925824744829
 1.070554807487241
 1.086689741566178
 1.109216790844437
 1.111867063577219
 1.106686908048035
 1.095260176890678
 1.082939674730085
 1.080023206326533
 1.071307319602257
 1.075167736821526
 1.071083099539999
 1.077160173358293
 1.076978078374818
 1.076517411367548
 1.073498763105962
 1.074520499405253
 1.063152322434398
 1.073324165358656
 1.072655282693133
 1.068986471764489
 1.076935101530959
 1.091278806828227
 1.09400997490968
 1.094265001087235
 1.100197840048291
 1.09330907240949
 1.08382381395029
 1.08828972211581
 1.091971419735248
 1.098852424718999
 1.093661228006418
 1.091039591055599
 1.086371861010815
 1.087470115840901
 1.094427002646115
 1.08407513927041
 1.084065921554225
 1.088929062899906
 1.086968474128631
 1.098837744116846
 1.097283324292238
 1.089741639507523
 1.088436921660128
 1.081389099042371
 1.087539992983713
 1.099949279066823
 1.098600629523777
 1.098622431992616
 1.100857458826781
 1.09493398103461
 1.089819241004062
 1.080312633237888
 1.087314025265856
 1.096041989640064
 1.101495156913029
 1.088276534717301
 1.080408612599436
 1.07747553961146
 1.086608280568722
 1.093678135124113
 1.096513187769617
 1.091341358221009
 1.085040465834187
 1.089335458608354
 1.095802851437796
 1.084460806815636
 1.081793712629477
 1.090222985192298
 1.0784341876295
 1.085944283556264
 1.091756451571361
 1.084925459176225
 1.090133477354333
 1.084473707430885
 1.10460017241652
 1.096741843338924
 1.096853887679214
 1.080720035025773
 1.080825041799947
 1.096881189193397
 1.087972592517197
 1.092085927953902
 1.096077421529217
 1.103742528867928
 1.086056414670691
 1.089279856154219
 1.093237826913828
 1.090045281438048
 1.087793200429229
 1.093037508925321
 1.105737979588799
 1.09894892009745
 1.089657200516989
 1.085600304494441
 1.090057507633601
 1.08505556295198
 NaN
 1.085467352155288
 1.080996549071908
 1.09108103824994
 1.082139325091251
 1.070662006065
 1.072666317347837
 1.070112262693313
 1.07159439866525
 1.075045099306972
 1.077868296627038
 1.080412149938687
 1.088501636920542
 1.08894356195876
 1.089996926515701
 1.077876332659052
 1.07251977392447
 1.082156110161613
 1.078008723860383
 1.0833196937429
 1.073874028780528
 1.078359314242922
 1.07640954484183
 1.085393248086607
 1.086096973583287
 1.083361472705718
 1.079034007916722
 1.074236829199156
 1.100466487157271
 1.093372846229326
 1.096167167411876
 1.084146123396489
 1.098132629799716
 1.089579731642604
 1.076337216574971
 1.083800460816328
 1.070133711305969
 1.065187478375884
 1.078433497658865
 1.066529282304951
 1.06563194334843
 1.086008824733267
 1.081888726084988
 1.061733459735932
 1.067160897265515
 1.068804742843298
 1.074691339700504
 1.07675991602811
 1.072188711205199
 1.080360576965347
 1.069799965490823
 1.07554254277507
 1.077743605122532
 1.081411533008427
 1.077936714347928
 1.068272633739417
 1.071475695622919
 1.06735669271639
 1.06939305836927
 1.078814077200813
 1.077727082677296
 1.075238221433422
 1.067012095947302
 1.062415592851673
 1.059103860500825
 1.071269691047154
 1.072762968790052
 1.078027424232306
 1.081221390805393
 1.083151689390934
 1.087634060003979
 1.080589177670669
 1.085959315442165
 1.079032975390011
 1.061273385315276
 NaN
 NaN
 NaN
 NaN
 NaN
 NaN
 NaN
 NaN
 NaN
 NaN
 NaN
 NaN
 NaN
 NaN
 NaN
 NaN
 NaN
 NaN
 NaN
 NaN
 NaN
 NaN
 NaN
 NaN
 NaN
 NaN
 NaN
 NaN
 NaN
 NaN
 NaN
 NaN
 NaN
 NaN
 NaN
 NaN
 NaN
 NaN
 NaN
 NaN
 NaN
 NaN
 NaN
 NaN
 NaN
 NaN
 NaN
 NaN
 NaN
 NaN
 NaN
 NaN
 NaN
 NaN
 NaN
 NaN
 NaN
 NaN
 NaN
 NaN
 NaN
 NaN
 NaN
 NaN
 NaN
 NaN
 NaN
 NaN
 NaN
 NaN
 NaN
 NaN
 NaN
 NaN
 NaN
 NaN
 NaN
 NaN
 NaN
 NaN
 NaN
 NaN
 NaN
 NaN
 NaN
 NaN
 NaN
 NaN
 NaN
 NaN
 NaN
 NaN
 NaN
 NaN
 NaN
 NaN
 NaN
 NaN
 NaN
 NaN
 NaN
 NaN
 NaN
 NaN
 NaN
 NaN
 NaN
 NaN
 NaN
 NaN
 NaN
 NaN
 NaN
 NaN
 NaN
 NaN
 NaN
 NaN
 NaN
 NaN
 NaN
 NaN
 NaN
 NaN
 NaN
 NaN
 NaN
 NaN
 NaN
 NaN
 NaN
 NaN
 NaN
 NaN
 NaN
 NaN
 NaN
 NaN
 NaN
 NaN
 NaN
 NaN
 NaN
 NaN
 NaN
 NaN
 NaN
 NaN
 NaN
 NaN
 NaN
 NaN
 NaN
 NaN
 NaN
 NaN
 NaN
 NaN
 NaN
 NaN
 NaN
 NaN
 NaN
 NaN


# name: iter_improve
# type: matrix
# rows: 917
# columns: 1
 1
 7
 21
 34
 53
 67
 70
 75
 95
 108
 144
 359
 361
 371
 372
 377
 379
 381
 382
 383
 386
 399
 400
 422
 424
 441
 446
 451
 452
 460
 474
 475
 494
 509
 512
 520
 550
 563
 574
 607
 627
 640
 654
 675
 695
 721
 730
 732
 733
 735
 745
 764
 768
 771
 773
 783
 805
 813
 816
 829
 831
 833
 853
 873
 892
 895
 896
 926
 985
 993
 1000
 1003
 1004
 1007
 1008
 1013
 1020
 1029
 1030
 1035
 1039
 1072
 1076
 1078
 1081
 1089
 1094
 1111
 1114
 1120
 1169
 1242
 1277
 1282
 1291
 1312
 1321
 1347
 1352
 1398
 1415
 1424
 1458
 1459
 1487
 1528
 1538
 1569
 1573
 1575
 1590
 1630
 1640
 1659
 1699
 1700
 1711
 1773
 1836
 1877
 1904
 1905
 1918
 2000
 2003
 2004
 2005
 2011
 2014
 2019
 2024
 2030
 2035
 2038
 2040
 2045
 2049
 2050
 2051
 2053
 2058
 2073
 2083
 2087
 2137
 2144
 2155
 2179
 2183
 2222
 2231
 2234
 2238
 2241
 2260
 2269
 2273
 2277
 2284
 2291
 2292
 2351
 2414
 2419
 2429
 2441
 2443
 2470
 2471
 2482
 2487
 2491
 2507
 2513
 2514
 2517
 2528
 2532
 2548
 2556
 2557
 2561
 2571
 2575
 2655
 2675
 2684
 2700
 2784
 2827
 2879
 2924
 2950
 2965
 2996
 3000
 3015
 3018
 3019
 3030
 3034
 3039
 3040
 3041
 3049
 3052
 3078
 3095
 3110
 3116
 3118
 3120
 3130
 3138
 3139
 3141
 3145
 3149
 3159
 3164
 3165
 3185
 3186
 3226
 3231
 3234
 3247
 3277
 3280
 3287
 3288
 3312
 3386
 3422
 3438
 3456
 3478
 3525
 3669
 3870
 3951
 4000
 4001
 4005
 4008
 4010
 4014
 4016
 4023
 4025
 4039
 4046
 4075
 4104
 4160
 4198
 4367
 4369
 4384
 4417
 4426
 4429
 4441
 4466
 4516
 4528
 4561
 4599
 4616
 4643
 4649
 4677
 4776
 4814
 4845
 5000
 5004
 5005
 5007
 5008
 5009
 5015
 5018
 5029
 5031
 5033
 5055
 5059
 5094
 5117
 5129
 5132
 5140
 5178
 5196
 5317
 5344
 5368
 5387
 5480
 5497
 5638
 5640
 5755
 5774
 5779
 5783
 5790
 5798
 5809
 5860
 5866
 5883
 5935
 5956
 5982
 6000
 6001
 6007
 6024
 6030
 6035
 6038
 6092
 6112
 6192
 6505
 6591
 7000
 7015
 7016
 7034
 7043
 7056
 7075
 7150
 7170
 7210
 7225
 7232
 7252
 7261
 7274
 7297
 7310
 7380
 7393
 7441
 7456
 7615
 7637
 7700
 7784
 7823
 7837
 7886
 8000
 8012
 8022
 8023
 8042
 8071
 8107
 8120
 8131
 8141
 8151
 8190
 8334
 8543
 8892
 9000
 9001
 9011
 9014
 9016
 9024
 9028
 9038
 9049
 9056
 9060
 9064
 9075
 9079
 9087
 9090
 9104
 9157
 9233
 9253
 9330
 9351
 9366
 9385
 9440
 9471
 9472
 9474
 9512
 9514
 9545
 9557
 9648
 9720
 9748
 9754
 9783
 9797
 9977
 10000
 10003
 10005
 10007
 10016
 10024
 10041
 10047
 10051
 10057
 10318
 10364
 10421
 10458
 10505
 11000
 11001
 11011
 11014
 11018
 11061
 11072
 11077
 11104
 11145
 11148
 11210
 11238
 11242
 11275
 11329
 11390
 11417
 11425
 11544
 12000
 12008
 12010
 12017
 12020
 12021
 12025
 12053
 12077
 12099
 12106
 12171
 12185
 12188
 12196
 12199
 12201
 12263
 12275
 12298
 12350
 12390
 12477
 12544
 12609
 12638
 12711
 12712
 12725
 12756
 12774
 12851
 12874
 12936
 12967
 13000
 13003
 13010
 13031
 13040
 13085
 13092
 13220
 13227
 13274
 13275
 13283
 13386
 13820
 14000
 14001
 14010
 14027
 14029
 14069
 14083
 14096
 14108
 14214
 14250
 14251
 14287
 14394
 14430
 14443
 14464
 14496
 14520
 14575
 14699
 14888
 15000
 15001
 15002
 15029
 15036
 15178
 15491
 15512
 15605
 15680
 16000
 16001
 16007
 16010
 16011
 16124
 16167
 16239
 16420
 16912
 16964
 17000
 17008
 17016
 17037
 17078
 17266
 17353
 17447
 17547
 17567
 17682
 17853
 17857
 18000
 18004
 18018
 18029
 18052
 18070
 18083
 18137
 18388
 18426
 18622
 18935
 19000
 19001
 19017
 19030
 19036
 19046
 19063
 19067
 19098
 19121
 19811
 20000
 20002
 20012
 20021
 20065
 20081
 20083
 20208
 20290
 20952
 21000
 21026
 21041
 21051
 21052
 21054
 21070
 21151
 21176
 21272
 21281
 21412
 21418
 21475
 21497
 21624
 21651
 21849
 21918
 22000
 22001
 22004
 22021
 22044
 22045
 22048
 22068
 22074
 22078
 22079
 22083
 22148
 22209
 22252
 22280
 22488
 22510
 22528
 22632
 22668
 22694
 22717
 22896
 23000
 23003
 23004
 23019
 23043
 23044
 23047
 23072
 23093
 23371
 23694
 23724
 23802
 24000
 24021
 24031
 24034
 24039
 24053
 24130
 24192
 25000
 25006
 25007
 25016
 25049
 25058
 25098
 25101
 25211
 25232
 25243
 25325
 26000
 26003
 26034
 26077
 26135
 26165
 26666
 27000
 27009
 27011
 27012
 27064
 27097
 27102
 27111
 27284
 27317
 27716
 27893
 28000
 29000
 29001
 29276
 29380
 29384
 29506
 29682
 29691
 29736
 29768
 29818
 30000
 30043
 30072
 30084
 30085
 30111
 30214
 30215
 30284
 30571
 31000
 31053
 31316
 31743
 32000
 32002
 32042
 32068
 32074
 32107
 32236
 32244
 32252
 32286
 32791
 33000
 33020
 33049
 33080
 33094
 33163
 33188
 33211
 33338
 33487
 33490
 33818
 33961
 34000
 34002
 34004
 34026
 34033
 34145
 34228
 34349
 34414
 35000
 35004
 35008
 35012
 35016
 35024
 35258
 35264
 35285
 35289
 35323
 35426
 35445
 35590
 35823
 35912
 36000
 37000
 38000
 39000
 40000
 41000
 42000
 43000
 44000
 45000
 46000
 47000
 48000
 49000
 50000
 51000
 52000
 53000
 54000
 55000
 56000
 57000
 58000
 59000
 60000
 61000
 62000
 63000
 64000
 65000
 66000
 67000
 68000
 69000
 70000
 71000
 72000
 73000
 74000
 75000
 76000
 77000
 78000
 79000
 80000
 81000
 82000
 83000
 84000
 85000
 86000
 87000
 88000
 89000
 90000
 91000
 92000
 93000
 94000
 95000
 96000
 97000
 98000
 99000
 100000
 101000
 102000
 103000
 104000
 105000
 106000
 107000
 108000
 109000
 110000
 111000
 112000
 113000
 114000
 115000
 116000
 117000
 118000
 119000
 120000
 121000
 122000
 123000
 124000
 125000
 126000
 127000
 128000
 129000
 130000
 131000
 132000
 133000
 134000
 135000
 136000
 137000
 138000
 139000
 140000
 141000
 142000
 143000
 144000
 145000
 146000
 147000
 148000
 149000
 150000
 151000
 152000
 153000
 154000
 155000
 156000
 157000
 158000
 159000
 160000
 161000
 162000
 163000
 164000
 165000
 166000
 167000
 168000
 169000
 170000
 171000
 172000
 173000
 174000
 175000
 176000
 177000
 178000
 179000
 180000
 181000
 182000
 183000
 184000
 185000
 186000
 187000
 188000
 189000
 190000
 191000
 192000
 193000
 194000
 195000
 196000
 197000
 198000
 199000


# name: optim_start
# type: scalar
359


# name: optim_steps
# type: matrix
# rows: 1
# columns: 200
 12 71 124 196 242 276 317 329 357 372 411 426 446 481 495 517 527 538 551 563 574 584 603 627 640 648 660 667 679 680 691 701 705 716 729 738 754 755 756 757 758 759 760 761 762 763 764 765 766 767 768 769 770 771 772 773 774 775 776 777 778 779 780 781 782 783 784 785 786 787 788 789 790 791 792 793 794 795 796 797 798 799 800 801 802 803 804 805 806 807 808 809 810 811 812 813 814 815 816 817 818 819 820 821 822 823 824 825 826 827 828 829 830 831 832 833 834 835 836 837 838 839 840 841 842 843 844 845 846 847 848 849 850 851 852 853 854 855 856 857 858 859 860 861 862 863 864 865 866 867 868 869 870 871 872 873 874 875 876 877 878 879 880 881 882 883 884 885 886 887 888 889 890 891 892 893 894 895 896 897 898 899 900 901 902 903 904 905 906 907 908 909 910 911 912 913 914 915 916 917


# name: VPVP_params
# type: scalar struct
# ndims: 2
 1 1
# length: 8
# name: lambda
# type: scalar
300000000


# name: downsample
# type: scalar
10


# name: MaxIter_X
# type: scalar
200


# name: MaxIter
# type: scalar
50


# name: optTol_X
# type: scalar
1e-06


# name: progTol_X
# type: scalar
1e-10


# name: optTol_aW
# type: scalar
0.0001


# name: progTol_aW
# type: scalar
1e-07




