# Created by Octave 3.8.1, Sun Jan 07 04:52:15 2018 ART <gabrevaya@ws9.labo2>
# name: y_start
# type: matrix
# rows: 10
# columns: 1
 0.9800866033516678
 0.07549902291443178
 1.409880047638554
 0.4430937905821313
 -1.424806211485294
 -3.474900807626962
 0.3828821576119177
 -0.9645394369239745
 2.326293516172221
 1.619284207444672


# name: alphas
# type: cell
# rows: 1
# columns: 3
# name: <cell-element>
# type: matrix
# rows: 10
# columns: 1
 -0.2925044810873813
 -0.01779569301949604
 -0.08080341900605574
 1.52514557775508
 0.247011952831587
 -0.260663122605153
 0.6628876553633256
 0.5908487777993777
 1.057596925508491
 0.3432181688034889



# name: <cell-element>
# type: matrix
# rows: 10
# columns: 1
 1.24586647259154
 1.053850017296553
 0.6039445958809835
 0.3088843018451923
 1.200229996298684
 0.5133884018672265
 0.7341029552549351
 0.5568999482139844
 1.608998520291911
 0.293793999071037



# name: <cell-element>
# type: matrix
# rows: 10
# columns: 1
 11.60463696541856
 11.85937432016973
 11.84745943537987
 11.08245144485496
 11.33866851780219
 10.97503400904401
 11.71664451641202
 10.3792685505487
 12.29518353227195
 10.82070781929283





# name: W
# type: matrix
# rows: 10
# columns: 10
 0.283385971119411 -0.08284764423214376 0.3648752793884359 -0.09153216778101743 -0.5051831634377129 0.2240805697042618 -0.4929031018484537 -0.9780468539452408 -0.5464715346474431 0.952143515014397
 -0.2252872781197005 0.3005119084720474 -0.4628404060384108 0.3634603552691578 -0.1938922280185998 0.4194012539073573 0.2631570956876846 -0.3489045976496089 0.2094439730057758 0.04391038043656706
 -1.042342524370995 -0.1167595143497971 -0.5570519209382264 -0.00573681773152312 0.1504835851656437 -0.1483371201731518 0.1202993641070371 0.4749308835887603 0.1503798976188707 -0.4809554891695276
 -1.165906148988523 -0.9685589788370202 0.715673066003877 0.1797949899252684 0.1457304898128295 -0.02677919812821796 -0.6969675691814901 -0.5113882369869245 -0.420572403668701 -0.4462359182710174
 0.2981731138069202 -0.2574998385187228 0.1809321633684101 0.08220577094036725 0.2108305865841339 0.1459876526082366 1.02567433179781 -0.7359081343896717 0.1020667657650741 -0.1475104441116946
 -0.1732088799251998 -0.1145824178653878 0.4510286634092494 -0.2869566520583876 0.5556910235540046 0.04346680200233973 -0.1161417432782155 -0.3054882848771952 0.1108860299772155 0.1728425992244042
 0.01693897474542454 0.1273208393425974 0.4025048755749783 0.07687933344803043 -0.0436478189427929 0.2520406335502683 -0.1238664854036118 -0.01048160242732745 0.01597863192970433 0.3627063018392166
 -0.08834084777557417 -0.3710769132053804 -0.08356065251984597 0.2205354652485333 -0.01693004268260553 0.3607429448025331 -0.2603874905452637 -0.1201173087152167 -0.5649107835502651 0.1275863270976134
 -0.3206644732632659 0.06346180658085512 -0.5461345211077221 -0.3153157696584739 -0.2450103769318705 0.3352048959723484 0.2745940184599412 -0.560762620513325 -0.4857194318565029 0.551941702928338
 -0.00841269460502593 0.02250282142498386 -0.4946599216125087 0.351985372566428 0.2254828035812001 -0.3365187009690354 1.005411938599241 0.399540371311851 0.5957237309000715 -0.4453119724429045


# name: iter
# type: scalar
100000


# name: c
# type: matrix
# rows: 1
# columns: 10
 NaN NaN NaN NaN NaN NaN NaN NaN NaN NaN


# name: mean_corr
# type: matrix
# rows: 503
# columns: 1
 -0.03065285415211796
 -0.0233642866803835
 0.02809669802956099
 0.05485099857770179
 0.1076462769418028
 0.1100028774770971
 0.07771860806308148
 0.08025719430708926
 0.102081780105456
 0.1033345393454188
 0.1042613273404329
 0.1324133274434807
 0.1353200240406635
 0.1373572601399081
 0.1652067724969463
 0.1651373822663012
 0.1654149976915989
 0.4271398829173135
 0.4029876262990381
 0.3683000483227694
 0.3693065499656866
 0.3659444011951048
 0.3673356551862259
 0.3653298709589941
 0.3671526401168997
 0.3595038863680834
 0.3608665633913285
 0.35971714790109
 0.3585063978532227
 0.361571482131209
 0.3580009411913327
 0.3553860222895423
 0.3536349878539867
 0.4792946170918266
 0.471473210489901
 0.4700326753940746
 0.4741537461629473
 0.4454004356965744
 0.4544075125155816
 0.4523754893999395
 0.443878907392876
 0.4106811730099166
 0.4222568067189491
 0.430171508720802
 0.4323931088341043
 0.4247534967271215
 0.4210643457442022
 0.4215655734782975
 0.4194056044439248
 0.4207879191037951
 0.4184605554789929
 0.4165998898455607
 0.4169810504792008
 0.4143963675701134
 0.4120169217084124
 0.4107166483480217
 0.409050273555693
 0.4018063104941658
 0.4014607639568655
 0.4031001575674747
 0.4062659003770184
 0.4024517640449226
 0.4013421050313557
 0.4025343037599567
 0.3962043692825232
 0.3964230891732481
 0.3968066654532685
 0.3954466528536381
 0.3934811763211152
 0.3968372816461824
 0.3913338533131492
 0.3914666858167832
 0.3884615807732165
 0.3882931649453251
 0.3858808290691482
 0.5061380107565894
 0.4989949951794004
 0.4874628697907545
 0.487847626127876
 0.487084358490631
 0.4863082409981551
 0.4797673696958131
 0.4757085574774587
 0.4788586571083439
 0.4781001882783814
 0.4737544455204586
 0.4699670825823307
 0.4771385130216286
 0.4776050566970609
 0.4585316462982807
 0.4602139348234724
 0.4617624998827519
 0.4609668506171291
 0.4593409745727898
 0.44255877223504
 0.44517504098006
 0.4440937427896219
 0.4472409122975106
 0.4495726512798999
 0.4495710225443067
 0.4490254303004967
 0.446667012516567
 0.4456582363603968
 0.4459374297126477
 0.4456318705510938
 0.4330328848158366
 0.4322929450768572
 0.4458628014853199
 0.4450797352853212
 0.4301366732009737
 0.4330535138215607
 0.4320880052706788
 0.4344412828898597
 0.4286888072439643
 0.4294233180993188
 0.4286812589047185
 0.4273432646725659
 0.4272174323006871
 0.425535663928
 0.4254444791271629
 0.4218235523305682
 0.4215576506977031
 0.5143381543759099
 0.5053226445188856
 0.5044498351033188
 0.5067366329166183
 0.4908910884422436
 0.4925046537476208
 0.4775781318660978
 0.4339014064837874
 0.4627595037907319
 0.4622036897804883
 0.4542995531902744
 0.4510811364904032
 0.4420109591696997
 0.4496475792271671
 0.4565618919809514
 0.4576098073673546
 0.4541414946450905
 0.4522272290263566
 0.4532296725199292
 0.452623371899288
 0.4607121969763739
 0.4346729877910085
 0.4346434884243722
 0.4361611360847403
 0.4362502712752975
 0.4464349717242522
 0.4468736017231448
 0.4480542801722399
 0.4477815889329103
 0.4429595454000085
 0.4368311472497347
 0.4350448289447571
 0.4344896408891136
 0.4332966433894129
 0.4379525187722684
 0.4321007596467729
 0.4366821076171074
 0.4363414675904128
 0.4355514657431717
 0.4382600187690128
 0.4421820126477968
 0.4463426299914142
 0.4458455528451969
 0.4458069472076864
 0.4461217574324735
 0.4387917102774467
 0.4532629394998275
 0.4565392381399351
 0.4564922990768674
 0.4497502613079581
 0.4460040951449828
 0.4444637914766399
 0.4432969818893915
 0.4486008570297656
 0.4436809261397738
 0.4422688085460359
 0.4419429087266041
 0.4457024947267383
 0.445352161817214
 0.4453089485722829
 0.4439429920086946
 0.4436591591155239
 0.4418257126256412
 0.4410006836088216
 0.4378181656111003
 0.4440373963295084
 0.4423228523563082
 0.4413818895611948
 0.4407013112344377
 0.4413328151294643
 0.4413310843390433
 0.4424270257705801
 0.4393162803807767
 0.438814918186034
 0.4421285599477079
 0.4414843226206847
 0.4446650499625757
 0.4430160232962183
 0.4437658078983483
 0.5161771175827521
 0.5018303952391514
 0.501333568810481
 0.5011674595396671
 0.4995042600143611
 0.5033233271588785
 0.5025012016422308
 0.4967825684737634
 0.4893077828768856
 0.4875719237039644
 0.452172295181508
 0.4546160788740011
 0.4674893953672339
 0.4647580510784101
 0.4632594780645986
 0.4560141604737392
 0.4480527490519043
 0.4459505934071347
 0.4434399844831528
 0.4361758639676786
 0.433894735764604
 0.432006930288705
 0.4312477568575708
 0.4212613253828184
 0.4212642180701369
 0.4223157528066843
 0.4206465528593574
 0.420082043657083
 0.4215891532444002
 0.421287131838698
 0.5202103321000673
 0.4988577789093486
 0.5055719846650091
 0.5081663150472433
 0.5057041678604735
 0.5057088002604253
 0.5045855107457853
 0.5089949145333574
 0.4914158924029602
 0.4913479983834421
 0.4927124007311077
 0.4847133537015701
 0.48215968662028
 0.4851040100764782
 0.4784232940617431
 0.4758095795562996
 0.4829045829030709
 0.4828620348744532
 0.4808179424237225
 0.4901757873881785
 0.4911465371053302
 0.4918155093215244
 0.4915514791409882
 0.4811647983492344
 0.4783183358380799
 0.4743179654770682
 0.478654869390341
 0.4731710632804264
 0.4583743351265318
 0.4615116742966245
 0.4572844697819279
 0.4569587719453205
 0.4577672617533307
 0.4585682915610444
 0.4605893690256883
 0.4606576478297695
 0.4620525738768669
 0.4575592176698992
 0.455047953718075
 0.4552233658740064
 0.4550134261328211
 0.4540251691609996
 0.4538802245874313
 0.4608811698754939
 0.4604227061176502
 0.4560084559702875
 0.4560514585647503
 0.5223939929517007
 0.5214850109909619
 0.5061107348106748
 0.5111684991172201
 0.5115770438183612
 0.5016751872381401
 0.4991548164226011
 0.4990136480477756
 0.4922120547849159
 0.4855661376806335
 0.4852156807443537
 0.4849305591792795
 0.4605952394039811
 0.4568116410904966
 0.4552233534042562
 0.458957561571509
 0.4463712233986491
 0.4468385097948971
 0.4445031417216641
 0.4592152198076748
 0.4528558756401546
 0.4406807934939866
 0.4353675123871842
 0.4372033357073644
 0.438667798979039
 0.4286527326806769
 0.4259931874691173
 0.4202809366514899
 0.4210383809510431
 0.4224099174529109
 0.436190037712094
 0.4441020385028248
 0.4479867801673003
 0.4462887668292662
 0.446582336496045
 0.441018582257247
 0.4357026733880408
 0.4301518782396685
 0.442028776281034
 0.4421183056263615
 0.4388857069499282
 0.4372129470890839
 0.433968527762254
 0.4340113360932527
 0.4281867902854689
 0.4287818502818448
 0.5203951649544045
 0.5205862607121824
 0.5169100055223347
 0.5141389381535786
 0.5061393353188283
 0.4788415643385912
 0.4785845968988786
 0.4752568466736525
 0.4741740203088735
 0.4745853054255879
 0.470982350568279
 0.460147213765265
 0.4582449602899709
 0.4567086031831417
 0.4549126945311829
 0.4365334597657494
 0.4337353658882614
 0.4311686305273787
 0.4298763869978594
 0.423929583331822
 0.4271914757622112
 0.4322720021745902
 0.4325267895538066
 0.4322924072470907
 0.4342033449782414
 0.4337999155161725
 0.4370447750828029
 0.4312886766143841
 0.4354921731744468
 0.4364864734029384
 0.4537841163419897
 0.4534632351892134
 0.4564612922644277
 0.4535891595048429
 0.4559952066687436
 0.4562632426799237
 0.4526809870953359
 0.4666379430183022
 0.4613803984277179
 0.4583961627767067
 0.4618025738692403
 0.4612102519750346
 0.468053535752986
 0.467539472496642
 0.467430984416994
 0.441785340985645
 0.4415095288414458
 0.5358715802475699
 0.5171404665525638
 0.5101225506497312
 0.5035231791503364
 0.4893583627910861
 0.4956507980102735
 0.4905387454871959
 0.4904956548422943
 0.4881655967072843
 0.4892558238546559
 0.491580052179303
 0.475269084051438
 0.4729352801978853
 0.4640229327925312
 0.4676870485764543
 0.4663615407009969
 0.4787277852050444
 0.4755862600555337
 0.4698617304677372
 0.4701628488860631
 0.4671865102461031
 0.4686746892822624
 0.4672710094300841
 0.4617773970080848
 0.4606790531903423
 0.4652593509338044
 0.472152312066784
 0.4773516003484386
 0.4808285103143767
 0.4790005506670468
 0.4783030801674993
 0.4772962949372977
 0.4734580274677209
 0.4678082288986574
 0.4682523630079903
 0.4676275931835992
 0.4644508194274575
 0.4641506756650318
 0.466934154375941
 0.4758080084832289
 0.468230066880185
 NaN
 NaN
 NaN
 NaN
 NaN
 NaN
 NaN
 NaN
 NaN
 NaN
 NaN
 NaN
 NaN
 NaN
 NaN
 NaN
 NaN
 NaN
 NaN
 NaN
 NaN
 NaN
 NaN
 NaN
 NaN
 NaN
 NaN
 NaN
 NaN
 NaN
 NaN
 NaN
 NaN
 NaN
 NaN
 NaN
 NaN
 NaN
 NaN
 NaN
 NaN
 NaN
 NaN
 NaN
 NaN
 NaN
 NaN
 NaN
 NaN
 NaN
 NaN
 NaN
 NaN
 NaN
 NaN
 NaN
 NaN
 NaN
 NaN
 NaN
 NaN
 NaN
 NaN
 NaN
 NaN
 NaN
 NaN
 NaN
 NaN
 NaN
 NaN
 NaN
 NaN
 NaN
 NaN
 NaN
 NaN
 NaN
 NaN
 NaN
 NaN
 NaN
 NaN
 NaN
 NaN
 NaN
 NaN
 NaN
 NaN
 NaN
 NaN


# name: mean_error
# type: matrix
# rows: 503
# columns: 1
 1.452435662011901
 1.446194233326072
 1.41708967621223
 1.399076441010646
 1.367510955303498
 1.36471385976748
 1.363742785831843
 1.36114548980749
 1.340078670335962
 1.33166406698523
 1.330750159681909
 1.319165671368983
 1.310699776248408
 1.303699292345966
 1.275632266491439
 1.273409037459252
 1.274617794122401
 1.216818830093187
 1.239715743882343
 1.270134343016814
 1.268660000026016
 1.26960467368506
 1.269198218277871
 1.278207304681576
 1.278665740674451
 1.287410379573252
 1.29243810711353
 1.299581588017392
 1.301711841604429
 1.303165504050082
 1.305279917567
 1.307906440073878
 1.312133098251573
 1.206572318174253
 1.212337487662088
 1.21506533941654
 1.212769275470878
 1.236749769607678
 1.227743142141983
 1.224146804818484
 1.223768466407661
 1.227645694370547
 1.225805019759198
 1.242014714003591
 1.241354831629835
 1.247702813686464
 1.251390645785849
 1.250823851094845
 1.267022353068132
 1.268079373163755
 1.271138397818206
 1.272600766078928
 1.270632630746486
 1.275050088184977
 1.276874527726424
 1.277403320658014
 1.278806095915307
 1.283287890629597
 1.285271682878705
 1.285950314981085
 1.283784371615704
 1.287466352885314
 1.291698517963163
 1.292280890226611
 1.290532415186247
 1.290286974384985
 1.289046420289078
 1.282431117622574
 1.284474049817736
 1.281050358126658
 1.284516183520644
 1.282888175337831
 1.281587087366013
 1.28170489908583
 1.280947389412055
 1.193710654712865
 1.197156636704287
 1.194108873143922
 1.186474640062867
 1.186886388432131
 1.188355512406754
 1.197878394799814
 1.203173450031707
 1.213955453732682
 1.222390490976518
 1.232748371083917
 1.246970244578481
 1.245981579880087
 1.247717456009299
 1.261890598198318
 1.250076376107969
 1.249103445312244
 1.251322399116807
 1.257910357478662
 1.264713113294934
 1.266087838052251
 1.258638600027583
 1.25672797514864
 1.261857416545643
 1.27190082760229
 1.268596757711797
 1.288865401509402
 1.288160083715886
 1.284143625861532
 1.282524503503375
 1.283724319403913
 1.282353868445259
 1.271049978572396
 1.271618897431836
 1.277070573310808
 1.272691949296604
 1.269719332638303
 1.267695774309963
 1.269862345993903
 1.270754275325753
 1.269630354795142
 1.268644616313996
 1.268437113881095
 1.268345566387942
 1.270798320397427
 1.273274436415766
 1.2732645843805
 1.215786940744775
 1.216735317214422
 1.214635126697295
 1.219532429092678
 1.232573021384173
 1.248324756238817
 1.258769821217914
 1.276292609397533
 1.259689235592913
 1.265111274944424
 1.270917544154209
 1.27435643666017
 1.279818892650235
 1.275439131919228
 1.27658519139981
 1.279087199309849
 1.273287631079755
 1.2765860627215
 1.276829671344811
 1.268355166346667
 1.262656030583142
 1.278830959894469
 1.27756402982493
 1.277507226229406
 1.28079764320587
 1.279083866401125
 1.277246604940492
 1.27502913101679
 1.272588720592055
 1.272698832512416
 1.268988398981198
 1.256773336850919
 1.25699135422188
 1.254765719505604
 1.253727751016235
 1.252958915677601
 1.253786886777313
 1.254201758364334
 1.251461969318125
 1.253227423402935
 1.258086729839616
 1.25880042757532
 1.258247138160384
 1.260801393501722
 1.262344514288595
 1.259042149279907
 1.253577555038148
 1.257402728046851
 1.254212337940119
 1.256810688487617
 1.256846696758924
 1.254757922758878
 1.249576426762272
 1.251463477540095
 1.247171181572239
 1.247371741664166
 1.251135569632687
 1.254643067740063
 1.254590952266664
 1.25328495321266
 1.252894308206155
 1.250172473749833
 1.249643906897756
 1.251981691960472
 1.263793950603038
 1.260373387630637
 1.258601313086579
 1.258244883982822
 1.257585503477347
 1.257349357755312
 1.256179580028921
 1.26119401755615
 1.264125966322964
 1.266381187391782
 1.26476897262087
 1.264528665274988
 1.264981495030485
 1.265641239616093
 1.265398135360475
 1.244448877385944
 1.255415788030603
 1.255109443111123
 1.256453650521457
 1.255370110615359
 1.251138738452753
 1.251961173818667
 1.245929863556632
 1.251022301380786
 1.249035690925248
 1.273669623760968
 1.277038126200265
 1.27291184412217
 1.262526818554553
 1.26027416707834
 1.264830114442085
 1.26098890770412
 1.260821207188044
 1.261995416128522
 1.253658310818136
 1.254364168162314
 1.252533544452866
 1.25365080159697
 1.245532052425518
 1.25006558547588
 1.251534351330635
 1.252348359525592
 1.252024246044314
 1.254249732340821
 1.254085727945985
 1.229674670184556
 1.23483649911217
 1.231781738634147
 1.233846769965253
 1.234576178969443
 1.240152795690212
 1.241570482507692
 1.245650695262858
 1.250207810667659
 1.25054565439584
 1.251724062060112
 1.255849082215349
 1.258172940749786
 1.264144943043168
 1.281428378472098
 1.286220640005093
 1.279861434459104
 1.283057091439983
 1.280175379891936
 1.268863880843053
 1.27042565377944
 1.271017016509583
 1.271359650458208
 1.280042464493786
 1.282968133585452
 1.27946980398025
 1.269059550523888
 1.267083860280636
 1.269886537749476
 1.269772155753812
 1.269176647980707
 1.272514701371545
 1.271406538176375
 1.268429796125234
 1.267108460985451
 1.267180335445458
 1.265041487258101
 1.265894191052477
 1.266339135641143
 1.266009618690493
 1.265980030001818
 1.265197455657786
 1.266446421676394
 1.26170593333642
 1.262068651081069
 1.259570663856192
 1.257796020274395
 1.19313485648926
 1.190994495572288
 1.199539058954209
 1.198745667079448
 1.19778128523861
 1.216660291161004
 1.218484045376529
 1.217126006630522
 1.212606691777804
 1.217531335737353
 1.217614052261951
 1.221383002137777
 1.226621831232999
 1.226256699466029
 1.228423772875945
 1.229160951926991
 1.224842842606386
 1.223950258210263
 1.223937926945107
 1.219424645152316
 1.225607594121433
 1.230850651567909
 1.22814808684726
 1.217117337627342
 1.214638382435267
 1.217101814816536
 1.220827655162268
 1.226387457704176
 1.225212473416355
 1.230034147584013
 1.21720576300034
 1.216071101279571
 1.213208931284204
 1.218185607659476
 1.217880239760638
 1.22142273090732
 1.223244091050798
 1.227899145367161
 1.230569918672341
 1.231177960169368
 1.23173033171966
 1.230580253959923
 1.233208625010509
 1.234501977929418
 1.235745156361702
 1.235955199342543
 1.206544568147643
 1.204137168388827
 1.210131005229611
 1.212548054296028
 1.212175771435376
 1.214632224710774
 1.213476635889237
 1.230617043265616
 1.233557771879128
 1.233360668831241
 1.232515842470022
 1.251264975683305
 1.251606463150174
 1.251189987549017
 1.256171266771685
 1.257184468494508
 1.256526510234147
 1.251921777163374
 1.250470253956716
 1.241003773066323
 1.244689533726743
 1.245170501739752
 1.244512422279399
 1.240718356876622
 1.239930355154826
 1.239610430407955
 1.240374093869397
 1.238099037623661
 1.239665863692764
 1.23949557778163
 1.253560178481691
 1.25350337281614
 1.256977056901761
 1.25819768109176
 1.254319529764918
 1.255034791357197
 1.252325493944086
 1.256287336363394
 1.255994695843142
 1.256468625969077
 1.257129295147798
 1.257151096327827
 1.25739276131579
 1.258016823314137
 1.257826155463923
 1.260649743978763
 1.259895255126653
 1.177908013930258
 1.19918399574631
 1.201301314554507
 1.207013264474028
 1.219897052008092
 1.218104028356495
 1.218873798949488
 1.219378601112173
 1.220769454026706
 1.221729206929198
 1.220590093194815
 1.223894176381812
 1.222128133601146
 1.225084989104466
 1.222386076472044
 1.222108614908437
 1.215837211391378
 1.218444626194687
 1.219311397210026
 1.219043315433367
 1.218433071523597
 1.218424980374042
 1.220160562844361
 1.221099872992922
 1.2207057120546
 1.217153033218181
 1.213956148789981
 1.206682077345353
 1.208188540343139
 1.209798835600655
 1.208950962736325
 1.207138014804904
 1.203811155361272
 1.201468132750119
 1.202173791531001
 1.201412383204779
 1.202090556089286
 1.203950439997167
 1.202531077181185
 1.195736250690157
 1.200431777594577
 NaN
 NaN
 NaN
 NaN
 NaN
 NaN
 NaN
 NaN
 NaN
 NaN
 NaN
 NaN
 NaN
 NaN
 NaN
 NaN
 NaN
 NaN
 NaN
 NaN
 NaN
 NaN
 NaN
 NaN
 NaN
 NaN
 NaN
 NaN
 NaN
 NaN
 NaN
 NaN
 NaN
 NaN
 NaN
 NaN
 NaN
 NaN
 NaN
 NaN
 NaN
 NaN
 NaN
 NaN
 NaN
 NaN
 NaN
 NaN
 NaN
 NaN
 NaN
 NaN
 NaN
 NaN
 NaN
 NaN
 NaN
 NaN
 NaN
 NaN
 NaN
 NaN
 NaN
 NaN
 NaN
 NaN
 NaN
 NaN
 NaN
 NaN
 NaN
 NaN
 NaN
 NaN
 NaN
 NaN
 NaN
 NaN
 NaN
 NaN
 NaN
 NaN
 NaN
 NaN
 NaN
 NaN
 NaN
 NaN
 NaN
 NaN
 NaN


# name: iter_improve
# type: matrix
# rows: 503
# columns: 1
 1
 9
 26
 40
 57
 107
 186
 197
 206
 267
 281
 303
 304
 309
 322
 480
 640
 652
 663
 669
 673
 685
 694
 706
 708
 721
 745
 754
 832
 843
 956
 967
 984
 1000
 1002
 1013
 1014
 1016
 1017
 1021
 1055
 1057
 1060
 1068
 1074
 1079
 1093
 1112
 1118
 1121
 1127
 1130
 1234
 1309
 1313
 1331
 1337
 1362
 1368
 1391
 1392
 1413
 1415
 1428
 1477
 1556
 1610
 1652
 1657
 1686
 1755
 1769
 1792
 1841
 1947
 2000
 2002
 2007
 2008
 2009
 2016
 2017
 2023
 2028
 2031
 2038
 2044
 2045
 2051
 2067
 2068
 2071
 2102
 2114
 2122
 2123
 2125
 2134
 2135
 2143
 2149
 2151
 2154
 2157
 2182
 2220
 2243
 2270
 2285
 2289
 2293
 2314
 2350
 2367
 2371
 2396
 2397
 2451
 2460
 2620
 2658
 2660
 3000
 3010
 3011
 3012
 3017
 3020
 3021
 3026
 3036
 3041
 3047
 3049
 3068
 3070
 3072
 3092
 3093
 3099
 3103
 3106
 3123
 3125
 3139
 3153
 3160
 3164
 3165
 3168
 3190
 3192
 3197
 3210
 3227
 3251
 3256
 3257
 3276
 3281
 3315
 3336
 3337
 3344
 3346
 3347
 3353
 3365
 3476
 3484
 3497
 3509
 3539
 3541
 3612
 3629
 3638
 3644
 3647
 3673
 3679
 3682
 3715
 3729
 3762
 3765
 3769
 3780
 3781
 3808
 3814
 3827
 3843
 3846
 3852
 3857
 3887
 3903
 3962
 3966
 3996
 4000
 4004
 4014
 4022
 4026
 4029
 4032
 4033
 4042
 4049
 4052
 4053
 4055
 4058
 4065
 4078
 4082
 4093
 4103
 4167
 4169
 4206
 4226
 4249
 4554
 4599
 4653
 4704
 4909
 4997
 5000
 5014
 5027
 5032
 5045
 5048
 5052
 5056
 5057
 5058
 5071
 5080
 5082
 5088
 5089
 5099
 5119
 5124
 5134
 5143
 5151
 5163
 5171
 5178
 5183
 5187
 5204
 5210
 5211
 5336
 5345
 5369
 5438
 5439
 5442
 5447
 5454
 5495
 5558
 5648
 5702
 5762
 5769
 5814
 5857
 5885
 5956
 6000
 6004
 6009
 6021
 6023
 6029
 6030
 6037
 6038
 6041
 6046
 6058
 6062
 6068
 6071
 6093
 6096
 6115
 6124
 6166
 6171
 6178
 6182
 6197
 6201
 6210
 6233
 6361
 6427
 6633
 6644
 6647
 6652
 6697
 6708
 6711
 6723
 6741
 6865
 6871
 6875
 6892
 6898
 6910
 6943
 6988
 7000
 7009
 7016
 7018
 7027
 7028
 7030
 7032
 7033
 7039
 7047
 7052
 7063
 7072
 7075
 7078
 7088
 7114
 7115
 7135
 7146
 7194
 7243
 7262
 7319
 7358
 7427
 7428
 7434
 7442
 7445
 7457
 7501
 7507
 7514
 7604
 7631
 7638
 7645
 7646
 7684
 7706
 7715
 7810
 7818
 7841
 7844
 8000
 8003
 8006
 8007
 8017
 8018
 8023
 8035
 8040
 8042
 8062
 8069
 8081
 8082
 8151
 8177
 8239
 8255
 8292
 8298
 8303
 8325
 8347
 8354
 8378
 8406
 8428
 8443
 8448
 8454
 8498
 8557
 8607
 8625
 8718
 8741
 8778
 8860
 8879
 8901
 8995
 9000
 10000
 11000
 12000
 13000
 14000
 15000
 16000
 17000
 18000
 19000
 20000
 21000
 22000
 23000
 24000
 25000
 26000
 27000
 28000
 29000
 30000
 31000
 32000
 33000
 34000
 35000
 36000
 37000
 38000
 39000
 40000
 41000
 42000
 43000
 44000
 45000
 46000
 47000
 48000
 49000
 50000
 51000
 52000
 53000
 54000
 55000
 56000
 57000
 58000
 59000
 60000
 61000
 62000
 63000
 64000
 65000
 66000
 67000
 68000
 69000
 70000
 71000
 72000
 73000
 74000
 75000
 76000
 77000
 78000
 79000
 80000
 81000
 82000
 83000
 84000
 85000
 86000
 87000
 88000
 89000
 90000
 91000
 92000
 93000
 94000
 95000
 96000
 97000
 98000
 99000


# name: optim_start
# type: scalar
652


# name: optim_steps
# type: matrix
# rows: 1
# columns: 100
 18 34 76 123 202 232 279 325 372 413 414 415 416 417 418 419 420 421 422 423 424 425 426 427 428 429 430 431 432 433 434 435 436 437 438 439 440 441 442 443 444 445 446 447 448 449 450 451 452 453 454 455 456 457 458 459 460 461 462 463 464 465 466 467 468 469 470 471 472 473 474 475 476 477 478 479 480 481 482 483 484 485 486 487 488 489 490 491 492 493 494 495 496 497 498 499 500 501 502 503


# name: VPVP_params
# type: scalar struct
# ndims: 2
 1 1
# length: 8
# name: lambda
# type: scalar
300000000


# name: downsample
# type: scalar
10


# name: MaxIter_X
# type: scalar
200


# name: MaxIter
# type: scalar
50


# name: optTol_X
# type: scalar
1e-06


# name: progTol_X
# type: scalar
1e-10


# name: optTol_aW
# type: scalar
0.0001


# name: progTol_aW
# type: scalar
1e-07




