# Created by Octave 3.8.1, Sun Jan 07 18:07:25 2018 ART <gabrevaya@ws4.labo2>
# name: y_start
# type: matrix
# rows: 10
# columns: 1
 -0.201852969469053
 -0.03917721441395767
 -0.3239475813510773
 0.1274306300954222
 -0.2510380153512347
 -1.342055921928456
 0.8075791672970263
 0.4995313196682733
 0.1318653367785965
 0.2400917204932034


# name: alphas
# type: cell
# rows: 1
# columns: 3
# name: <cell-element>
# type: matrix
# rows: 10
# columns: 1
 2.191040551045107
 0.5386444658809083
 1.418295895320257
 1.615858249753745
 0.2062626042020299
 -4.216166564149124
 0.6799895655636159
 0.2670708743766832
 0.7578009262433565
 1.219918043557088



# name: <cell-element>
# type: matrix
# rows: 10
# columns: 1
 0.1763536973883023
 0.8588584055119519
 1.779237431976781
 0.3547056776834488
 0.9854011151296023
 0.3935607909055956
 0.8629525322264011
 0.4651555530684768
 0.3705565271831883
 0.5014305330461387



# name: <cell-element>
# type: matrix
# rows: 10
# columns: 1
 11.97043765292351
 11.50704995213959
 9.240016306402309
 10.9300346016258
 10.1516852666688
 12.40040455456927
 10.99834647476292
 12.6992064106981
 11.08490335454097
 8.770218818712872





# name: W
# type: matrix
# rows: 10
# columns: 10
 -0.04148985749164375 0.04615024992597157 0.9184134875374995 0.117656149233991 0.8366626378463264 0.3394212539477565 -0.1778160571535405 -0.1919648119249036 0.4527649008801747 0.1569975133975733
 0.2653055551305532 -0.1915453202116647 -0.6484951867410395 0.5164891604133414 -0.04343947604853886 0.4300995791244617 -0.0399055031459708 -0.1127416033656735 0.4506133206330544 -0.3627531787840732
 0.6442176294120892 0.7432385034561301 0.02956518840432456 0.1259559006592674 0.7157703724413466 -0.2737796066337546 0.2566341183090292 0.308247181220272 0.9547741161037882 -0.07094444245630196
 0.3324075112381402 -0.4529330576918824 0.05229956983040532 0.2179816156781654 -0.1944337401491259 0.4409505501363377 -1.049245855551972 -0.3072091036838249 -0.6295393479662428 -0.759979257172964
 -0.1857808585475781 -0.5842532432879514 0.1985110309696825 0.394064858998508 0.213794556515004 -0.4331922082518718 0.3250391238296667 -0.6922077803298254 0.05024775399480577 0.1748829280056155
 1.227343646058685 0.06581298850013097 0.2345256091853432 0.01113565985767987 0.1678569768069969 -0.198461514036735 0.0007688170674256655 -0.4500783401069234 0.1351305805630139 0.2116034926883221
 1.026334040017809 -0.580401119880762 0.5837396883640442 -0.2130330981848535 -0.4026001754672023 0.3806096440325579 -0.6523392451738873 -0.03544490596476348 0.02761073379688139 1.002611602627927
 0.4579685513951661 -0.2144877430056753 -0.08322008859678241 -0.006692143870822375 -0.2183060243528614 0.415552932983582 -0.2050936862565766 -0.0376741448557486 -0.07891458263113495 -0.5017025165821147
 0.6180024596201048 -0.3878270667601026 0.5509510676878145 0.2275119509083694 0.9695404062062184 0.06695464502236259 -0.3815620225997782 0.42228625990726 -0.3067527087273522 0.5595937049316453
 -0.9716895524095792 -0.2158366868010292 -0.009481945485759875 -0.4531320204977599 0.03426893664791197 0.06993204845854363 0.845435379385325 0.148550675862024 0.3480960933423933 -0.7266520508981379


# name: iter
# type: scalar
100000


# name: c
# type: matrix
# rows: 1
# columns: 10
 0.6158321900959741 0.5622985363202802 0.6025096604654464 0.7582130324109067 0.7531927214067327 0.5724619119561193 0.5681851038403672 0.439705288877796 0.6471403211275099 0.6103667302564338


# name: mean_corr
# type: matrix
# rows: 1345
# columns: 1
 -0.1115498278539206
 -0.1092893083090563
 -0.09387858931412703
 -0.0922275163793774
 -0.07969953200925639
 -0.05252765652593352
 -0.01969070281850655
 0.0009072595611798156
 0.02804944655440529
 0.06293788778910989
 0.06515029058156938
 0.0684693106530498
 0.09527969613172194
 0.101873647713094
 0.1063282777228879
 0.107933340143861
 0.1362064226979505
 0.152423796217578
 0.1778305040986145
 0.1852398510828939
 0.2027939922647367
 0.2100944324896005
 0.2109515903897574
 0.3913800543518491
 0.3922298770219103
 0.387356989591996
 0.3797999190008603
 0.3798805838574327
 0.3767290666214597
 0.3726519715096589
 0.3409858753416118
 0.3413264443053785
 0.335089020587384
 0.3342561367985515
 0.35244771271527
 0.3522617171350056
 0.3612414266546612
 0.3515165342578122
 0.3514909395238653
 0.3502318497158226
 0.3256399524692017
 0.4336416964442226
 0.4329435300071247
 0.4317488465895144
 0.4262177149968303
 0.4241436890845972
 0.4252760859598819
 0.3697995753472875
 0.378922979811562
 0.3768549487507158
 0.373442100804137
 0.3736359593489338
 0.3691425259676953
 0.3688275001208621
 0.3691512746829855
 0.3702840592327073
 0.3692717207205499
 0.3667727672222847
 0.3701678632449467
 0.3701843043060388
 0.367195269130394
 0.365265077810103
 0.365370004864991
 0.3613494176727399
 0.3621115427521008
 0.3611854985179721
 0.3646461581716783
 0.3598967155642531
 0.3606301601730195
 0.367055859328779
 0.4411970669330578
 0.4391799415426837
 0.4434030402899158
 0.4432149012614001
 0.442873171751634
 0.4429057447754827
 0.4394174476138814
 0.436968559615199
 0.4368336017228509
 0.4342519024663954
 0.4346758774659584
 0.432659363272676
 0.4288766399904186
 0.4310095158669631
 0.4307978413155393
 0.430965312455367
 0.4324308242839507
 0.434424206504437
 0.4333778098017826
 0.4333090410552703
 0.4259934883201509
 0.4257397232738627
 0.4238078755767184
 0.4192261682677068
 0.4211003458423274
 0.4217059230702153
 0.4217329361630733
 0.4218282494720399
 0.4208922431678784
 0.4207815385555304
 0.4204709087436009
 0.4210097430180447
 0.4216707001483783
 0.421460751820959
 0.42152048785242
 0.422518306770672
 0.4207917889634391
 0.4166257722032246
 0.4160374581017833
 0.4162858929102541
 0.4163177302886121
 0.4171820937436277
 0.41769156232531
 0.4182282294631176
 0.4176725448923128
 0.4175378666839561
 0.4162132610164971
 0.4164651468837199
 0.4738743107972388
 0.4730679769124098
 0.4730318133016868
 0.4698442119976386
 0.4624509429978548
 0.4607373378391252
 0.4620109226616601
 0.4629076321631559
 0.4632284508855564
 0.4639195645448842
 0.4634742426808394
 0.4629691116754076
 0.4615445703100267
 0.4629219399134058
 0.4619972240919663
 0.4627948110646449
 0.4631306550530361
 0.4609534284962103
 0.4611000632690757
 0.4599723124288342
 0.4587624469611361
 0.4571463511648935
 0.4583212373590371
 0.458121350150911
 0.449707356698099
 0.4502714815042465
 0.4461925926916587
 0.4453713735508951
 0.4444281539027122
 0.4449522967796474
 0.4453465582880866
 0.4458148181459491
 0.4848400804343521
 0.4845251200415023
 0.4812790784353897
 0.4802203559590478
 0.4769839904065288
 0.4769595838850954
 0.4764771234380481
 0.4767308400093855
 0.4700909994661884
 0.4704511808066984
 0.4718949864135867
 0.4729299654262089
 0.466973897868493
 0.4668062902709499
 0.4595171874031614
 0.4598289502954651
 0.4601472050799154
 0.4597974397770686
 0.4594463658387237
 0.4626442438290125
 0.4625870323482932
 0.4966058470272201
 0.4960032768040132
 0.4960845839079546
 0.4851412315393683
 0.4848434302330383
 0.4847196298700611
 0.479983670565463
 0.4795605554914671
 0.4777389771534809
 0.4793880464060464
 0.4697865519052404
 0.4684857477636165
 0.4665817930815918
 0.4644303985873456
 0.4645809286487742
 0.4664454190623086
 0.4663895354281015
 0.4662647588727117
 0.4660930454185076
 0.4654393553094925
 0.4653631665948364
 0.5036770811219009
 0.5031440340118556
 0.4982810276740128
 0.4979913110967774
 0.4979879030569367
 0.498683098659454
 0.4982057358312353
 0.4976358114461091
 0.4962078352191123
 0.4952282843950478
 0.4953593561526388
 0.4951127748623154
 0.4931460178935994
 0.4910318533774202
 0.4909840645446016
 0.4917248040842815
 0.4937838004360383
 0.4929952759957227
 0.4926118101059459
 0.4927367847561701
 0.4931736781285056
 0.4913386751010494
 0.4914322024445791
 0.4873153350968557
 0.4860858785299065
 0.5170280882762404
 0.5098047362529607
 0.5097294238190428
 0.5097132517347702
 0.5013192052152089
 0.5021860928167514
 0.5042377871721555
 0.5041288743465224
 0.5035432350554879
 0.5043725297289775
 0.504287461515436
 0.5006863113490767
 0.5007763729922194
 0.5004658385775019
 0.5235952179367176
 0.5073586061914448
 0.5068467957904622
 0.5068662547284386
 0.5052716895904681
 0.5048677269005031
 0.505425777447118
 0.5068471465027121
 0.5068455291592672
 0.5066244992031159
 0.5068775768738349
 0.5069030068998841
 0.5045829122840658
 0.5037197190584126
 0.5030647523266094
 0.5043236828561751
 0.5444821725633923
 0.5425414230186394
 0.5424190942482525
 0.5413824026633737
 0.5216285335225551
 0.5234011138098307
 0.5192786132724727
 0.5230737972680992
 0.5236114151002367
 0.5229990489857519
 0.520237612229149
 0.5196957253724539
 0.5554938034813021
 0.5550326577678296
 0.5526587171316825
 0.5437578992426988
 0.5450068728571423
 0.5460907015152696
 0.5423636188097063
 0.5430452795890222
 0.5405687796143509
 0.5402564108537946
 0.5255576435456513
 0.5245813692940795
 0.5281669606886419
 0.5313845175674956
 0.528972868606531
 0.5297952086080191
 0.5307526257856937
 0.5285000083830657
 0.5260262664381028
 0.5248209657735763
 0.5250168457929342
 0.5266287379372356
 0.5266560622271693
 0.5269321724558511
 0.5262748592852803
 0.5220093934608964
 0.5198128846409171
 0.5191454884471731
 0.5182823373248694
 0.5215610711121768
 0.5208004863698973
 0.5263303973729557
 0.5232791841174905
 0.522015481678342
 0.52428126241983
 0.5233182599806134
 0.5192159417775872
 0.55550628434742
 0.5448483969067857
 0.545474833226933
 0.538308336271346
 0.5383325248009903
 0.5397464473078933
 0.5244528841861141
 0.5272278149799854
 0.5306953284397355
 0.5280978454771014
 0.5281665705584067
 0.5230974322289906
 0.5267668169924719
 0.5254920560659485
 0.5186687788381987
 0.5172372019239166
 0.5187501652774436
 0.521097886279451
 0.5224060878424004
 0.5232172948162745
 0.5228490967423783
 0.527396166281173
 0.5214734803498098
 0.522894361490758
 0.5230012648178557
 0.5239417552867693
 0.521688005371174
 0.5240469338794491
 0.5225038581267037
 0.5208348546731867
 0.557324309138568
 0.5500008370216378
 0.5507324504288921
 0.5515102212670382
 0.5511057593268112
 0.5358302906659549
 0.5414063079395994
 0.5265147782669449
 0.5331480845900037
 0.5364086240317754
 0.5327725480578475
 0.531346338546829
 0.5319402389163463
 0.5282387807461104
 0.5280586912648844
 0.5280093938828082
 0.5273908465628993
 0.5276064760393007
 0.5225971404088214
 0.5230162134743193
 0.522963046282494
 0.5243045000103652
 0.5219514316818687
 0.5220489866706324
 0.5185104313602292
 0.5179923170051099
 0.5171822587942037
 0.51525210463422
 0.5178783924697945
 0.5137105014218109
 0.5650830832102078
 0.5488560674290137
 0.5474385197337335
 0.5481235695617604
 0.5414495884058622
 0.5351849995172971
 0.5309271866175695
 0.5276480965055664
 0.528180894106159
 0.5323516489744929
 0.5313937602852332
 0.5301492728236095
 0.5297692111542582
 0.5319357105301611
 0.5326200814554874
 0.5278102005687577
 0.5256677115937771
 0.525219497045318
 0.5715273684695262
 0.5504248985633102
 0.5457833675144069
 0.5420933111140596
 0.5376691981151333
 0.5401515233887476
 0.5440349232163226
 0.5345222569491168
 0.5349270897163259
 0.5334958613227001
 0.5333207409236915
 0.5330058116290659
 0.5298230591605855
 0.5324171109872837
 0.5305827438066124
 0.5312771965934552
 0.5324610614146257
 0.5311343369489978
 0.5314592519187096
 0.5328562500048027
 0.5339898493728218
 0.5348199922721897
 0.5348523357783219
 0.5352125079942096
 0.5753037176462759
 0.5678505943470153
 0.5662994155837683
 0.56438320663349
 0.567822032158686
 0.5440498490624488
 0.5555141514014454
 0.5515958012953048
 0.560569079594838
 0.5422591091139035
 0.5369258056915409
 0.5388496182117131
 0.5461665916964538
 0.5379127894460631
 0.5420323196073908
 0.5296536436394933
 0.5387840434229216
 0.5335865368371693
 0.5416366755038792
 0.5803161078397761
 0.5624768394391708
 0.5647897266221236
 0.5671418467360965
 0.5602448945151599
 0.5604243025421404
 0.5559282944405207
 0.5590166698849243
 0.5580073243672928
 0.5602604983386168
 0.5608516998134807
 0.5597932734574121
 0.555322109098026
 0.55233940289455
 0.5521096134183139
 0.550177760971706
 0.5519447088800205
 0.5537542445267821
 0.5524945034020199
 0.5561447003515004
 0.5553208030451017
 0.5881670966153707
 0.5890168757074197
 0.5850931762152568
 0.5835721295556654
 0.5816965695820647
 0.5788886238588665
 0.5785713036387296
 0.5758946808942701
 0.5870251942995792
 0.5763191321065525
 0.5748852359095101
 0.5694327115653014
 0.5728618764319584
 0.5706763706850243
 0.5609368678945275
 0.5712908024921984
 0.5697625336212626
 0.5768058909468042
 0.5734051803618857
 0.5703767679092797
 0.5670324468327993
 0.569382044366195
 0.5631481460889656
 0.5639548034170865
 0.5623770447238237
 0.5612410058263534
 0.5627894453107515
 0.5659710087009321
 0.5617225552993699
 0.5956409082291303
 0.5937169555738853
 0.5845090590160336
 0.5854522307468475
 0.5702965801038191
 0.5704685111589984
 0.5783166071514206
 0.5832937443252991
 0.5812124212259536
 0.5784085318618613
 0.578832720650033
 0.5994665799788452
 0.5978136865636553
 0.5947149385495556
 0.5888425719701219
 0.5844934789756329
 0.5801764351307637
 0.5777475662242411
 0.5786579419831311
 0.5812164095258188
 0.5825170864189534
 0.5814033303237469
 0.5770210293271348
 0.5782465951871728
 0.6013419656357952
 0.5990774074027059
 0.5988498515897932
 0.5923312051375768
 0.5906803259181701
 0.5878260459219607
 0.5795158640748832
 0.5819750162090667
 0.5821929414470502
 0.5817885003477267
 0.5933597593304307
 0.5916635389046577
 0.5881682014707018
 0.6053903717106198
 0.6031136180978983
 0.6039947630070144
 0.6046901653873349
 0.603409945018976
 0.6052506886132695
 0.6015092987293797
 0.598021618218203
 0.5835331666513078
 0.5857044301785155
 0.5785777979325426
 0.5790977457815238
 0.58358495939138
 0.5902947094555928
 0.5887486962856538
 0.5903741564077287
 0.5891165308915076
 0.5877931757745167
 0.5905481898081155
 0.5891103942590874
 0.589264265036313
 0.4466325014768959
 0.5003382621203428
 0.5131564875467414
 0.5240036533392481
 0.519999158391904
 0.5311822618327267
 0.5364310076384731
 0.5399297959116791
 0.5394364143854662
 0.5482967681671155
 0.5535694632085078
 0.5651204381934789
 0.5591587909501561
 0.5531198736401948
 0.5551773121853828
 0.556313112264491
 0.5554885468222218
 0.5650601190029217
 0.5612747071552988
 0.5702950164688232
 0.5736096145864865
 NaN
 NaN
 NaN
 NaN
 NaN
 NaN
 NaN
 0.6127476292935778
 0.6236269697796841
 0.6051444172751335
 0.5977420289182634
 0.5993252832621971
 0.6043729161650675
 0.6066753699078365
 0.6009686077000014
 0.6007938694973221
 0.6224480867387933
 0.6166155602540453
 0.6137973328995404
 0.6024211917299986
 0.6042813312214167
 0.6105124185608966
 0.609251667365722
 0.614579886004508
 0.6115094306064067
 0.6079889222619994
 0.6136402558525844
 0.6345051406150983
 0.6369661417584843
 0.6295748821665634
 0.6253223774787571
 0.6296371346930472
 0.6202412394070913
 0.6253603982330329
 0.6235902340794162
 0.6230026822286414
 0.6271422293059616
 0.6371540942425764
 0.6337864786997838
 0.6320054884420593
 0.6323454876848246
 0.6248626378890224
 0.6134600481697137
 0.6143409550319708
 0.6155989910292766
 0.615758083221883
 0.6400791678291859
 0.6366801391915295
 0.6287567040481341
 0.6323298162548123
 0.6295250073554508
 0.6279694905427688
 0.6263795164227586
 0.6226030043040123
 0.6254409863683319
 0.6259646177626835
 0.6250244771099354
 0.6266511455089743
 0.6244127433059091
 0.6240893597827313
 0.6480229121722342
 0.6341909788307658
 0.630802184279798
 0.6356887119028315
 0.6372988163875577
 0.6332287952129596
 0.6360410227712928
 0.6359216402171037
 0.6229200997613515
 0.6225025144190151
 0.6471275545897133
 0.6476128615031576
 0.6391235898591878
 0.6410867352625524
 0.6374004932924997
 0.6349512220326325
 0.6376851420382771
 0.6494239615692787
 0.6210382098620638
 0.6174241840940067
 0.6210627719861921
 0.6139603612960068
 0.6060703497991871
 0.6502848982771484
 0.6475351204354243
 0.6483133013359029
 0.646807848329023
 0.6412983354123206
 0.6417566518553083
 0.6428586902933008
 0.6375473090014374
 0.6390180801923672
 0.638467265808479
 0.636848465914107
 0.6364619837519848
 0.6500933349755592
 0.6360850593697216
 0.631165110884061
 0.6351438898408607
 0.6343658826155715
 0.6377500371925846
 0.6326808884497119
 0.6322554628453206
 0.6357362298746577
 0.6378700380409134
 0.6495566910263059
 0.6434229517977847
 0.6431670924941975
 0.6393346675358146
 0.6429914928783728
 0.6418111147315004
 0.6450792438683094
 0.6530519980651049
 0.653052850211543
 0.6501553907733868
 0.6467004397385638
 0.6503772632941889
 0.644622297001056
 0.6434889438838891
 0.6494449483578194
 0.6342958496434408
 0.6310177355568412
 0.6334604785176479
 0.6421027570910296
 0.6520055650894039
 0.6390960427808809
 0.6405742380260931
 0.6399164127777646
 0.6453302126722912
 0.6546195472998102
 0.6449146432418982
 0.6434519226217332
 0.6437039375873974
 0.647783346864265
 0.6502980195703081
 0.6418313910853043
 0.644677228883882
 0.6385386266790628
 0.6528577613558155
 0.6495729720593819
 0.6434780232978613
 0.6337826448079752
 0.6437031626365916
 0.638665614531258
 0.6469095713211741
 0.6409812393198651
 0.6447557344969155
 0.6404531662429133
 0.6410288116734766
 0.6380233468214769
 0.6386264387008366
 0.6409062382501249
 0.642304747766361
 0.6515743550627802
 0.6480133103119875
 0.6390555133555778
 0.637251412918836
 0.6312648935207885
 0.6283791342532098
 0.6289085431850797
 0.6375376749515149
 0.6334150392082138
 0.6320801264428367
 0.6321110208184431
 0.6370566408362477
 0.6381460961473582
 0.6407665158413248
 0.6425848176680431
 0.6401782237688595
 0.6335159466867097
 0.6308932412469006
 0.6380996799644314
 0.6364735359677459
 0.6413560093292167
 0.6514633376276286
 0.6418114122159697
 0.6447107205671057
 0.646119566392221
 0.6458913839470715
 0.639441168451352
 0.6522841809821787
 0.6489923531772928
 0.6472417871878183
 0.6487344041651012
 0.6480849102657317
 0.6434480202217576
 0.6536791590280427
 0.6541413051233479
 0.6423993387603428
 0.6442944687747284
 0.653301216081416
 0.6500763507165684
 0.6487010035440639
 0.6399432566734863
 0.6411800898446126
 0.6504386388861116
 0.64614047144085
 0.6382647525343625
 0.6501863692415274
 0.6398007927061402
 0.6266851357402514
 0.6294630967071706
 0.6268200690539952
 0.6325587693286053
 0.6341872426301033
 0.6393649162965257
 0.6563911169837924
 0.6358077533702723
 0.6472804204511033
 0.6420735267373402
 0.6375385855708283
 0.6358467979888404
 0.6306345258559947
 0.6362578353977062
 0.6286111782504599
 0.6250146942042577
 0.6362359982132669
 0.6259385866671832
 0.6532829479490069
 0.6406011511736496
 0.6447471626001271
 0.6377004794666246
 0.6455708973415735
 0.640242358219187
 0.6349630949424804
 0.3935842318244311
 0.3841967583959603
 0.3925429420036991
 0.414171256057306
 0.5180717760415788
 0.5750181501086022
 0.5934534681961374
 0.5946031092653667
 0.5944699776603269
 0.5908849374864484
 0.5991945126853623
 0.5965645152070127
 0.6047760704010064
 0.6056262949603133
 0.6055374290194979
 0.605794547759287
 0.607459030315934
 0.6051905505226962
 0.6103969262300435
 0.6114425995061565
 0.5965072916846669
 0.6043119727146588
 0.6043177803564592
 0.6040931914065519
 0.6080878001294077
 0.6024900306081866
 0.605336663054298
 0.6110415314860373
 0.6151309002181098
 0.6165143434295626
 0.6388523223195197
 0.6253277103190532
 0.6236995558455272
 0.6039243748232983
 0.6024174297180312
 0.6030152969475236
 0.6028012917954677
 0.6069197809968516
 0.6228911413888818
 0.6194867367628005
 0.6191429536768162
 0.6208601392491671
 0.6481433368159158
 0.6476183279982873
 0.645335803035514
 0.6419519870475179
 0.6323669871387774
 0.6324465861254949
 0.6290939539934698
 0.6297314453356834
 0.6455053161533313
 0.6465538541574067
 0.6078935711212392
 0.6092855734940812
 0.6062311716427812
 0.6060873135098858
 0.607201338645118
 0.6083077117172174
 0.6087924560185926
 0.6048449858950972
 0.6076755950332321
 0.6457242397917907
 0.6346744398637448
 0.620617332982164
 0.631942159457433
 0.6382325004843051
 0.6388580927713887
 0.6399533522096577
 0.6395964153309184
 0.6390388044466804
 0.642539371225802
 0.6336287494794279
 0.6402778038491796
 0.6343950607220905
 0.6490170126391362
 0.6430495812207393
 0.6469801140423319
 0.6441431088812022
 0.648560237405378
 0.6427606281329389
 0.6439777715965935
 0.637369208485014
 0.6393579463563065
 0.6469967264152798
 0.6361766572326432
 0.632248080292695
 0.6368801186746632
 0.6395774507722459
 0.6409407848863413
 0.6408836406074111
 0.6360821010581577
 0.6356534097955869
 0.6419949328249286
 0.6416491014622849
 0.6422810687519156
 0.6037327827634718
 0.6017530653548797
 0.5980734152401628
 0.5990762040314878
 0.6153723175568665
 0.6171304520066306
 0.6245674019268846
 0.6202374758240674
 0.6229638099035933
 0.6194452289233975
 0.6235617935684861
 0.6220282229830071
 0.626291016049236
 0.6284505665731042
 0.645544792175525
 0.6482177472627297
 0.6508746792100573
 0.6414481624168189
 0.6341011598452619
 0.6342532399290783
 0.6352639407191623
 0.634847748421819
 0.628024103530694
 0.6365694242166328
 0.6346649184925705
 0.6332880879191617
 0.6412097832537349
 0.6422768505080504
 0.6431396992501306
 0.6494752223758942
 0.648124073070627
 0.6515673109359006
 0.642405232256244
 0.6373670559738478
 0.6360742260725109
 0.6369885847512651
 0.6443017766109942
 0.6526144768058362
 0.6416815164791991
 0.6435670598375378
 0.6492080254616081
 0.6462972847723831
 0.6416354328448135
 0.6199544381407577
 0.6316678513515382
 0.6313736417144924
 0.6258086023461062
 0.62949502761726
 0.6293310137321149
 0.6553510410183865
 0.6491963065205033
 0.6504588287100165
 0.6423200256889123
 0.6264447335164873
 0.6365799805297832
 0.6384460297300719
 0.635441400922615
 0.6374265633620647
 0.633362154565183
 0.636831924513124
 0.6549224920616468
 0.6413153249136803
 0.6164601368249814
 0.6389809171522385
 0.6174494240682054
 0.6181372150318756
 0.6178951591626383
 0.6197578517869041
 0.6263854178889702
 0.6289681481220908
 0.6273163303187086
 0.6258576341432577
 0.6607776088669366
 0.6571804909765916
 0.65457499265467
 0.6391656111908667
 0.6470299481231956
 0.6397627909715948
 0.642739541871346
 0.6572898405168818
 0.650211554011334
 0.6409520243916713
 0.6315582156232458
 0.6333234312472278
 0.640217166340139
 0.6380720402057437
 0.6586690244755202
 0.6601454016812175
 0.6536772905875202
 0.6506015210945778
 0.6313545909666789
 0.6361064280791255
 0.6404529825412263
 0.6301092975148072
 0.6316204610312081
 0.6259974971356328
 0.6619945889593886
 0.6525145945317232
 0.6556613278829108
 0.6204236621787064
 0.6206034997108212
 0.62076017535929
 0.6480062868942935
 0.6442230360092587
 0.6318245124955226
 0.6320188059548452
 0.6289781864915521
 0.6298682983411743
 0.6369882697817052
 0.6342204629685848
 0.6330212116199276
 0.6347806322622359
 0.6398353842838655
 0.6642903509706815
 0.6610529508076494
 0.650464348093114
 0.6469285515738824
 0.6470671087916313
 0.6461021885204044
 0.6466582104523068
 0.6446801950302374
 0.6424567616416914
 0.6631062075935257
 0.6604651173447067
 0.6532128246517739
 0.6408935030981388
 0.63642956795161
 0.6429034813861125
 0.6462449612147794
 0.6531984952277334
 0.6499075891377164
 0.6441207077723287
 0.6492496553796114
 0.6626532927618558
 0.6627074140724789
 0.6626465180660008
 0.661610574830481
 0.6570834555959885
 0.6559101140731494
 0.6483095819780671
 0.6469483667377816
 0.645706757584802
 0.6568273374762695
 0.6541765897141151
 0.6512491855095195
 0.6501512928284547
 0.6632236249313471
 0.6468517445778585
 0.6413739489000282
 0.643573554818995
 0.6480499188981229
 0.6497705448963013
 0.6505074555994339
 0.6517859133357752
 0.6483229248482067
 0.6498314933047123
 0.6508540436878942
 0.6664355652678463
 0.6621938515421704
 0.6631441467918406
 0.6595335664089103
 0.6484201059686139
 0.6507287191726293
 0.6576553513699307
 0.6465944203376311
 0.6432607714663785
 0.6460717351431448
 0.6616277431296973
 0.6501368086894411
 0.6397111826573127
 0.637464802455147
 0.6377071193976813
 0.6414270459264569
 0.6494950210804237
 0.6452510034378277
 0.6497252303389496
 0.6510218323039629
 0.6513890954312213
 0.6493455292949337
 0.6477897567908707
 0.6589822246785457
 0.6597466643682577
 0.6497319363982615
 0.65390532017928
 0.6542804775372609
 0.6549571534130079
 0.6528317265623148
 0.6490099095749722
 0.6453859416580208
 0.6499429630678591
 0.6486488990704109
 0.6514665996815158
 0.6472882560104363
 0.6516423786369197
 0.657528920959402
 0.6569312363468396
 0.6555600945475397
 0.6491553884788289
 0.636669275278994
 0.6482676883546727
 0.6457710368167741
 0.6391236494118204
 0.6387844240848626
 0.6441231637639859
 0.6425186435736449
 0.6378189859401507
 0.6375164169182881
 0.6331487211166914
 0.6538779057503931
 0.6432367764703297
 0.63947018777488
 0.6433910878208262
 0.6512407529504379
 0.6463237549107977
 0.6401694400171192
 0.6396741977651768
 0.6440930263658151
 0.6437229182129063
 0.6401730419974612
 0.6401839861224318
 0.6465855960285211
 0.6456222170506867
 0.6480004882968119
 0.646275798172254
 0.6450243576465344
 0.6455949337787611
 0.2938505933778104
 0.3078411360677282
 0.3036367864304332
 0.334121726238893
 0.3451242919122495
 0.3260335940665583
 0.3264373633221801
 0.3424069840828777
 0.3120097511672369
 0.311703441966227
 0.3258752426188943
 0.3460856678708505
 0.4431190332665578
 0.439950777101156
 0.4795399001662018
 0.4685765442307683
 0.4854950208657203
 0.4746962771228661
 0.494825881912239
 0.4962390178727868
 0.5005794784274558
 0.5058483712865679
 0.5169682407412597
 0.5200159108999757
 0.525714667029109
 0.5247805545311537
 0.5227484364977361
 0.5225778388190182
 0.5195479852968012
 0.5164544798854692
 0.5115707618309999
 0.5140747067104507
 0.5103548675207368
 0.5118515920354612
 0.5094691571210948
 0.5101347854891051
 0.5755364054512018
 0.5367037128760164
 0.5486397084166614
 0.5418524817510314
 0.5141439440460752
 0.5191010891500474
 0.5389396448493662
 0.5500511326425561
 0.5500633326222977
 0.5502658435952428
 0.5450830386753881
 0.5502017099112859
 0.5415696663739222
 0.5410799577696466
 0.5304066395987557
 0.5309977042638686
 0.5207839556821952
 0.5235078510638942
 0.5290311546683252
 0.5331468156357777
 0.5373965070989812
 0.5323439998556362
 0.5290042836171194
 0.5413059906068142
 0.5395764567546946
 0.5383708228065143
 0.5510840085756147
 0.5476913745651778
 0.5559994275289115
 0.5585655514903476
 0.5563813588121161
 0.5554558410991228
 0.5697011417032452
 0.5882104153606051
 0.5835918324837064
 0.5869036522343947
 0.5822505532310941
 0.5860147871138501
 0.584996717752327
 0.5837568880105447
 0.5781508905188117
 0.5812247079985536
 0.5878598973242065
 0.5833111178206934
 0.5805480571109796
 0.5668858723481461
 0.5010253025549687
 0.5372535375316539
 0.5498489395025873
 0.5735225139999932
 0.5615250068626583
 0.5613587625435104
 0.5742549787013461
 0.5767138023942987
 0.5681475156067911
 0.5650143627827705
 0.5831693861488814
 0.5687595918124223
 0.5673480663041937
 0.565586816929421
 0.5689013608900819
 0.6063710989595643
 0.5951018675981021
 0.5867679451094593
 0.5916328600621635
 0.5811092174173443
 0.5996580904621549
 0.6040790983705673
 0.6128936052605709
 0.610139730743166
 0.6179396451009967
 0.5930288589777687
 0.6114121455060256
 0.6178895364946861
 0.6140351494007943
 0.6219910789448526
 0.6208002818527319
 0.6182423377649976
 0.6179138333859739
 0.6174987133576175
 0.6185984125494943
 0.6189883267606047
 0.6300014613422
 0.6262299056414122
 0.6215966531750409
 0.6225118832176585
 0.620937421856342
 0.6139566118896782
 0.6068219020623475
 0.6168623539337849
 0.6167104181228968
 0.6268657508474573
 0.6202170634620673
 0.6206679006225758
 0.6261553732292695
 0.6254061573849902
 0.6257032567213234
 0.6266221267531691
 0.6304938921476098
 0.6427243307789527
 0.6429656715256976
 0.6263556200572818
 0.627450556896282
 0.6277142783937466
 0.6219220662049391
 0.6292364202750375
 0.6328669884245379
 0.6321076576966902
 0.6396343581219464
 0.6245849293947703
 0.6380115652477804
 0.6392427331589732
 0.6405495100666107
 0.6136892830114127
 0.6232117472585368
 0.6307989463251693
 0.6098969107796272
 0.6245112777976132
 0.6404701703947394
 0.6188836288718279
 0.6231411563421678
 0.6233019648126225
 0.6259496227069035
 0.6328923301691786
 0.6283186838388102
 0.6308689625528652
 0.6329702317326232
 0.6210986732175272
 0.6267899139912919
 0.6212230492433977
 0.6178587650365147
 0.6166497147810341
 0.6202414268746137
 0.6161690225603726
 0.6178595752450581
 0.6194075947102593
 0.6380178530476506
 0.6358905460144255
 0.6291215548441284
 0.6275895898588885
 0.6312324011205994
 0.6344434514391997
 0.6361408115438175
 0.6361507195776381
 0.6299413494869304
 0.6331629869502031
 0.6334306663574926
 0.6386334000590255
 0.6367348629206075
 0.640035537115345
 0.6414111830965391
 0.6354802211106361
 0.6433902340837266
 0.6352100549812015
 0.6325829043695042
 0.6448633162038572
 0.6431713067722711
 0.6415816694866902
 0.6360667278923643
 0.6333220990532336
 0.6351502272274672
 0.6314276106173093
 0.6340308831613487
 0.6489535647575783
 0.6428546667724546
 0.6441163895977307
 0.6433512268204762
 0.6395898483464252
 0.6398458061269892
 0.6397670174863375
 0.6174172052493717
 0.6251128463405211
 0.6142778052763016
 0.6223416515817904
 0.6175073325042705
 0.6130156110916767
 0.615630581432659
 0.6162038467396476
 0.6228090679130094
 0.6221579918238831
 0.622238404019499
 0.6292719552244245
 0.6287398438533212
 0.6361715988717624
 0.6279005564603339
 0.6353691730059874
 0.6227431650268971
 0.6295643206940339
 0.6272713504541291
 0.6246461631557457
 0.6317369512200619
 0.6379373795276898
 0.6393479139318015
 0.6387670436425825
 0.6372605166577096
 0.638745273165643
 0.6422393381605521
 0.6413546007165545
 0.6373103998783375
 0.6406393278485756
 0.6398978145619397
 0.6402569835528263
 0.6386649335088596
 0.6449391956449201
 0.6313639521653969
 0.6267378056119315
 0.6219928513466598
 0.6278584807598843
 0.6325871644790986
 0.6326974051571905
 0.6315176080253557
 0.6322190835060271
 0.6398902586278561
 0.6361889920703707
 0.6380127948014029
 0.6367211427752798
 0.6347700856146711


# name: mean_error
# type: matrix
# rows: 1345
# columns: 1
 1.473078745130385
 1.467884569921325
 1.464322941398981
 1.462503503248744
 1.455580307530491
 1.42172971420938
 1.400078745946651
 1.392732617802853
 1.370916504675645
 1.364129604636786
 1.363956199284444
 1.362655956952283
 1.366128599274673
 1.351897064570086
 1.349525791438378
 1.334580431807042
 1.337961927952399
 1.33308520302935
 1.320491650810292
 1.314263972460558
 1.297822375921648
 1.293715070897633
 1.291253120603635
 1.243861108530773
 1.245236187912969
 1.247990274675117
 1.2324601990336
 1.233736865441759
 1.234984115370571
 1.231813975917749
 1.251088506856875
 1.251244508674395
 1.244460798310367
 1.245329127258583
 1.235765892465771
 1.235251504846882
 1.235310828349428
 1.236558666425907
 1.236172306013832
 1.233542201072376
 1.269401470615923
 1.26328297674539
 1.260139647099488
 1.266541971561671
 1.267489075384341
 1.271818167829443
 1.272385792822304
 1.305265595048345
 1.302309298539443
 1.300118026355574
 1.290120735242801
 1.287742010555931
 1.289045336499153
 1.286766115877872
 1.287266687271849
 1.286121751077229
 1.287864628493901
 1.288591295678102
 1.283896643965189
 1.283518850292708
 1.282971012965739
 1.286961113217202
 1.287043542803686
 1.291617988152093
 1.291501203181824
 1.298543120159224
 1.296481079877742
 1.295031585566959
 1.295434036733484
 1.290785768415524
 1.246040153159381
 1.244854844862219
 1.232297471012927
 1.23547247351198
 1.229958919826828
 1.233723374858435
 1.230630767533273
 1.225518204083215
 1.225147114852102
 1.22973349331778
 1.228041168060702
 1.232825658805298
 1.229692908106855
 1.227747745691972
 1.22829228715219
 1.22650235862675
 1.229467196797666
 1.234473634657348
 1.233480790673913
 1.23309050605055
 1.24153733642616
 1.242996538533812
 1.246644274661319
 1.242404473400509
 1.248395447323253
 1.249090343194164
 1.238706559999866
 1.238479295851475
 1.238328900057387
 1.239877133078199
 1.244398477372405
 1.247376150452805
 1.245440034045203
 1.246666636377469
 1.245868852682694
 1.243708074811539
 1.236691818615854
 1.235404778481638
 1.23539922947157
 1.23725018079384
 1.23815975245813
 1.236883941263441
 1.235930491194554
 1.235591507261955
 1.23712993857043
 1.236748673617098
 1.236788472615384
 1.240693904577802
 1.241190134903571
 1.2380312158367
 1.241641794224643
 1.23338629793566
 1.22597819472798
 1.22049790850585
 1.219162186493949
 1.218618449215048
 1.220354097074277
 1.216303511850408
 1.216286703480706
 1.21674531915921
 1.216572683397976
 1.219700800168087
 1.220568262478707
 1.221518722377334
 1.218970569346767
 1.220990042011811
 1.22114817842329
 1.222064210098913
 1.221328547631771
 1.220686647036884
 1.223748298424128
 1.222323760719228
 1.220409964319706
 1.218122488514501
 1.220043860807883
 1.221136276463096
 1.221168679280469
 1.222434896423495
 1.223219463322537
 1.219456889352255
 1.241362284323677
 1.242397873468094
 1.234478003032631
 1.234815905452403
 1.226356122986678
 1.227633326870637
 1.226168779112831
 1.230942452562289
 1.227557854663564
 1.228199107489271
 1.229462530935439
 1.234627778863775
 1.232942660849124
 1.233399706521932
 1.246232965824735
 1.247074375291943
 1.246209868147178
 1.239827626767331
 1.241934985252899
 1.250439950243369
 1.250877751938087
 1.245698348822569
 1.238505818918953
 1.239757592978572
 1.252015746011765
 1.250578177809827
 1.258932219783798
 1.262891915407168
 1.263001219984888
 1.265790844449714
 1.280912752897307
 1.257893924042661
 1.252330780729241
 1.252972020320763
 1.255248411043051
 1.253316014762802
 1.255949236203321
 1.257169127615912
 1.257705686827087
 1.256206905559947
 1.255896681418613
 1.255977275151755
 1.247914148101017
 1.244458009807124
 1.233826435720057
 1.236015044934136
 1.236391458593568
 1.237419490371392
 1.235156051850056
 1.233808257370175
 1.233002099949857
 1.234707766956888
 1.232458400054724
 1.233943281777572
 1.231578959077844
 1.238801383724143
 1.238607897684424
 1.239115768311006
 1.24475853306712
 1.247062461500042
 1.247101999182087
 1.248629916120665
 1.249271665580908
 1.254674140099573
 1.255877158632156
 1.260969742904291
 1.26187804069478
 1.243569349844946
 1.245633599156353
 1.246684808116569
 1.249473388349566
 1.24315962119082
 1.243640724175085
 1.246370689621048
 1.245089367463689
 1.243412503177226
 1.242765444807465
 1.242698454408041
 1.23948392428894
 1.238420119536146
 1.238621925575484
 1.240184034550783
 1.249793903963715
 1.250890292999176
 1.252535515135939
 1.253089509426321
 1.258843176251101
 1.260272462995376
 1.2607804772209
 1.257946432107393
 1.25836622325774
 1.257529353045922
 1.259569311846562
 1.258607516052713
 1.259937119792131
 1.261144940760401
 1.259768255936788
 1.196705013152912
 1.196189638540772
 1.195644798625589
 1.195828101302765
 1.203520057608702
 1.204934009495153
 1.210105491113519
 1.207691391744943
 1.209757973761867
 1.20918243659945
 1.210086292926789
 1.211457396708059
 1.192637793649471
 1.195229137208548
 1.207669149282411
 1.206264693153644
 1.204376652781968
 1.205241071879173
 1.190944410508051
 1.194480788282272
 1.19557913788336
 1.197675684790589
 1.204235721484892
 1.208353747533838
 1.208016148126035
 1.207103455176521
 1.207893425171248
 1.205456229877654
 1.204386820325474
 1.200608548458882
 1.200044714262178
 1.201212947248415
 1.201189285750701
 1.199798078651856
 1.201718259516622
 1.197269758430046
 1.19471092048329
 1.195078305656474
 1.196139204334578
 1.194669376351409
 1.19570540032005
 1.193079994295136
 1.192801696185444
 1.182227377368261
 1.184744740000802
 1.182032906895362
 1.182846826444873
 1.187039850880867
 1.187607976062042
 1.181650986368393
 1.188222234647716
 1.196077007750368
 1.198428769751712
 1.200830554205236
 1.201737277707857
 1.196599771213019
 1.19223310211161
 1.187912106797892
 1.178606572855362
 1.178631586114516
 1.185039269214024
 1.18100881474405
 1.181519812056435
 1.189731493523266
 1.195568946879691
 1.195723911666891
 1.192408184719922
 1.191955801335845
 1.191293526273014
 1.19275082664526
 1.187041198132313
 1.197889239198476
 1.196773208137319
 1.197016513200382
 1.195466932207854
 1.191256198837613
 1.189145589719322
 1.187170468320662
 1.187743916004285
 1.182810363382824
 1.171572055179567
 1.169344640948671
 1.17011308361557
 1.169873848174344
 1.173387569663384
 1.175014624195805
 1.177193408060603
 1.179383166447469
 1.169556825502334
 1.174572008377004
 1.172709017522057
 1.178524190673412
 1.179481790296336
 1.181226136582788
 1.18498532344464
 1.179641771337756
 1.188255924633615
 1.184117151091527
 1.184197486041296
 1.185350428028626
 1.186441079623325
 1.186579937742176
 1.187531753173507
 1.182412078321
 1.180574240871429
 1.180427217514003
 1.181178727947506
 1.184400643647891
 1.175093505365818
 1.169190221793623
 1.16757306950362
 1.167789149556372
 1.172115715193969
 1.174020268150479
 1.175931358185082
 1.179362958007036
 1.180252456824415
 1.181793988728074
 1.184368881995542
 1.186368854693235
 1.176467143463716
 1.177156593927339
 1.178775967911547
 1.1793790343433
 1.178141539695701
 1.178436856061693
 1.178738869920911
 1.164868476183712
 1.175946860368645
 1.178588669942341
 1.179311556054272
 1.169246476590513
 1.168454866453837
 1.162528910730754
 1.161908283710166
 1.158951906343842
 1.170457636096616
 1.173427723198109
 1.170467745163676
 1.172747860917327
 1.175177694231692
 1.177156906254199
 1.177555945040719
 1.17745267164318
 1.178971899008052
 1.179497703155722
 1.176344832751949
 1.176585915858969
 1.174677208100039
 1.173886949874591
 1.172685125304899
 1.156853629208898
 1.152083882321658
 1.150585327183457
 1.149789515090672
 1.131098441860354
 1.134764615897308
 1.13450739761292
 1.132441367320146
 1.148925145589096
 1.140236863133088
 1.166146108802715
 1.149903910847113
 1.149693997774111
 1.157024287308119
 1.148371391457132
 1.145503277365223
 1.148702784251083
 1.151538918695007
 1.148685015091766
 1.156297199887215
 1.158077680799459
 1.13916210616317
 1.134235520811839
 1.128334752779526
 1.125485132845914
 1.128511228452821
 1.128766052547006
 1.133220510591796
 1.136716080917415
 1.141725570977694
 1.142416503318518
 1.137098670025714
 1.152445564917713
 1.15051785526023
 1.13881717565841
 1.140112568743691
 1.147030267253317
 1.145411063146977
 1.146698171543452
 1.146631946676429
 1.129683138976773
 1.127603518895352
 1.125249762937134
 1.12803648631493
 1.132362864823699
 1.135933515614825
 1.126507320159101
 1.125568908864833
 1.127906073244518
 1.12796585692888
 1.132216115757737
 1.134794787074145
 1.132005720250754
 1.150433274488778
 1.157426654484533
 1.144417713841001
 1.142949073073258
 1.14427710079387
 1.141976803116578
 1.140781178830056
 1.141493618778098
 1.138268637803832
 1.128667360903252
 1.133762818144922
 1.132268012460578
 1.132214502428444
 1.136297366368629
 1.134584972064163
 1.135731870045757
 1.121942565532349
 1.127210608752705
 1.119793013973607
 1.110478074207274
 1.098535559074955
 1.103053767782972
 1.095727916844245
 1.10717476171293
 1.118217267401059
 1.124108967530774
 1.115389940493582
 1.113709893340673
 1.118976193260315
 1.100933677846153
 1.101112689656582
 1.121746462310535
 1.125557704911122
 1.129203815789824
 1.130657024543581
 1.122947913233099
 1.125986279364157
 1.124979406672705
 1.127466225615895
 1.127936355952313
 1.115314308148482
 1.128838626750194
 1.122786189911504
 1.121218173259921
 1.122984723049858
 1.122894838956661
 1.118337608606838
 1.115766469377408
 1.108303946883535
 1.118652454539674
 1.112274199566423
 1.109646722678334
 1.1175071967361
 1.11450251608558
 1.124980743141694
 1.118639667883197
 1.125273876408658
 1.126488739829594
 1.120515392307874
 1.123118854582206
 1.112964041601439
 1.12224096082611
 1.114128133046572
 1.119040003705893
 1.112794301277306
 1.11825135442712
 1.120010096603643
 1.125045366349371
 1.118136805056956
 1.115537939101422
 1.108519022482463
 1.117965580032525
 1.118299597612351
 1.123086480829663
 1.210850444744899
 1.193378652387221
 1.175540558869862
 1.163512557240369
 1.161819139555926
 1.150966082577406
 1.144789424407387
 1.147330332874921
 1.151630285319747
 1.146772091841124
 1.152685347050734
 1.132198395101998
 1.132768851794093
 1.145656883827106
 1.149872978977314
 1.154388498155523
 1.149202955574257
 1.138943455925492
 1.13188275809507
 1.121406238563304
 1.119664595814208
 NaN
 NaN
 NaN
 NaN
 NaN
 NaN
 NaN
 1.105024081458969
 1.102704852519703
 1.104125812535334
 1.097328067902172
 1.095758395898527
 1.096752457491642
 1.096399477231395
 1.103121183188595
 1.101638431968343
 1.097925591473351
 1.091349394530102
 1.094459725936126
 1.100997517176991
 1.088205886820813
 1.105483232291196
 1.096632790555627
 1.097277415268427
 1.098606091451446
 1.102087410645102
 1.092815122524792
 1.093495841424982
 1.099273832596811
 1.08393375077301
 1.086568134952377
 1.088916408539961
 1.089273211079955
 1.086656503625223
 1.103419319686326
 1.098162320724555
 1.100136453916748
 1.090672582972268
 1.090289332080841
 1.089491154173125
 1.090376500702436
 1.082050764202908
 1.085268929113429
 1.089497052437445
 1.087180055611524
 1.087711228941928
 1.08843208158216
 1.090837658647166
 1.093785600048603
 1.096094663445742
 1.097675024489365
 1.096181278821803
 1.090080476586409
 1.08727342979161
 1.088925954348258
 1.086215280598828
 1.082886484855287
 1.084421601806092
 1.084548661542858
 1.081853268668418
 1.094930090143859
 1.091358879562386
 1.091449648771344
 1.095230590336622
 1.097003047241422
 1.092546294014199
 1.08787367683313
 1.086397739292691
 1.08413139725431
 1.082124731744917
 1.091125594089059
 1.086935367465447
 1.083817825760242
 1.082564166356818
 1.078985818803102
 1.079978476839916
 1.080742285077481
 1.083719848571939
 1.082032778392
 1.087825846584086
 1.093341796987672
 1.08575785638155
 1.08409767080931
 1.079899480720152
 1.077560345034462
 1.079352657270994
 1.075170998979622
 1.074834610230611
 1.073902600785411
 1.074837319150562
 1.074272695947033
 1.070512678661527
 1.074917947389052
 1.072514511916403
 1.073704731524121
 1.075713683439123
 1.083057187154799
 1.091170581851049
 1.082865418638892
 1.07829175071286
 1.079726560711163
 1.083049675895637
 1.080247652629659
 1.078050658857977
 1.073839160022121
 1.083347048695128
 1.079526652431813
 1.07377260733311
 1.077109902576692
 1.075910137536561
 1.080000983714413
 1.079908093410239
 1.075691591770362
 1.072527681442655
 1.076757668076174
 1.068499298941014
 1.071258059519151
 1.071750257874326
 1.071803456723212
 1.071786905761177
 1.077238977533771
 1.08094597735822
 1.078353630456928
 1.077585934191353
 1.074377049204169
 1.066587055720397
 1.063050842236074
 1.073844046305042
 1.07020987096242
 1.069321877082275
 1.062528984558933
 1.062901723933858
 1.066694608109362
 1.065900249992508
 1.070392898508483
 1.070216866802154
 1.067531445852583
 1.068045367293948
 1.075665717274033
 1.070479949431643
 1.069876672407571
 1.069548906273101
 1.071736279689449
 1.080270862771952
 1.076791148592632
 1.074999778938015
 1.074569582010447
 1.071256000755262
 1.069154277047365
 1.075830284370185
 1.071587580676387
 1.077283333436831
 1.079847275824138
 1.084054982903813
 1.072393437210515
 1.073987086278761
 1.074539953130349
 1.071212629630238
 1.085065127105811
 1.081372628046049
 1.069210934244537
 1.071648487169972
 1.075907764752781
 1.078155148309238
 1.074633292810592
 1.074284740986088
 1.071039147022873
 1.06818514417725
 1.066823117457408
 1.076220741855675
 1.069633274182177
 1.076075241087919
 1.070671077713362
 1.077019332120443
 1.067575382290015
 1.060490302740843
 1.061062235099121
 1.065139165869337
 1.057426470582629
 1.07044404182337
 1.063909911676567
 1.062322228911784
 1.057705667583475
 1.060524942783531
 1.058792616305759
 1.067662741159092
 1.063825100350417
 1.059815919601377
 1.060258583594383
 1.062284699881894
 1.065654167240141
 1.061716535770652
 1.06380116308938
 1.072513210635325
 1.073503618514817
 1.065575095962858
 1.057752116245787
 1.070827716186446
 1.06171898810143
 1.070227838378936
 1.063695952704733
 1.063364747317961
 1.072873164393912
 1.068707431299271
 1.068168584222553
 1.066558578336553
 1.060415074155745
 1.066860358473791
 1.056890358840797
 1.060740229399116
 1.065709377978936
 1.065719059631696
 1.060408818047283
 1.065890233713324
 1.070531077787298
 1.077742865516413
 1.068600625426221
 1.077579489237108
 1.059777751028003
 1.063475697473166
 1.06430826908832
 1.068272645290405
 1.066612477274993
 1.066715359461373
 1.072164661661273
 1.211673291172754
 1.21642133143867
 1.191839955278812
 1.193219476032288
 1.15437688303958
 1.09791304567049
 1.089306111578142
 1.088417183466831
 1.085618950608387
 1.086286721478028
 1.084474817045942
 1.084929510446939
 1.080982896226835
 1.082420079676228
 1.081856416472383
 1.084281938852087
 1.080262817803383
 1.083634690268267
 1.083761822640248
 1.087801599650297
 1.071023707922153
 1.065941763170055
 1.0696175323612
 1.070839085181068
 1.065312184329115
 1.067727020195299
 1.067842348119826
 1.069913558510217
 1.068610082400975
 1.075697789302283
 1.072534460057117
 1.06770768696655
 1.069690172582462
 1.088226498137387
 1.089106716907611
 1.090429537078633
 1.091141493604781
 1.076481167518177
 1.072538057103264
 1.072790902101691
 1.08171839937286
 1.07967665549416
 1.053066807028379
 1.055001903824188
 1.055201227362406
 1.0549260693003
 1.057670626927763
 1.061251758063368
 1.065356195890164
 1.065865682524775
 1.05817764712431
 1.06063489756592
 1.083766846735967
 1.088570689383042
 1.096569372776459
 1.097332956829724
 1.096657306769192
 1.099453898965756
 1.098011858047541
 1.094141728733816
 1.101616712206172
 1.067811702454116
 1.067326318820234
 1.083327955722133
 1.075779541845457
 1.071517844617347
 1.068726407512472
 1.069809458777368
 1.078365975838815
 1.076280474208137
 1.060815241130276
 1.069244384374784
 1.063530237301001
 1.070603315501878
 1.066500874607113
 1.060153692962983
 1.055191682168822
 1.053385153934546
 1.060686684007558
 1.0518108753344
 1.05678892615603
 1.051925993924731
 1.052786594457794
 1.053126086188304
 1.054805751609767
 1.05693163740944
 1.059875278052293
 1.065761590831622
 1.051802231844442
 1.058510501215689
 1.064563378600757
 1.066932907617286
 1.062530513803733
 1.057514017207146
 1.050290877504303
 1.088502680754289
 1.090970336442689
 1.093466671736929
 1.102509889167443
 1.086929456783552
 1.093058096362945
 1.074560432732135
 1.072973600832982
 1.074595597582884
 1.074695295114668
 1.076085877048811
 1.079323821276751
 1.073177965088267
 1.078221614413075
 1.060764560737668
 1.067914339308092
 1.068755201444357
 1.0674183620382
 1.065061855035297
 1.064238979158082
 1.066623697374111
 1.065491495276245
 1.070205578146631
 1.063503976846514
 1.057528012976516
 1.062962838506704
 1.057446001862363
 1.060520166524158
 1.076137051841008
 1.055279296624344
 1.060987355286839
 1.061323168426209
 1.075637355733377
 1.064508311221583
 1.066582757496883
 1.063689616350023
 1.065749339883306
 1.07005414194331
 1.075817888751426
 1.065090107850143
 1.056494039018891
 1.066019247011398
 1.078869767614572
 1.089991949653056
 1.087270753736381
 1.086310580027636
 1.093789406519403
 1.095874513393611
 1.097178363535851
 1.068698897646004
 1.07927155595381
 1.088641656673547
 1.084379640571531
 1.082492767913269
 1.084767851668098
 1.078968547217741
 1.081758562755274
 1.081419078199266
 1.08136603023872
 1.073419920321347
 1.071699807593253
 1.084264122868547
 1.103944880458597
 1.083404256990344
 1.100126250395689
 1.101082806557692
 1.098137686350598
 1.092582745039503
 1.085014023899336
 1.085936361679818
 1.085444850753167
 1.087420833289201
 1.069004512230928
 1.069526185523567
 1.063150649380481
 1.077117894649111
 1.065759739982501
 1.067367615158102
 1.063628582665943
 1.06606338769562
 1.066192871500616
 1.063171167531025
 1.063766051241148
 1.059492638921805
 1.061191573592587
 1.056834318773982
 1.063576208495515
 1.055051235785581
 1.053233862661991
 1.059733492465173
 1.069285867971063
 1.064004103604329
 1.061514130085187
 1.068143150851294
 1.069830360931378
 1.07283605776431
 1.063992050290122
 1.057258648357382
 1.082427004597587
 1.074553443323493
 1.082650132357173
 1.077207886219524
 1.075335626200225
 1.072961153368262
 1.076439245283678
 1.081863829097348
 1.08228907697948
 1.072705658344829
 1.07354409233289
 1.075530838397591
 1.069655908634484
 1.07058670853191
 1.059598005159323
 1.054457732486581
 1.057637618239134
 1.060700571753341
 1.05883042400697
 1.064773526984685
 1.06512401631563
 1.067910095425826
 1.066719392902553
 1.066304093201131
 1.057423007654298
 1.071491450157503
 1.076714438718458
 1.086426663646601
 1.079742447982145
 1.072263566031891
 1.071675183480392
 1.063337138751668
 1.061355045247059
 1.062704013983937
 1.052493459151292
 1.059743446101718
 1.058221806417547
 1.064622210414258
 1.062620749798453
 1.072656638308635
 1.064786566473465
 1.063964594020378
 1.069998950911281
 1.071256661419131
 1.071070941997948
 1.067538464222669
 1.069006412717119
 1.069486408760284
 1.073858463693608
 1.065547115591763
 1.057709938035102
 1.067288026557328
 1.062202031989335
 1.065012180150207
 1.060215219539629
 1.063522000887688
 1.065104398452191
 1.063076951788286
 1.066538386356167
 1.075794304116492
 1.080868924261954
 1.077152941056464
 1.067612663774767
 1.076095225295643
 1.06692644824063
 1.064566115617672
 1.071019493632546
 1.081107036734106
 1.079447782805156
 1.079860273802213
 1.074242904162758
 1.073132470737091
 1.065669521868652
 1.068863964225965
 1.076674028426524
 1.070820893523535
 1.070974693260145
 1.070600470545078
 1.072202198845427
 1.068406786492882
 1.060771414586304
 1.061883864144403
 1.078978892777291
 1.079769085221316
 1.082265705997468
 1.075838347459259
 1.074510695144537
 1.071170612522068
 1.063046953891502
 1.06032440591779
 1.062517941331574
 1.06867127520016
 1.066065677112427
 1.065412120382786
 1.062729360094117
 1.078356276979656
 1.068397282060722
 1.074578904835461
 1.069792023519069
 1.063018238271106
 1.054715463348771
 1.063438537723228
 1.053976937952883
 1.052189716585332
 1.052507164330633
 1.056394579575995
 1.055480577652187
 1.085474917888916
 1.075164953862554
 1.080751206048171
 1.061926228130079
 1.06909088368452
 1.072167758652399
 1.066600013076245
 1.061579201364028
 1.062853592720078
 1.058574823933434
 1.054751114562559
 1.055028959029566
 1.056690463514957
 1.080758218244382
 1.066231075177126
 1.060658518375378
 1.063633418044934
 1.070994853034954
 1.070309218079845
 1.064877254216822
 1.061719329229357
 1.270578781350026
 1.274666074300191
 1.27665851493908
 1.272040974123877
 1.26276856788557
 1.268597724296618
 1.260904970796307
 1.255319199940276
 1.261727483277792
 1.262986238398847
 1.262444532024491
 1.24879576627549
 1.186906910423844
 1.178930420386194
 1.160482879630156
 1.17495598451431
 1.157094664706428
 1.161186937999572
 1.145309237181467
 1.156815802622936
 1.150333105569749
 1.15237801602598
 1.147816598593063
 1.138173156690353
 1.14192200079946
 1.143247571571331
 1.144988219531819
 1.141638916372886
 1.142123649365171
 1.152096272861039
 1.15655392210977
 1.162387369618319
 1.162448414608466
 1.161711942177163
 1.167721467094168
 1.164455794219679
 1.133727909987835
 1.171003286519039
 1.16019461445846
 1.172431553392453
 1.183920884723445
 1.180179794496606
 1.163567259254382
 1.150558760583453
 1.152933810263536
 1.156703278668854
 1.159372937851772
 1.157159842996591
 1.161454945762404
 1.163755433185317
 1.167693249699073
 1.164182294770906
 1.165454787439611
 1.166816665155801
 1.152873723643006
 1.151884359645611
 1.149302955236309
 1.152736404732611
 1.154244947842901
 1.149873266107425
 1.146804010584729
 1.146230718700545
 1.145413081066753
 1.147098121865768
 1.141693470486094
 1.148320334711144
 1.147301721668065
 1.149507918748122
 1.143999707979915
 1.134842187628413
 1.130272581774615
 1.131735660707655
 1.130892488006614
 1.127229675424366
 1.126235081932802
 1.128232906269116
 1.151247161911178
 1.134073041687865
 1.13451342708932
 1.130846884212065
 1.122399936445049
 1.141680239720974
 1.162882186254903
 1.148803341158509
 1.140082412836976
 1.129781633871236
 1.119266150205607
 1.119588168350024
 1.122020344247147
 1.120703377865766
 1.118449511097876
 1.120496361277179
 1.125311531721513
 1.129307637156652
 1.126631086983178
 1.132178693855561
 1.119853004837749
 1.108391848682365
 1.122883107334348
 1.124417909589165
 1.121763596414948
 1.129967107243862
 1.126561675752467
 1.113414474763169
 1.107659523728387
 1.111296480956157
 1.10292662676677
 1.111370615706972
 1.117107229473113
 1.105606602604292
 1.108246623747069
 1.100540396632063
 1.10384729166911
 1.11202354067104
 1.118274967434405
 1.11929280245764
 1.116663066184764
 1.11620700761339
 1.105996701845363
 1.117159037133368
 1.101289245683266
 1.108630201864481
 1.111597835733582
 1.112912183278922
 1.116010140689959
 1.118023633711014
 1.090476584677458
 1.089324786525895
 1.084316925024581
 1.094957732141834
 1.104986043781194
 1.112879914875256
 1.119178313747078
 1.108376237103172
 1.117054143856062
 1.100883661142544
 1.098616780634802
 1.100303334547027
 1.101022276966639
 1.098738794587574
 1.103422404597981
 1.104238200582557
 1.109744550263563
 1.096372391093533
 1.108477761301792
 1.114009447595584
 1.102249163346697
 1.093069892232608
 1.094804585300134
 1.09623215569179
 1.096897177153832
 1.104985718036522
 1.110908665270027
 1.105338632643673
 1.105504141926547
 1.088984609844511
 1.095428203078898
 1.089538564225806
 1.084089752797881
 1.090892271962916
 1.093583747673865
 1.125200050983837
 1.106524101859202
 1.144091029262283
 1.105576435871283
 1.091940399560313
 1.092119038361747
 1.087429901575677
 1.08892600935837
 1.090402795693247
 1.090794771598378
 1.124296707508509
 1.105583951637809
 1.093606625997732
 1.090363184584687
 1.098934655206738
 1.096215851268829
 1.095153959856348
 1.096410238372562
 1.087359490117652
 1.118608441561359
 1.094401645096675
 1.09368302945183
 1.100129176893613
 1.096668481542266
 1.098179186543643
 1.10158695522103
 1.12214625589044
 1.124502444403213
 1.094579338487537
 1.093185436528327
 1.093966230571971
 1.09484867610834
 1.089265036835847
 1.105230091584749
 1.098822072549527
 1.092913706901009
 1.129271649239381
 1.115260940205676
 1.088234838426969
 1.099701065836238
 1.091984442107157
 1.092500155202537
 1.091801680034387
 1.088518168192489
 1.114701019127855
 1.086631493062917
 1.08615612422536
 1.095211735520214
 1.095695668314658
 1.092617215764351
 1.084900871488627
 1.086620746244049
 1.10365665144653
 1.105746354620168
 1.10762046108493
 1.102127650222874
 1.094365662073704
 1.090099498654808
 1.116139660742294
 1.116383561243445
 1.092639110575907
 1.101239411745946
 1.091037209130023
 1.087803541795874
 1.093758805528531
 1.087347620563047
 1.082320515446668
 1.082518010918789
 1.07557506514668
 1.077535396364943
 1.075492136556942
 1.077906832802009
 1.078495070988031
 1.072825321067812
 1.077982117391228
 1.082423348180646
 1.078968128432944
 1.073992175188374
 1.088180613902682
 1.088094927555442
 1.078220131849616
 1.076421338246601
 1.068812326430814
 1.084010345392731
 1.073184137513416
 1.075736271324837
 1.075063348447022
 1.074369753357284
 1.073521549032301
 1.069944434751731
 1.071856147995985
 1.071561101734328


# name: iter_improve
# type: matrix
# rows: 1345
# columns: 1
 1
 3
 28
 72
 125
 155
 196
 233
 238
 246
 264
 266
 270
 282
 289
 293
 375
 380
 425
 432
 447
 455
 621
 698
 700
 702
 704
 734
 742
 748
 756
 769
 771
 776
 796
 799
 917
 926
 931
 984
 993
 1000
 1001
 1002
 1004
 1013
 1020
 1021
 1022
 1026
 1036
 1039
 1041
 1052
 1065
 1071
 1083
 1100
 1252
 1282
 1288
 1303
 1336
 1348
 1369
 1760
 1797
 1881
 1939
 1976
 2000
 2009
 2022
 2030
 2033
 2034
 2041
 2043
 2047
 2057
 2069
 2079
 2084
 2087
 2088
 2090
 2114
 2115
 2131
 2138
 2159
 2168
 2193
 2199
 2258
 2271
 2300
 2315
 2324
 2333
 2335
 2339
 2381
 2392
 2406
 2414
 2456
 2474
 2484
 2494
 2525
 2605
 2623
 2629
 2705
 2811
 2828
 2900
 3000
 3010
 3017
 3019
 3071
 3079
 3093
 3113
 3175
 3182
 3210
 3266
 3273
 3278
 3282
 3291
 3296
 3302
 3323
 3487
 3507
 3545
 3575
 3579
 3664
 3678
 3688
 3795
 3851
 3944
 3956
 3973
 4000
 4017
 4021
 4032
 4042
 4049
 4059
 4120
 4124
 4180
 4199
 4223
 4229
 4239
 4345
 4354
 4363
 4383
 4409
 4453
 4536
 5000
 5029
 5087
 5105
 5110
 5111
 5116
 5122
 5135
 5152
 5153
 5168
 5179
 5278
 5312
 5322
 5343
 5362
 5522
 5613
 5771
 6000
 6034
 6117
 6158
 6159
 6201
 6204
 6208
 6210
 6236
 6246
 6317
 6357
 6373
 6374
 6404
 6533
 6597
 6608
 6676
 6770
 6796
 6963
 6976
 6980
 7000
 7011
 7015
 7029
 7036
 7042
 7067
 7088
 7102
 7146
 7173
 7299
 7438
 7540
 8000
 8007
 8034
 8043
 8129
 8134
 8164
 8268
 8365
 8385
 8610
 8643
 8650
 8658
 8796
 8879
 9000
 9002
 9013
 9025
 9031
 9086
 9108
 9116
 9184
 9195
 9226
 9457
 10000
 10001
 10006
 10023
 10026
 10033
 10040
 10041
 10043
 10068
 10076
 10089
 10090
 10099
 10163
 10198
 10208
 10231
 10232
 10242
 10243
 10259
 10266
 10279
 10301
 10302
 10311
 10352
 10353
 10355
 10365
 10379
 10508
 10539
 10596
 10620
 10791
 11000
 11004
 11017
 11030
 11032
 11051
 11071
 11076
 11111
 11135
 11164
 11244
 11264
 11272
 11298
 11357
 11382
 11393
 11424
 11522
 11557
 11562
 11649
 11658
 11751
 11791
 11793
 11899
 11958
 11962
 12000
 12020
 12030
 12033
 12039
 12042
 12043
 12045
 12053
 12081
 12115
 12120
 12147
 12293
 12306
 12336
 12342
 12345
 12357
 12388
 12401
 12490
 12528
 12561
 12681
 12697
 12749
 12828
 12901
 12903
 13000
 13001
 13008
 13031
 13052
 13073
 13102
 13127
 13203
 13217
 13228
 13255
 13271
 13288
 13428
 13511
 13625
 13901
 14000
 14014
 14058
 14061
 14115
 14129
 14144
 14146
 14160
 14181
 14194
 14210
 14216
 14233
 14240
 14261
 14271
 14289
 14402
 14490
 14589
 14718
 14770
 14876
 15000
 15003
 15020
 15025
 15026
 15034
 15048
 15080
 15085
 15105
 15123
 15127
 15135
 15222
 15228
 15293
 15587
 15861
 15939
 16000
 16032
 16055
 16067
 16092
 16100
 16133
 16143
 16152
 16214
 16462
 16550
 16605
 16642
 16736
 16852
 16857
 16863
 16866
 16891
 16910
 17000
 17009
 17055
 17074
 17083
 17115
 17139
 17148
 17183
 17191
 17248
 17335
 17493
 17504
 17549
 17606
 17685
 17702
 17728
 17729
 17759
 17765
 17768
 17792
 17802
 17846
 17924
 17942
 17973
 18000
 18027
 18038
 18076
 18086
 18196
 18230
 18237
 18403
 18411
 18699
 19000
 19004
 19117
 19226
 19239
 19247
 19292
 19367
 19485
 19556
 19682
 19855
 19927
 20000
 20006
 20037
 20042
 20124
 20254
 20267
 20295
 20393
 20637
 20734
 20882
 20884
 21000
 21002
 21019
 21047
 21123
 21190
 21196
 21213
 21225
 21241
 21245
 21261
 21263
 21293
 21546
 21768
 21877
 21888
 21912
 21916
 21957
 22000
 22001
 22007
 22015
 22019
 22064
 22074
 22085
 22104
 22113
 22116
 22119
 22137
 22144
 22217
 22309
 22353
 22386
 22507
 22584
 22585
 23000
 24000
 25000
 26000
 27000
 28000
 29000
 30000
 30081
 30110
 30212
 30289
 30332
 30337
 30365
 30503
 31000
 31039
 31067
 31078
 31111
 31144
 31145
 31181
 31224
 31383
 31887
 32000
 32004
 32061
 32074
 32301
 32335
 32639
 32904
 32938
 32941
 33000
 33001
 33047
 33065
 33088
 33101
 33128
 33424
 33899
 34000
 34022
 34036
 34111
 34120
 34128
 34159
 34184
 34371
 34397
 34442
 34521
 34561
 34679
 35000
 35001
 35007
 35027
 35067
 35136
 35218
 35228
 35493
 35505
 36000
 36001
 36072
 36126
 36524
 36548
 36863
 37000
 37001
 37283
 37329
 37351
 37611
 38000
 38017
 38052
 38491
 38565
 38568
 38664
 38762
 38767
 38809
 38957
 38995
 39000
 39008
 39025
 39228
 39577
 39765
 39800
 39855
 39861
 39901
 40000
 40003
 40126
 40150
 40499
 40509
 40589
 41000
 41064
 41094
 41122
 42000
 42001
 42043
 42148
 42405
 42426
 42701
 42858
 43000
 43012
 43014
 43143
 43147
 44000
 44003
 44024
 44041
 44052
 44057
 44063
 44159
 44221
 45000
 45001
 45011
 45024
 45033
 45058
 45218
 45436
 45487
 45489
 45492
 45670
 45872
 45902
 45948
 46000
 46007
 46009
 46023
 46058
 46069
 46081
 46176
 46193
 46196
 46214
 46300
 46333
 46339
 46353
 46390
 46786
 46806
 46835
 46919
 46925
 47000
 47006
 47044
 47129
 47381
 47737
 48000
 48003
 48036
 48163
 48596
 48948
 49000
 49025
 49079
 49149
 49209
 49309
 49734
 49852
 49909
 50000
 50019
 50046
 50098
 50319
 50332
 50472
 50544
 50619
 50698
 50965
 51000
 51002
 51035
 51077
 51116
 51158
 51174
 51208
 51222
 51299
 51958
 51979
 52000
 52036
 52070
 52150
 52160
 52183
 52437
 53000
 53002
 53005
 53006
 53007
 53011
 53017
 53020
 53036
 53037
 53051
 53054
 53064
 53079
 53082
 53122
 53166
 53187
 53213
 53277
 53283
 53305
 53309
 53321
 53405
 53424
 53481
 53806
 53809
 53877
 54000
 54001
 54011
 54048
 54144
 54182
 54396
 54581
 54668
 54735
 54806
 54949
 55000
 55001
 55017
 55023
 55079
 55163
 55306
 55341
 56000
 56013
 56018
 56061
 56134
 56154
 56158
 56187
 56213
 56309
 56334
 57000
 57002
 57004
 57010
 57016
 57053
 57189
 57307
 57415
 57444
 57460
 57677
 57888
 58000
 58009
 58043
 58101
 58250
 58271
 58326
 58444
 58885
 59000
 59006
 59007
 59011
 59018
 59026
 59094
 59133
 59181
 59485
 59818
 60000
 60004
 60009
 60023
 60038
 60039
 60070
 60129
 60195
 60257
 60280
 60325
 60350
 60914
 60962
 61000
 61005
 61015
 61031
 61041
 61048
 61081
 61104
 61158
 61173
 61175
 61338
 61681
 62000
 62005
 62008
 62009
 62036
 62066
 62080
 62174
 62941
 63000
 63013
 63067
 63579
 64000
 64002
 64006
 64016
 64022
 64097
 64267
 64472
 64731
 65000
 65012
 65057
 65058
 65059
 65066
 65085
 65113
 65141
 65153
 65240
 66000
 66008
 66014
 66017
 66052
 66072
 66117
 66238
 66644
 66719
 66819
 66978
 67000
 67007
 67012
 67034
 67040
 67041
 67676
 68000
 68008
 68009
 68161
 68425
 68799
 68875
 69000
 69003
 69004
 69026
 69061
 69073
 69081
 69094
 69543
 69979
 70000
 70007
 70011
 70033
 70034
 70047
 70069
 70074
 70096
 70102
 70107
 70582
 70787
 70797
 70811
 70905
 70963
 71000
 71003
 71005
 71026
 71129
 71134
 71192
 71515
 71791
 72000
 72016
 72022
 72028
 72046
 72237
 72347
 72452
 72507
 72680
 72821
 73000
 73013
 73086
 73126
 73139
 73143
 73490
 73524
 73654
 73664
 73739
 73865
 73929
 74000
 74011
 74019
 74021
 74029
 74047
 74077
 74097
 74182
 74187
 74821
 75000
 75008
 75012
 75074
 75095
 75107
 75115
 75125
 75207
 75658
 76000
 76005
 76025
 76027
 76097
 76116
 76120
 76193
 76203
 76215
 76396
 76851
 76852
 77000
 77005
 77007
 77009
 77023
 77032
 77034
 77086
 77089
 77133
 77245
 77281
 77674
 78000
 78001
 78008
 78062
 78096
 78172
 78220
 78269
 78320
 78506
 78579
 78629
 79000
 79001
 79005
 79007
 79033
 79077
 79219
 79306
 79334
 79465
 79575
 79634
 79695
 80000
 80005
 80056
 80089
 80113
 80121
 80560
 80905
 81000
 81003
 81009
 81013
 81021
 81022
 81023
 81024
 81025
 81029
 81031
 81033
 81034
 81035
 81037
 81041
 81042
 81047
 81087
 81092
 81102
 81105
 81115
 81118
 81125
 81157
 81237
 81287
 81293
 81318
 81322
 81336
 81835
 81874
 81881
 81899
 82000
 82002
 82021
 82025
 82041
 82043
 82059
 82063
 82064
 82071
 82081
 82097
 82100
 82107
 82108
 82164
 82165
 82169
 82183
 82206
 82213
 82300
 82397
 82871
 82979
 83000
 83007
 83043
 83105
 83134
 83449
 83450
 84000
 84004
 84006
 84023
 84062
 84109
 84166
 84371
 84495
 84774
 84809
 84923
 84981
 85000
 85003
 85046
 85085
 85096
 85136
 85139
 85179
 85218
 85280
 85996
 86000
 86014
 86052
 86205
 86944
 87000
 87004
 87019
 87334
 87381
 87484
 88000
 88016
 88025
 88035
 88298
 88300
 88305
 88307
 88327
 88435
 88471
 88519
 88584
 88836
 88849
 89000
 89005
 89107
 89109
 89115
 89127
 89169
 89174
 89178
 89205
 89209
 89215
 89231
 89517
 89591
 89712
 89800
 90000
 90002
 90006
 90155
 90159
 90178
 90247
 90482
 90783
 91000
 91008
 91015
 91036
 91043
 91055
 91066
 91086
 91100
 91117
 91137
 91146
 91184
 91265
 91281
 91427
 91441
 92000
 92019
 92028
 92048
 92134
 92148
 92213
 92449
 92474
 92539
 93000
 93004
 93038
 93063
 93065
 93073
 93392
 93412
 93826
 94000
 94003
 94022
 94052
 94058
 94160
 94601
 95000
 95003
 95006
 95020
 95115
 95134
 95198
 95228
 95259
 95284
 96000
 96012
 96013
 96016
 96161
 96222
 96555
 96798
 97000
 97002
 97003
 97027
 97029
 97047
 97056
 97063
 97082
 97095
 97182
 97237
 97333
 97458
 98000
 98001
 98011
 98026
 98045
 98068
 98078
 98082
 98154
 98214
 98291
 98697
 98701
 98716
 98717
 98719
 98793
 98825
 98838
 98994
 99000
 99001
 99005
 99015
 99019
 99021
 99025
 99029
 99092
 99139
 99228
 99413
 99521
 99791


# name: optim_start
# type: scalar
698


# name: optim_steps
# type: matrix
# rows: 1
# columns: 100
 24 42 71 119 151 172 193 218 232 248 260 297 327 357 375 399 418 439 468 479 492 505 526 547 548 549 550 551 552 553 554 563 574 584 593 607 617 624 630 642 652 659 663 671 676 685 700 721 727 733 742 753 765 772 802 814 822 833 846 855 866 881 894 903 907 916 927 939 946 953 963 980 989 1000 1013 1024 1034 1047 1060 1072 1085 1093 1129 1154 1161 1174 1185 1190 1196 1211 1228 1237 1254 1264 1273 1280 1290 1298 1312 1332


# name: VPVP_params
# type: scalar struct
# ndims: 2
 1 1
# length: 8
# name: lambda
# type: scalar
300000000


# name: downsample
# type: scalar
10


# name: MaxIter_X
# type: scalar
200


# name: MaxIter
# type: scalar
50


# name: optTol_X
# type: scalar
1e-06


# name: progTol_X
# type: scalar
1e-10


# name: optTol_aW
# type: scalar
0.0001


# name: progTol_aW
# type: scalar
1e-07




