# Created by Octave 3.8.1, Sun Jan 07 07:59:30 2018 ART <gabrevaya@ws13.labo2>
# name: y_start
# type: matrix
# rows: 10
# columns: 1
 1.678557116797082e-05
 -1.383245969713618e-05
 5.115122981634771e-06
 2.72611495003591e-06
 5.411871526114932e-06
 -1.147320737352655e-05
 2.862383063426906e-05
 -3.868663806499911e-07
 -5.722549192437029e-06
 1.530957337566777e-05


# name: alphas
# type: cell
# rows: 1
# columns: 3
# name: <cell-element>
# type: matrix
# rows: 10
# columns: 1
 0.7903545289817205
 0.6354338447830407
 1.486434873978261
 -0.1294988676085962
 0.555328068007963
 0.1610114323189916
 1.102957817406649
 0.886824241340281
 0.4020559865663789
 0.8199102589389526



# name: <cell-element>
# type: matrix
# rows: 10
# columns: 1
 0.7716138899500381
 1.068400578004379
 1.299672723130671
 0.9538201336133429
 1.083637633320795
 1.594224145266776
 1.417900783228842
 0.4923796268146569
 1.058859337667321
 1.144932152307357



# name: <cell-element>
# type: matrix
# rows: 10
# columns: 1
 10.70107228578271
 10.95743831550065
 11.31186080228304
 12.93264535384233
 11.61742507628375
 10.48325301456107
 10.30808798390646
 11.36025250879739
 11.42460808253542
 11.5306462616752





# name: W
# type: matrix
# rows: 10
# columns: 10
 0.05845733566311389 -0.2283414612645279 0.648975754372809 0.03039722112359607 -0.02970840172934563 -0.01076569673089685 -0.1947654261582639 -0.5863060815835077 -0.6914103674985488 0.5065973975439
 0.1119440334019733 -0.1291814520052594 -0.008667035146628746 -0.06031492096142265 -0.01732880707664106 -0.139825886766781 -0.3770971341854393 0.01500318584158992 0.3024699773115082 -0.1679055029176832
 -0.2053941707340378 -0.07484498998870409 -0.3161858249531804 0.09415509700254976 0.5807931512015437 0.227366449959775 0.2207071262633654 0.2351831959156455 1.150671351637871 -0.3121350262045977
 -0.4914995482069192 -0.1699247274030271 0.6170796609573627 0.2327285341706739 0.6108539782597081 0.3071022146526084 -0.2671086650501135 -0.08543223535576888 0.3691530202135823 0.3121906334876747
 0.2382101228637049 -0.3577200259597212 0.02152017262796285 0.4600973679589871 0.09247395883876848 0.3379360321969522 0.8330058164515027 -0.600417076377579 -0.2956876641353837 -0.278955763477017
 0.2735437350344611 -0.04198690798634711 0.05444144318330507 -0.2693229728711445 -0.01382916062190984 -0.04703311756668425 -0.3161080255995015 -0.3370411554660056 0.1614362978875371 0.1196166810707772
 0.2165299423207658 0.08636584355274979 0.1287462431427203 -0.3185785720512088 -0.2058756308795646 -0.07170401804327432 -0.2865253822538713 -0.2406500444045855 -0.1183420491084301 0.8250703858998056
 -0.3867711680671995 -0.02640761714299518 0.3293368584085832 -0.1930729773081637 -0.0898441882904556 0.1740334326638023 -0.3336742101658765 -0.4055215168062974 -0.1441157257670042 0.7801496969358602
 0.2216794813271185 0.02548618024409574 0.05970503974408466 -0.3291709398492622 0.08721215531699948 0.2516042928798313 -0.09406464883011996 -0.5373818915895368 -0.04326188260910915 0.7383734564868347
 0.2268003569047059 0.1253968580231808 -0.3862807988812231 -0.2474496627178256 -0.3546158640353002 -0.2565132178207269 -0.359830331790525 0.27651887585814 0.5656644871572083 -0.9053337612409217


# name: iter
# type: scalar
100000


# name: c
# type: matrix
# rows: 1
# columns: 10
 NaN NaN NaN NaN NaN NaN NaN NaN NaN NaN


# name: mean_corr
# type: matrix
# rows: 346
# columns: 1
 -0.04575014930473044
 -0.04187302369823223
 -0.03734521961530998
 -0.06100369676586372
 -0.04739430943265538
 -0.01330901436811814
 0.02343196503978234
 0.03543631511892797
 0.05100955332822281
 0.07230247722938783
 0.07233358236350571
 0.08439273887316232
 0.1036904671069739
 0.1038717993937375
 0.1043487888924339
 0.3581453040137849
 0.3587047455714683
 0.3560266774220952
 0.3574221955364438
 0.3437622923853799
 0.3460080913492913
 0.3369431073887119
 0.3220548005572944
 0.3245041393768343
 0.3182855174091264
 0.3205645757258709
 0.3164093170180319
 0.3038168657440304
 0.3111722850360242
 0.3077872667149269
 0.3163901644844386
 0.3190360780115443
 0.3200156137988606
 0.3231758931094627
 0.3226205980499506
 0.339716160360214
 0.3229660357234351
 0.326131119303823
 0.3278038052982102
 0.3192099646887691
 0.3180310392826624
 0.3038952424203909
 0.303803338883534
 0.3070228460572355
 0.3042827787643077
 0.303072746606185
 0.3056069389442992
 0.3061639860270801
 0.3095783183338646
 0.3012719537549641
 0.2960331451443892
 0.4694951192951916
 0.4505226269690999
 0.4513435505545297
 0.444624023016151
 0.4457432064639044
 0.4418403464114539
 0.4333353185746542
 0.4293437717111052
 0.4276101264005779
 0.4278609420746203
 0.4262519730730652
 0.4244363026668639
 0.4279084295478276
 0.42361364249623
 0.4173492466449045
 0.4069770351266612
 0.4083874642819205
 0.4148363734233982
 0.4129711580140661
 0.4096073891455331
 0.409917936702256
 0.4074184246036979
 0.4113177392410032
 0.4101802301650849
 0.4086229704480199
 0.4088660269130443
 0.4061616871082693
 0.4093767863709207
 0.4113476202539105
 0.4051645652097207
 0.4042239555487873
 0.4056855770366126
 0.4064118187153415
 0.4072606569872758
 0.4816052625791712
 0.4674705201989064
 0.4711423900324176
 0.4768010054216705
 0.4561452311485875
 0.4619085214762898
 0.4576201253436465
 0.448721988890099
 0.4523321734295985
 0.4454834895180939
 0.4417876798914365
 0.4406511972625433
 0.4416237286812761
 0.4418376469422374
 0.4408889489931805
 0.447781526224824
 0.4458011259363329
 0.4470567194933726
 0.4433174400708789
 0.4445913674742295
 0.4453948798501849
 0.4224515430708154
 0.4235716593272094
 0.4236003184716464
 0.4256645446082413
 0.4185625970749373
 0.4238361486037011
 0.4117124553113949
 0.4063098297579559
 0.4028848934037002
 0.3975154654297933
 0.4028974172781689
 0.4073031849851844
 0.4077782583927044
 0.406126652200358
 0.4090691391733771
 0.4063507625131593
 0.4039457651347605
 0.4024805932803804
 0.4997055376933213
 0.4987061602492375
 0.4990682210471981
 0.4810315388519081
 0.5022519868535748
 0.4962957874669766
 0.4677757808235513
 0.4850748980318832
 0.4846443317044871
 0.4808300374033846
 0.4766235305593112
 0.4434269044701059
 0.4424292980236513
 0.4959700651647644
 0.5023448375896533
 0.4835914155059077
 0.484005122334665
 0.4854625199551103
 0.4935677457467881
 0.4932534721872467
 0.4815964168093791
 0.4981387868004098
 0.4933611385878982
 0.4937870027872077
 0.4573084757170303
 0.4717485486715615
 0.4517874101921926
 0.4525833296011145
 0.4601646099077347
 0.449897439678406
 0.456340262727592
 0.4695521704381421
 0.4683450444682503
 0.4684820161582464
 0.464530390527822
 0.4629104265173839
 0.4602898566341628
 0.4591858981977545
 0.4652881361219207
 0.4589485378803327
 0.461933685686262
 0.4731193508640859
 0.456475477537411
 0.5018100104644539
 0.4639092190776641
 0.4650857636807479
 0.5144474413198991
 0.497216428542999
 0.4978251310414968
 0.4941342332345444
 0.4902605086127626
 0.4898468201182672
 0.4930654036846819
 0.4751602709063355
 0.4522077864328943
 0.4602796910223851
 0.468928237735344
 0.4721163240748384
 0.4495042250554463
 0.518583240949111
 0.5212074237970994
 0.5247800838919994
 0.4914380287031504
 0.5104499546965375
 0.5016538744318488
 0.5119390578184329
 0.5045840285710352
 0.503103675331708
 0.4862832171967602
 0.4874496710023343
 0.4845629377137567
 0.5055676209087132
 0.5048891436189407
 0.4983411440850428
 0.4976269423419944
 0.4932484088099745
 0.4928006039570912
 0.4734681862627474
 0.4718810616214867
 0.4853844390057793
 0.4771020429748187
 0.4774429514685025
 0.4699291350769846
 0.4747386971973288
 0.4746508807958372
 0.4774597443328469
 0.4684342131045236
 0.4503602405697138
 0.4513548633180007
 0.4340702985080654
 0.4308141626780849
 0.4291744257706361
 NaN
 NaN
 NaN
 NaN
 NaN
 NaN
 NaN
 NaN
 0.5350614018484994
 0.5070536593303672
 0.4682925279359211
 0.4930215738533703
 0.4946620654681809
 0.4857021085642034
 0.4797382031939333
 0.4887404712605964
 0.4844527060435289
 0.4861340725005451
 0.4892249436492349
 0.4875420703570085
 0.5172049386666309
 0.5123307035606641
 0.5069163186216615
 0.5007849959802121
 0.4982761875556919
 0.4841580215487521
 0.4833795014131739
 0.4931136702219009
 0.4920927031853182
 0.4944840188209819
 0.4810668471703646
 0.5422350626004928
 0.528508910298456
 0.5332534407434057
 0.5305192860611643
 0.5294549615385394
 0.5166926782915721
 0.5259355254469291
 0.4995216105823356
 0.5033002198825469
 0.4924651528052
 0.4927681058776898
 0.5000741522299996
 0.4950354564184051
 0.4946188246059755
 0.4867106732902118
 NaN
 NaN
 NaN
 NaN
 NaN
 NaN
 NaN
 NaN
 NaN
 NaN
 NaN
 NaN
 NaN
 NaN
 NaN
 NaN
 NaN
 NaN
 NaN
 NaN
 NaN
 NaN
 NaN
 NaN
 NaN
 NaN
 NaN
 NaN
 NaN
 NaN
 NaN
 NaN
 NaN
 NaN
 NaN
 NaN
 NaN
 NaN
 NaN
 NaN
 NaN
 NaN
 NaN
 NaN
 NaN
 NaN
 NaN
 NaN
 NaN
 NaN
 NaN
 NaN
 NaN
 NaN
 NaN
 NaN
 NaN
 NaN
 NaN
 NaN
 NaN
 NaN
 NaN
 NaN
 NaN
 NaN
 NaN
 NaN
 NaN
 NaN
 NaN
 NaN
 NaN
 NaN
 NaN
 NaN
 NaN
 NaN
 NaN
 NaN
 NaN
 NaN
 NaN
 NaN


# name: mean_error
# type: matrix
# rows: 346
# columns: 1
 1.466133897253314
 1.469201541066461
 1.467360977383996
 1.464199431027052
 1.459072403221903
 1.438669073424553
 1.406797905545492
 1.40954071164736
 1.383406704747006
 1.371284186076813
 1.366411412695862
 1.354177248983647
 1.340614680337145
 1.335329358335911
 1.334978509658413
 1.26654530813749
 1.269826678042059
 1.262221305836935
 1.265240025845846
 1.272868518889961
 1.293346807035496
 1.29781020008595
 1.302564144608227
 1.298547396719237
 1.292758906001295
 1.292375725808539
 1.299547733350936
 1.301287983925314
 1.302962169047706
 1.295584515954016
 1.293232529511244
 1.289739498047453
 1.301711135296411
 1.302272312057118
 1.299760936958083
 1.292118077174258
 1.302544379811235
 1.309562550855677
 1.309505852991507
 1.312736547806249
 1.313183896180824
 1.319676925612812
 1.326710740391709
 1.327654421240357
 1.335003125539481
 1.328038862887669
 1.320294310141048
 1.320171555084314
 1.315539231761257
 1.325275799948923
 1.328445928063526
 1.216316632443172
 1.22570741914586
 1.22595396311436
 1.232773713567426
 1.230538218353446
 1.221696038576294
 1.233146213406358
 1.246198215512726
 1.249937037475519
 1.247514206845696
 1.249593972541247
 1.248314348067066
 1.260578756279877
 1.27010699973139
 1.275612029557502
 1.285342789740931
 1.282821017742231
 1.266920029253659
 1.267899694979744
 1.271403647917964
 1.264245585063623
 1.267975501973175
 1.26449851362934
 1.268138151999661
 1.263417853013558
 1.27019721556251
 1.273553149997353
 1.271519096863094
 1.265408311028975
 1.27148377580268
 1.273771508466236
 1.269911505800452
 1.269925615855547
 1.267600761122723
 1.211840649869303
 1.210866122415999
 1.204287244238055
 1.209279448578546
 1.244589809364079
 1.22938255167132
 1.238690967333204
 1.246980573663084
 1.236681402346437
 1.2236601362669
 1.240284661201987
 1.241419118576091
 1.230382084100427
 1.231577410311645
 1.229326824547826
 1.22610998496215
 1.227441255275478
 1.222004940457109
 1.21685625570455
 1.221771030724742
 1.222305343433664
 1.236852660719081
 1.244345434001882
 1.245928344253748
 1.242936738155279
 1.246201651804311
 1.243489263797562
 1.264250802712087
 1.26667889972972
 1.260024084193921
 1.263064702983431
 1.260478836505437
 1.261340163189521
 1.260288914705373
 1.257129047870148
 1.257451185330455
 1.260280603622778
 1.259880712570003
 1.260279061290634
 1.196573674944049
 1.198185237633888
 1.18679396359778
 1.179641088094768
 1.183039823843894
 1.191306141649708
 1.189543469948358
 1.189488672250834
 1.193744545607176
 1.19135588121927
 1.190065070475258
 1.200104800821057
 1.203240427996749
 1.18586809046788
 1.182379819795599
 1.19607602871485
 1.198190085419276
 1.200713004978387
 1.204297599427312
 1.206620194716584
 1.198500151601252
 1.209418460985534
 1.19533198327785
 1.208561288043139
 1.21995764324436
 1.216046985590524
 1.224885484929465
 1.223715824478883
 1.221474935041039
 1.22307324336921
 1.218003299423183
 1.208680966425202
 1.211913416730221
 1.211013375534278
 1.2116526759887
 1.208782119697561
 1.209262669195383
 1.209582970318288
 1.206638615526966
 1.215450681935668
 1.207822315354838
 1.194486024640752
 1.197006390621105
 1.170337496012095
 1.214513111706946
 1.205518711578997
 1.157353806508872
 1.166674744034161
 1.169299737869496
 1.190215543526317
 1.184330990659694
 1.179690688238293
 1.176065980327231
 1.184601446338292
 1.179492101247516
 1.183183756454781
 1.185602439535291
 1.192353603345777
 1.193909458999949
 1.150268942004807
 1.147379858979354
 1.142041500803152
 1.154289632329819
 1.140476685191696
 1.159904231088355
 1.147506375362001
 1.155083918974877
 1.161482257244172
 1.176169120173515
 1.175941136146523
 1.174198804986031
 1.15569775165738
 1.157581507126787
 1.182142392873534
 1.180974529738496
 1.189426608079178
 1.19944958737359
 1.208881955346143
 1.212693983088101
 1.205863490278819
 1.218867355229915
 1.217816832083502
 1.219773753335849
 1.205230167717505
 1.204868485919133
 1.203305260352185
 1.206569296836486
 1.213883719778952
 1.213935202174128
 1.224331975630832
 1.221636459663104
 1.217714177613131
 NaN
 NaN
 NaN
 NaN
 NaN
 NaN
 NaN
 NaN
 1.13605782305077
 1.149261307150514
 1.168137685959634
 1.147135553244279
 1.155066484772494
 1.166180928737789
 1.166463062793889
 1.167534960384265
 1.160280047588061
 1.146816130842809
 1.151364593267262
 1.156975527744694
 1.151656694568495
 1.142810146911527
 1.153168120331769
 1.154044941514767
 1.154818400333854
 1.150554372085648
 1.156818920087313
 1.173291406977795
 1.176825345915617
 1.163943374428861
 1.172140897215353
 1.132132437414593
 1.154322969071191
 1.154961225421314
 1.158750230522097
 1.153101789601735
 1.148299502012979
 1.171839702594995
 1.197815291546948
 1.193907058430307
 1.188272167486805
 1.190913509301075
 1.180365831074481
 1.166184467548063
 1.176739804144742
 1.17802837609833
 NaN
 NaN
 NaN
 NaN
 NaN
 NaN
 NaN
 NaN
 NaN
 NaN
 NaN
 NaN
 NaN
 NaN
 NaN
 NaN
 NaN
 NaN
 NaN
 NaN
 NaN
 NaN
 NaN
 NaN
 NaN
 NaN
 NaN
 NaN
 NaN
 NaN
 NaN
 NaN
 NaN
 NaN
 NaN
 NaN
 NaN
 NaN
 NaN
 NaN
 NaN
 NaN
 NaN
 NaN
 NaN
 NaN
 NaN
 NaN
 NaN
 NaN
 NaN
 NaN
 NaN
 NaN
 NaN
 NaN
 NaN
 NaN
 NaN
 NaN
 NaN
 NaN
 NaN
 NaN
 NaN
 NaN
 NaN
 NaN
 NaN
 NaN
 NaN
 NaN
 NaN
 NaN
 NaN
 NaN
 NaN
 NaN
 NaN
 NaN
 NaN
 NaN
 NaN
 NaN


# name: iter_improve
# type: matrix
# rows: 346
# columns: 1
 1
 3
 29
 31
 88
 90
 92
 134
 142
 178
 185
 253
 261
 386
 405
 763
 766
 768
 772
 773
 777
 781
 783
 787
 796
 800
 812
 817
 820
 823
 835
 839
 845
 849
 855
 870
 872
 881
 886
 887
 903
 906
 914
 937
 938
 942
 958
 962
 975
 981
 985
 1000
 1001
 1009
 1017
 1024
 1028
 1036
 1041
 1043
 1048
 1052
 1072
 1079
 1083
 1084
 1087
 1090
 1095
 1097
 1112
 1115
 1133
 1162
 1172
 1184
 1277
 1320
 1357
 1428
 1565
 1615
 1652
 1750
 1755
 2000
 2002
 2008
 2011
 2012
 2017
 2018
 2025
 2045
 2051
 2053
 2068
 2069
 2081
 2093
 2099
 2113
 2117
 2148
 2169
 2185
 2196
 2306
 2311
 2323
 2368
 2398
 2399
 2408
 2415
 2516
 2520
 2591
 2605
 2636
 2757
 2761
 2910
 2979
 3000
 3003
 3006
 3012
 3017
 3022
 3026
 3119
 3132
 3135
 3142
 3143
 4000
 4000
 4004
 4006
 4016
 4021
 4024
 4036
 4037
 4042
 4062
 4065
 4077
 4086
 4101
 4162
 4201
 4205
 4249
 4265
 4272
 4284
 4319
 4321
 4334
 4349
 4352
 4360
 4628
 4643
 4844
 5000
 5017
 5020
 5023
 5029
 5035
 5039
 5040
 5041
 5043
 5045
 5074
 5135
 5204
 5213
 5244
 6000
 6008
 6009
 6011
 6041
 6050
 6055
 6061
 6062
 6073
 6077
 6082
 6094
 6112
 6114
 6118
 6131
 6153
 6174
 6195
 6198
 6206
 6210
 6310
 6338
 6341
 6427
 6449
 6454
 6506
 6516
 6599
 6620
 7000
 8000
 9000
 10000
 11000
 12000
 13000
 14000
 15000
 15001
 15003
 15005
 15013
 15024
 15025
 15038
 15077
 15092
 15110
 15248
 15308
 15315
 15321
 15369
 15395
 15398
 15517
 15605
 15620
 15676
 15751
 16000
 16001
 16013
 16148
 16192
 16217
 16220
 16236
 16238
 16259
 16267
 16551
 16579
 16584
 16737
 17000
 18000
 19000
 20000
 21000
 22000
 23000
 24000
 25000
 26000
 27000
 28000
 29000
 30000
 31000
 32000
 33000
 34000
 35000
 36000
 37000
 38000
 39000
 40000
 41000
 42000
 43000
 44000
 45000
 46000
 47000
 48000
 49000
 50000
 51000
 52000
 53000
 54000
 55000
 56000
 57000
 58000
 59000
 60000
 61000
 62000
 63000
 64000
 65000
 66000
 67000
 68000
 69000
 70000
 71000
 72000
 73000
 74000
 75000
 76000
 77000
 78000
 79000
 80000
 81000
 82000
 83000
 84000
 85000
 86000
 87000
 88000
 89000
 90000
 91000
 92000
 93000
 94000
 95000
 96000
 97000
 98000
 99000
 100000


# name: optim_start
# type: scalar
763


# name: optim_steps
# type: matrix
# rows: 1
# columns: 101
 16 52 86 125 138 168 184 217 218 219 220 221 222 223 224 225 248 263 264 265 266 267 268 269 270 271 272 273 274 275 276 277 278 279 280 281 282 283 284 285 286 287 288 289 290 291 292 293 294 295 296 297 298 299 300 301 302 303 304 305 306 307 308 309 310 311 312 313 314 315 316 317 318 319 320 321 322 323 324 325 326 327 328 329 330 331 332 333 334 335 336 337 338 339 340 341 342 343 344 345 346


# name: VPVP_params
# type: scalar struct
# ndims: 2
 1 1
# length: 8
# name: lambda
# type: scalar
300000000


# name: downsample
# type: scalar
10


# name: MaxIter_X
# type: scalar
200


# name: MaxIter
# type: scalar
50


# name: optTol_X
# type: scalar
1e-06


# name: progTol_X
# type: scalar
1e-10


# name: optTol_aW
# type: scalar
0.0001


# name: progTol_aW
# type: scalar
1e-07




