# Created by Octave 3.8.1, Sun Jan 07 12:54:38 2018 ART <gabrevaya@ws2.labo2>
# name: y_start
# type: matrix
# rows: 10
# columns: 1
 0.7580695328966637
 0.4555938710404123
 0.9931277379038962
 0.4618415631873626
 0.8995134425271043
 0.4418942014048304
 0.7201178587434535
 0.8753794412837906
 -0.7367237555135383
 0.637560095073205


# name: alphas
# type: cell
# rows: 1
# columns: 3
# name: <cell-element>
# type: matrix
# rows: 10
# columns: 1
 -0.5120032149713349
 0.9538868248649116
 0.3307092218294451
 0.03074623929655208
 0.6370580659954291
 0.4474253957226204
 0.6395289297987806
 0.1984113284915456
 0.1872410442492205
 -0.5918850110858254



# name: <cell-element>
# type: matrix
# rows: 10
# columns: 1
 0.9450292817094081
 1.019686853840355
 0.9814733876393142
 0.7784776679292615
 0.8329656215564236
 0.7475036480702976
 0.7384240136223094
 0.3709198167884035
 1.634581918818236
 0.2872223954224524



# name: <cell-element>
# type: matrix
# rows: 10
# columns: 1
 12.28679875225878
 11.46490908739174
 11.37392680450083
 11.18012832404371
 11.31716556617327
 11.41688250554014
 11.31100153929826
 11.73018854351427
 11.01960177240514
 11.059570245694





# name: W
# type: matrix
# rows: 10
# columns: 10
 0.5245400560273936 -0.1957252895460868 0.6368915931569582 0.510819340164256 -1.084985989728164 0.3530788086911702 -0.7635471975691747 -0.8118484951196832 -0.755148143209975 0.691447964604657
 -0.16456923144986 0.05805810392671707 -0.04697277603012801 0.1429364212563812 -0.2165932029243949 0.1996936408715143 0.5405092188444233 -0.3573521111937198 0.4952865444179844 -0.459167574534625
 -0.8403160430443065 -0.2563715618890664 -0.179790847546994 -0.296708289909037 0.8812116788883719 -0.4483257021177869 0.5342690977238469 0.4937963105158912 0.7578375823491402 -0.3468049900331632
 -0.6163731497804159 -0.4953949072219351 1.030873234358314 -0.1468037437690986 0.4656795498947817 -0.3147780178472203 -0.4611371470404602 -0.4069421920010003 0.6507258219955013 -0.07236740462877637
 0.520809526140985 -0.5439771275098205 0.3107941031517656 0.3918411683733363 0.4896259642600312 0.3958382966142897 0.4605924872489525 -0.04223856083332439 -0.4988426914010532 -0.385317699439411
 -0.0308556573435682 -0.5915725142728695 0.46107553220828 -0.03270070177913299 -0.1437255755629765 -0.5587379252018305 -0.2733426611362876 -0.5555004133633442 0.181060889682716 0.4655944964480035
 0.206505862923908 0.04095952081550594 0.4832473852810277 -0.008061161607888079 -0.01805398697637326 0.145791432153402 -0.276326863262462 -0.03210756229213627 0.09806283792724892 0.1078041679710932
 -0.3287384547291816 -0.5887059598194146 0.06368639030750631 0.0818275968797036 -0.5804679509918967 -0.2271227447183248 -0.1978430947059037 -0.5505776575162576 -0.0294706793802065 -0.156675356312338
 0.02158415939240682 -0.1313572034969362 0.2079386849216653 -0.7323396180171672 -0.6173468828034293 -0.02055877746106003 -0.2240611914661689 -1.015370212316058 0.1208262090986406 0.9684721443563356
 -0.1047916469200785 0.04896007664989111 -0.5027182555842331 -0.04562960114352681 0.3146606495320517 -0.3041221918836457 0.9700772105111215 0.3692391915901407 0.7387247548387049 -0.8138742015583517


# name: iter
# type: scalar
100000


# name: c
# type: matrix
# rows: 1
# columns: 10
 NaN NaN NaN NaN NaN NaN NaN NaN NaN NaN


# name: mean_corr
# type: matrix
# rows: 265
# columns: 1
 -0.1696899400867181
 -0.1640276719545199
 -0.1619067682990832
 -0.1289984722921564
 -0.163487012942319
 -0.1294287950080178
 -0.09664738348007629
 -0.07879699267348536
 -0.06202107329888257
 -0.03217247224204823
 -0.02397621694854864
 -0.02319706618799272
 -0.02283400320714453
 0.4473597952537608
 0.446484563940268
 0.4439132415990976
 0.442659930105926
 0.4436384834496188
 0.4328543169600484
 0.4378591668249562
 0.4246165156337861
 0.4030433938846733
 0.3861069589798978
 0.3783771390836343
 0.3799716345592513
 0.3757411393420084
 0.3742080807288665
 0.3778819147949891
 0.3806158704444337
 0.3847280798833568
 0.3599491265034032
 0.3580835554000125
 0.3572391610736935
 0.358543099292512
 0.3538371498005078
 0.3509570978328909
 0.3530483675138509
 0.3409099889614778
 0.3475729081597722
 0.3508135682082568
 0.3494883003279386
 0.3476927092759973
 0.3440691369103911
 0.3439307386860003
 0.3462385867555927
 0.3461852286197918
 0.3471995997364138
 0.3467884286879406
 0.3421562231281861
 0.4983099369283024
 0.4849609396029473
 0.4874369628344292
 0.4871721652578556
 0.4902641609724719
 0.4897309959647214
 0.4717800278792563
 0.4713141608954048
 0.4684466737296019
 0.4638326489210446
 0.457577815677623
 0.4568859293618129
 0.4571564904052552
 0.4563887037430681
 0.4582259034324322
 0.4565991195149793
 0.4501841340052735
 0.4494178195704115
 0.4517207931550135
 0.452841553449386
 0.445749282416213
 0.4471573001890287
 0.4499315725155126
 0.4493129538927721
 0.4469839546426631
 0.4444010749462212
 0.4422905553473163
 0.4414634825651088
 0.4512754371980764
 0.4532902974770351
 0.4535773945013051
 0.4523724165240798
 0.4518881489975389
 0.4452150197893138
 0.5318142297080907
 0.5134502541252117
 0.5133195416335424
 0.5076307290296894
 0.5078761654260461
 0.5123027289343822
 0.5129634563203537
 0.5127199397747645
 0.513719335470991
 0.51414277679642
 0.5145705205873456
 0.5124302409157252
 0.5122541204154338
 0.5069212248258226
 0.5045967603606077
 0.5062648647186698
 0.5076944411525663
 0.5073041337260586
 0.5023355229361235
 0.4947131913381953
 0.4932387572131272
 0.4934228605743162
 0.4917676810689359
 0.4906718433854643
 0.4914366474208468
 0.4909373135976267
 0.4925358486343289
 0.49334034075286
 0.4874065604026753
 0.5501926874292619
 0.5449263529232189
 0.5433789570816365
 0.544428814138936
 0.5227875915935678
 0.5220319994650097
 0.5224042169338385
 0.522496986030767
 0.5202575823362889
 0.5188703506073626
 0.5201881518135548
 0.5199383566220469
 0.5192564226663446
 0.5170559490795615
 0.5163370775268248
 0.5232399447450089
 0.5213446941315835
 0.5220225160458249
 0.5600482665746843
 0.5570586956972831
 0.5507982753415389
 0.5430889771780009
 0.545044223737373
 0.5359495095057542
 0.5330055035222292
 0.5342020679155086
 0.5317283272984663
 0.5351145481019928
 0.5335079487372126
 0.538899667008375
 0.5430051049577651
 0.5431005990230295
 0.5730703228469618
 0.5719984875428582
 0.5705762979823118
 0.5717448932157306
 0.5726037931822772
 0.5706959274951988
 0.563268338151666
 0.5645031364375461
 0.5663339164294251
 0.5664883928585439
 0.5666408510513784
 0.5666860820308084
 0.5637754113782943
 0.5625140496438354
 0.563046728867396
 0.5629766856917368
 0.5610245061855524
 0.5602621087758888
 0.559760650607636
 0.560410488883717
 0.5590163170776621
 0.5557518430116665
 0.5573448679745114
 0.5586619450819883
 0.5590673719572899
 0.5581046405734567
 0.5577197207836394
 NaN
 NaN
 NaN
 NaN
 NaN
 NaN
 NaN
 NaN
 NaN
 NaN
 NaN
 NaN
 NaN
 NaN
 NaN
 NaN
 NaN
 NaN
 NaN
 NaN
 NaN
 NaN
 NaN
 NaN
 NaN
 NaN
 NaN
 NaN
 NaN
 NaN
 NaN
 NaN
 NaN
 NaN
 NaN
 NaN
 NaN
 NaN
 NaN
 NaN
 NaN
 NaN
 NaN
 NaN
 NaN
 NaN
 NaN
 NaN
 NaN
 NaN
 NaN
 NaN
 NaN
 NaN
 NaN
 NaN
 NaN
 NaN
 NaN
 NaN
 NaN
 NaN
 NaN
 NaN
 NaN
 NaN
 NaN
 NaN
 NaN
 NaN
 NaN
 NaN
 NaN
 NaN
 NaN
 NaN
 NaN
 NaN
 NaN
 NaN
 NaN
 NaN
 NaN
 NaN
 NaN
 NaN
 NaN
 NaN
 NaN
 NaN
 NaN
 NaN
 NaN
 NaN


# name: mean_error
# type: matrix
# rows: 265
# columns: 1
 1.525134147121358
 1.51985371313757
 1.520064046455409
 1.492941917291498
 1.51431676671272
 1.493423482056461
 1.480033616697525
 1.478913943575341
 1.467630275172387
 1.457385052065508
 1.453721167581114
 1.451254463370092
 1.438520578176315
 1.196352403646246
 1.197556576896805
 1.197075073230568
 1.19731374963161
 1.194300833540377
 1.213825109696157
 1.19948432924963
 1.207019971920728
 1.204052028076818
 1.198473879901438
 1.209378509689869
 1.207620544045102
 1.207295502533726
 1.209132510273124
 1.208866049521675
 1.208314181529587
 1.199314971432089
 1.209309916231041
 1.215323836976289
 1.215585515384777
 1.217317244023304
 1.212747079590058
 1.212664989481452
 1.213061785294913
 1.224551773128072
 1.216874471800078
 1.212945972775128
 1.212240910224028
 1.213169863617091
 1.21917122581527
 1.218135495675292
 1.214310882297544
 1.214262665585969
 1.214989533513884
 1.215994735573638
 1.218827777531926
 1.172856252668586
 1.166871262942017
 1.169789836568441
 1.169562764132583
 1.178510547128574
 1.17907349964547
 1.182019751550497
 1.188570716088394
 1.19768980250657
 1.192706681164678
 1.196853289173622
 1.19491965045598
 1.197774220209234
 1.198776742802692
 1.196598211838662
 1.196458152039465
 1.190666436027291
 1.191897836522416
 1.195257497688304
 1.190627854724715
 1.200957347073883
 1.200282831252502
 1.199062704502354
 1.200894896492238
 1.204501175960308
 1.20077390863148
 1.196361739123711
 1.196740145504039
 1.198886802304041
 1.199014797331328
 1.197858417597346
 1.19793139081629
 1.197085800139051
 1.19273849646401
 1.200260592749199
 1.187546291051756
 1.188509773429557
 1.193212399581966
 1.188208537530478
 1.18956735825875
 1.197490034061875
 1.199848357488148
 1.196702820803511
 1.195213865826593
 1.195898893972098
 1.204884599001544
 1.203173049752108
 1.196589654900114
 1.200520637340414
 1.203117148274415
 1.203892728352895
 1.198100944786318
 1.200589472775395
 1.200164208046917
 1.199622889207627
 1.200848344406623
 1.194589839300181
 1.191958560964045
 1.195390670322777
 1.191355394012866
 1.190196496022744
 1.190753993064475
 1.190062195971752
 1.186645790406126
 1.177377858839936
 1.17456801930658
 1.191371334439161
 1.184165119739796
 1.186303262857811
 1.194227047907677
 1.196604125228839
 1.186664438794987
 1.182424293739955
 1.192778590978456
 1.194603277702466
 1.195692584283108
 1.193594619982561
 1.193259640125787
 1.189516896057914
 1.190942409401461
 1.191598333084213
 1.173863780048439
 1.168409074798649
 1.177994837033696
 1.189999013794395
 1.191198939469383
 1.197003994531181
 1.193018113829786
 1.191401055162771
 1.193020059270992
 1.191672785869633
 1.188431350302632
 1.181011092435104
 1.175292940574183
 1.174802950730354
 1.148149537569722
 1.155686212166668
 1.159496808604605
 1.162027817522797
 1.162777465424078
 1.156306922864888
 1.17082928396224
 1.167612680835914
 1.185569681172535
 1.182616445907315
 1.161979097383796
 1.173010484380749
 1.17346460182104
 1.184120250657977
 1.189605470627487
 1.190063113266745
 1.195559199664903
 1.181605388194348
 1.175519604687006
 1.170926233340169
 1.171187843242162
 1.179744799975694
 1.18040435395108
 1.17708180176629
 1.17509257085806
 1.173722784540655
 1.172744656610854
 NaN
 NaN
 NaN
 NaN
 NaN
 NaN
 NaN
 NaN
 NaN
 NaN
 NaN
 NaN
 NaN
 NaN
 NaN
 NaN
 NaN
 NaN
 NaN
 NaN
 NaN
 NaN
 NaN
 NaN
 NaN
 NaN
 NaN
 NaN
 NaN
 NaN
 NaN
 NaN
 NaN
 NaN
 NaN
 NaN
 NaN
 NaN
 NaN
 NaN
 NaN
 NaN
 NaN
 NaN
 NaN
 NaN
 NaN
 NaN
 NaN
 NaN
 NaN
 NaN
 NaN
 NaN
 NaN
 NaN
 NaN
 NaN
 NaN
 NaN
 NaN
 NaN
 NaN
 NaN
 NaN
 NaN
 NaN
 NaN
 NaN
 NaN
 NaN
 NaN
 NaN
 NaN
 NaN
 NaN
 NaN
 NaN
 NaN
 NaN
 NaN
 NaN
 NaN
 NaN
 NaN
 NaN
 NaN
 NaN
 NaN
 NaN
 NaN
 NaN
 NaN
 NaN


# name: iter_improve
# type: matrix
# rows: 265
# columns: 1
 1
 12
 15
 29
 31
 32
 43
 52
 56
 70
 74
 105
 115
 123
 126
 129
 130
 134
 135
 137
 139
 141
 143
 149
 150
 151
 152
 154
 166
 179
 181
 184
 187
 191
 202
 204
 210
 232
 233
 240
 244
 268
 287
 329
 491
 556
 630
 707
 780
 1000
 1001
 1004
 1007
 1009
 1012
 1016
 1018
 1022
 1027
 1040
 1155
 1164
 1210
 1315
 1337
 1338
 1366
 1388
 1401
 1404
 1433
 1459
 1511
 1515
 1532
 1668
 1744
 1751
 1776
 1824
 1844
 1949
 1996
 2000
 2002
 2013
 2017
 2026
 2028
 2032
 2096
 2144
 2158
 2288
 2300
 2316
 2330
 2363
 2376
 2424
 2515
 2538
 2576
 2606
 2629
 2643
 2722
 2861
 2870
 2920
 2966
 3000
 3000
 3030
 3045
 3051
 3056
 3105
 3140
 3154
 3182
 3194
 3198
 3242
 3272
 3288
 3468
 3566
 3745
 3746
 4000
 4007
 4012
 4017
 4022
 4025
 4036
 4082
 4114
 4204
 4227
 4281
 4302
 4439
 5000
 5009
 5014
 5020
 5042
 5050
 5062
 5094
 5098
 5111
 5228
 5272
 5277
 5283
 5287
 5294
 5437
 5491
 5506
 5525
 5632
 5633
 5663
 5682
 5773
 5808
 5901
 6000
 7000
 8000
 9000
 10000
 11000
 12000
 13000
 14000
 15000
 16000
 17000
 18000
 19000
 20000
 21000
 22000
 23000
 24000
 25000
 26000
 27000
 28000
 29000
 30000
 31000
 32000
 33000
 34000
 35000
 36000
 37000
 38000
 39000
 40000
 41000
 42000
 43000
 44000
 45000
 46000
 47000
 48000
 49000
 50000
 51000
 52000
 53000
 54000
 55000
 56000
 57000
 58000
 59000
 60000
 61000
 62000
 63000
 64000
 65000
 66000
 67000
 68000
 69000
 70000
 71000
 72000
 73000
 74000
 75000
 76000
 77000
 78000
 79000
 80000
 81000
 82000
 83000
 84000
 85000
 86000
 87000
 88000
 89000
 90000
 91000
 92000
 93000
 94000
 95000
 96000
 97000
 98000
 99000


# name: optim_start
# type: scalar
123


# name: optim_steps
# type: matrix
# rows: 1
# columns: 100
 14 50 84 113 131 145 172 173 174 175 176 177 178 179 180 181 182 183 184 185 186 187 188 189 190 191 192 193 194 195 196 197 198 199 200 201 202 203 204 205 206 207 208 209 210 211 212 213 214 215 216 217 218 219 220 221 222 223 224 225 226 227 228 229 230 231 232 233 234 235 236 237 238 239 240 241 242 243 244 245 246 247 248 249 250 251 252 253 254 255 256 257 258 259 260 261 262 263 264 265


# name: VPVP_params
# type: scalar struct
# ndims: 2
 1 1
# length: 8
# name: lambda
# type: scalar
300000000


# name: downsample
# type: scalar
10


# name: MaxIter_X
# type: scalar
200


# name: MaxIter
# type: scalar
50


# name: optTol_X
# type: scalar
1e-06


# name: progTol_X
# type: scalar
1e-10


# name: optTol_aW
# type: scalar
0.0001


# name: progTol_aW
# type: scalar
1e-07




