# Created by Octave 4.2.1, Tue Nov 28 20:01:46 2017 ART <gabrevaya@ws1.labo4>
# name: y_start
# type: matrix
# rows: 15
# columns: 1
 0.112166957112715
 1.074450580085022
 0.02406653592489114
 -2.814914689624071
 0.1974594852162349
 0.704051882498443
 2.381105043474183
 -0.6774807791324539
 0.1992576900141549
 0.0003524879961300417
 0.3543420753388842
 0.4242885514505124
 -0.9759355088408107
 -0.8890987731621188
 -0.7345215553965428


# name: alphas
# type: cell
# rows: 1
# columns: 3
# name: <cell-element>
# type: matrix
# rows: 15
# columns: 1
 0.7353668852897457
 0.5760876705038033
 0.7721365603938076
 0.617084641998364
 0.4870587150571541
 0.5946175157337789
 0.4699516892079012
 0.6321319913953252
 0.5106530680678488
 0.4922096908846413
 0.4801467768763514
 0.6859731155979998
 0.4615904137640734
 0.7922392385983296
 0.746961863558952



# name: <cell-element>
# type: matrix
# rows: 15
# columns: 1
 1.458962459682212
 0.8601711427011434
 0.9956103662023817
 1.285624716223839
 1.003595073162391
 1.613213215592851
 1.058231305913358
 1.003415043148614
 0.9945082764841622
 1.272062817788453
 0.8789601598609024
 1.487951449046657
 1.359854660964116
 0.6901889565375555
 1.429142224903011



# name: <cell-element>
# type: matrix
# rows: 15
# columns: 1
 11.04235158483994
 10.97438501259988
 11.06728445896052
 12.02767621981698
 11.62808634921559
 11.22185767926957
 11.5502449064491
 11.38102468134515
 11.57505691960612
 11.32684453249
 11.50963044099526
 11.39276979832296
 11.41790056892353
 11.23509795494002
 11.02109094668469





# name: W
# type: matrix
# rows: 15
# columns: 15
 -0.08504750956649772 0.02511270909747352 0.180437323241445 -0.03409714466784598 -0.1634896080613768 0.02682005834938669 0.01105009810054795 -0.2068992271018651 -0.01074258767561778 -0.04369404026847223 -0.1356812969606949 0.04331747503620569 -0.05839470670556191 -0.08758846024221348 0.1124244856736126
 0.1864083853977861 -0.0740039722742242 -0.1283730112711814 -0.01878729811599568 0.1432990541325739 -0.1081744892262229 -0.09090156339520135 0.181978217419468 -0.002749672552309096 0.09732634149235528 0.1943782504561081 -0.1435660557253225 0.1839620145372225 0.1436101742110254 -0.2943008643903574
 0.006854972856094947 -0.00552790324350457 -0.1315841589227784 -0.02741085034578553 0.02242943185590297 -0.05693180163491152 -0.00498130443469717 0.0009357364351222689 0.02381788779606663 0.07633951598408641 -0.005115938157161806 -0.06595064549545469 0.1088675942596421 -0.158382195522661 -0.05976534362669854
 0.1215032018907856 0.1008309064537553 -0.01343373640589722 -0.1171968270298661 0.09129804975322056 -0.01615239809181624 0.2785630569566222 0.1784926664698178 0.1034455443689795 0.05497461744181285 -0.06843784452585785 -0.01428656862795752 0.1205318916120631 -0.1496144415056679 -0.165347687343493
 -0.06442800018016241 0.1316649090829187 -0.06520337661487274 0.2906152841096358 0.01269144849610703 0.06854613438936334 0.2049812169146348 0.2287153225994098 0.1048552806468501 -0.04483273102956749 -0.07725580927721475 0.2030003867956501 0.1527082961548133 -0.03564313089577938 0.1462317566704891
 0.1569713679815317 -0.003969490045051758 -0.03078199197991971 -0.02765947809444327 0.04616666180597336 -0.1040924778952474 -0.002707027674868642 0.07360650892417762 -0.000613959417287416 0.04062906183283439 0.02824570407465198 -0.09976218246495164 0.05376596714471762 0.006098883292339731 -0.1373695777809065
 0.03931708737749304 -0.1088722335565425 -0.05932073208509892 0.1608294231751096 -0.02970695403920927 -0.09689665678817141 -0.3712032145151945 0.1359058119875871 -0.02921100468542356 0.08572001829610637 0.280355123835249 -0.07651510029532475 0.2443675780005342 0.06947772409321143 -0.06841662249612181
 0.1261863859415145 -0.129634131565974 -0.2508654893353934 -0.1427708228818491 0.160155563337781 0.01826587103168154 0.1261259124721781 0.1676783783432778 0.03311950950987535 0.007052621633461636 0.08210395349955699 -0.02735642717715609 -0.07943145229077181 -0.001204618823295648 -0.1119868130148093
 0.0464613071859409 -0.06670265515933993 0.023294392979076 0.04266129082004783 -0.02818656916651069 -0.002978409833767421 -0.05599116829414236 0.01606684119594716 -0.00998889550113048 0.0230610893746504 0.01515411672412074 0.006490522104036151 0.07321672330178783 -0.07050507373866444 -0.04143297579904096
 -0.06402792966779368 -0.1111812851304532 0.1084530838072204 -0.02548934120870053 -0.09775425721923511 0.08902377758030416 0.1420837936245843 -0.1087593042941577 0.02595613659525905 -0.09654869545314489 -0.2501409518922267 0.09167076813878858 -0.1479490404777201 -0.1016274563880619 0.1558656449589656
 0.02390391912815078 0.2335753702495892 0.04961289701875738 0.1044627926798744 0.03732867345318086 0.09691213126264255 0.3381966620679488 0.01890485850428065 0.06034571022335378 -0.0858127097850714 -0.3952345676873513 0.147942848727045 -0.1146169539399914 -0.04469393584487887 0.1308229401720245
 0.1110768039344563 0.01460063247461109 0.0611037160921971 -0.1474514090361638 -0.003074088341464274 -0.1213428438121114 -0.06742437203770781 -0.06674805096296851 -0.01399792396037366 0.08355574379814086 0.05912229678571938 -0.199943166666553 0.07679790432610704 -0.0186904403994247 -0.1850687698369525
 -0.03591412137634532 -0.03367394578369327 0.1157007635050328 0.04047014200887136 -0.07911955578982281 0.07557205152910072 0.1459158680179937 -0.0487966461360281 0.04398176491476213 -0.03347211756021166 -0.212841254914675 0.1136169328629683 -0.03561710217528057 -0.1740612270689696 0.1146048183189823
 -0.06432973856041066 0.480340503920546 0.05039673918909424 0.2752934333574509 0.02124932819286426 0.05964118661832832 0.08935373914459568 0.05530829261800545 0.01351009127283888 -0.0486736196375372 -0.02574199893346135 0.1507326301629387 0.1108546292295071 -0.007433290255051083 0.1018656030793719
 0.1115171625506809 -0.03492429736129869 0.1024529197008 -0.2226412896276218 -0.05057367903514839 -0.1093974496641343 -0.1101054166396299 -0.1341005239613708 -0.04106119313374968 0.06678803105096373 0.04498279551118395 -0.1960206082052112 0.03043209550314819 -0.01583824197653217 -0.2316018794511684


# name: iter
# type: scalar
715


# name: c
# type: matrix
# rows: 1
# columns: 15
 0.479119855952901 0.4967152566450316 0.4190725510271915 0.3841689833353668 0.5631968216478657 0.4808304502668352 0.097037013275418 0.7043724360820772 0.3153849847529029 0.2845607757063343 0.06719509856432408 0.1261511102002655 0.3482332956114016 0.6417939881972601 0.2673410128105204


# name: mean_corr
# type: matrix
# rows: 80
# columns: 1
 -0.04330054015610101
 -0.05655745324051085
 -0.02370523780811234
 -0.004621822801807733
 -0.006480793513778626
 -0.03653716010380611
 -0.03419368556418314
 -0.04426700078997517
 -0.06040179089211873
 -0.05214625820022872
 -0.04792678775313927
 -0.03868276264816362
 -0.0133677914417282
 -0.01504231468138122
 0.006451670009770057
 0.02099019836548112
 0.03411622117670347
 0.03409134701237769
 0.03819727735941734
 0.03803104589882523
 0.04339238833300472
 0.04572339893749799
 0.04737170585756138
 0.04415189330656684
 0.04508697457830092
 0.04518166621551218
 0.04106741276552316
 0.06208360895456197
 0.07503261943528843
 0.05728560116427185
 0.05824467705029285
 0.05671844901820179
 0.05899952689247745
 0.05926531418890944
 0.08572970171988649
 0.1023316356311783
 0.09903002710186964
 0.09429069378159506
 0.09374817834697906
 0.1089809864624149
 0.1030784612424517
 0.1303629023807619
 0.1308021865631142
 0.132589324306676
 0.1309366063565091
 0.1191246689913291
 0.1291618832137135
 0.1275984362025654
 0.1264340074602252
 0.1193131811157112
 0.1213485662688015
 0.1229098886903744
 0.1235524187338789
 0.1215652711462517
 0.1220737305668483
 0.1165201090511327
 0.1165985236401622
 0.1166927521855183
 0.1176190502665207
 0.1205866124237706
 0.1229428181906063
 0.1382877260451682
 0.133280432056637
 0.1327541566445227
 0.1293087969014258
 0.1334853833209119
 0.1294320589455508
 0.1399548393499112
 0.1399870931438244
 0.1282231588634274
 0.1316997719972337
 0.1315695071238345
 0.1272886411961579
 0.1285950335922823
 0.1405796266498339
 0.1388403826879258
 0.1412186350433003
 0.1330730004738916
 0.1373216668288026
 0.3783449089383797


# name: mean_error
# type: matrix
# rows: 80
# columns: 1
 1.4534585649785
 1.463101944069972
 1.445842893371343
 1.432959279701564
 1.43069327546443
 1.443925020852715
 1.443176960367472
 1.445439331016476
 1.458100722353413
 1.449040972090139
 1.446310914300121
 1.440249957442829
 1.425912242024148
 1.428090761515006
 1.422218624244945
 1.414507866832822
 1.405799609837216
 1.405356578861461
 1.404523774158986
 1.399238778958245
 1.392244170954669
 1.390498114156593
 1.384711372470769
 1.386388093277195
 1.384380488115263
 1.384034631852009
 1.394480164091651
 1.384078849652498
 1.376055931758235
 1.383556100473558
 1.382538872903
 1.383617317487161
 1.381762834887304
 1.382496548354215
 1.367130048278481
 1.355200423885623
 1.361336534542368
 1.368469462424495
 1.371444403695748
 1.361972338233401
 1.362838750247935
 1.354978426699902
 1.353285331721821
 1.355055130727034
 1.354691127248589
 1.362394053669852
 1.349440384058
 1.350689642580256
 1.35123127887506
 1.357472584184726
 1.346140296375842
 1.347292083660154
 1.34656765539676
 1.345533885770416
 1.344567566071541
 1.350460504109364
 1.350289674402626
 1.350290522118309
 1.345551437182753
 1.343357037505446
 1.346764262454244
 1.336436404474114
 1.346456594085646
 1.346271969223219
 1.345554425388908
 1.342896152978363
 1.336135588722275
 1.334258887699239
 1.333100653237467
 1.346561791818458
 1.341643704800124
 1.342893668899516
 1.341950806659103
 1.341482159920009
 1.327927600399087
 1.325358104894319
 1.322119408995672
 1.326287078388448
 1.325065834989526
 1.246061326631918


# name: iter_improve
# type: matrix
# rows: 80
# columns: 1
 1
 3
 4
 5
 7
 13
 17
 18
 22
 23
 32
 33
 34
 35
 36
 38
 39
 41
 42
 55
 64
 66
 70
 79
 85
 90
 100
 119
 134
 135
 140
 150
 152
 161
 162
 174
 221
 226
 231
 242
 246
 247
 250
 255
 257
 269
 294
 297
 298
 302
 306
 330
 334
 346
 356
 359
 363
 383
 415
 419
 430
 431
 438
 445
 451
 454
 457
 467
 477
 478
 480
 491
 498
 503
 507
 547
 579
 588
 638
 715


# name: optim_start
# type: scalar
715


# name: optim_steps
# type: scalar
80


# name: VPVP_params
# type: scalar struct
# ndims: 2
 1 1
# length: 8
# name: lambda
# type: scalar
300000000


# name: downsample
# type: scalar
10


# name: MaxIter_X
# type: scalar
200


# name: MaxIter
# type: scalar
50


# name: optTol_X
# type: scalar
1e-06


# name: progTol_X
# type: scalar
1e-10


# name: optTol_aW
# type: scalar
0.0001


# name: progTol_aW
# type: scalar
1e-07




