# Created by Octave 4.0.0, Mon Jan 08 05:37:34 2018 ART <gabrevaya@ws7.labo5>
# name: y_start
# type: matrix
# rows: 10
# columns: 1
 -1.03654088397606e-06
 1.881729041977204e-05
 1.354696530370357e-06
 2.476561869968484e-06
 -2.081843102541708e-06
 1.437362365032117e-06
 -2.060419194844e-06
 4.78526934456197e-07
 -2.25781827344741e-07
 -2.957186121627077e-06


# name: alphas
# type: cell
# rows: 1
# columns: 3
# name: <cell-element>
# type: matrix
# rows: 10
# columns: 1
 -0.1061336408363418
 1.936349258257197
 0.3241678840849563
 1.068804763397953
 0.006534263996061139
 0.365550035208187
 -0.04071226981350641
 -0.9078762468624102
 0.434156919679662
 0.2976934150387232



# name: <cell-element>
# type: matrix
# rows: 10
# columns: 1
 0.2668056308003142
 0.5139488384002141
 1.161582615490301
 0.2986507240545123
 0.7951330623646552
 0.9209500970414795
 1.011567955033413
 0.6712538854503278
 0.2717468230326955
 0.3778705715025052



# name: <cell-element>
# type: matrix
# rows: 10
# columns: 1
 11.53993342598029
 11.67418659826607
 11.56557340052992
 11.70848678086316
 11.43075011896653
 11.07256597662913
 12.36280431093838
 11.24531388653353
 11.44787336864352
 10.1564055525474





# name: W
# type: matrix
# rows: 10
# columns: 10
 0.08703195772861977 0.4689980646471706 0.5146631418390194 -0.3552876785506431 0.4324391902236287 0.1497677415758229 -0.3800512490622199 -0.1905695458186482 -0.06326566057693365 0.5150352347447209
 -0.2462405609857841 -0.2548394696424047 0.06814362702808133 0.6370709799195172 0.0419781790894528 0.2851904929608834 0.3765397976413082 -0.06983509733705838 0.04537773068058287 -0.3771266486032946
 0.03021618253543336 0.1464960465579622 -0.5292564503690008 0.1291024401223375 0.7030115872038362 0.121409559219015 0.259333585397822 -0.1505842424528658 0.05984188961381452 0.05729926350835368
 0.2078484621028809 -0.5074841898824227 0.1433553386543893 -0.07144309724203955 -0.2542942736867574 -0.02977596055552054 -0.6116444540396988 0.4186617592255346 0.2232575668618396 -0.1065855198945236
 0.2505164645280978 -0.1126233277925466 -0.3094857543426587 0.05541387123149485 0.5782355477435493 0.1005169957116231 -0.2198960230742815 0.2508490107537102 0.01252417693148473 0.4631366037164249
 0.09539707237287104 -0.3254810562435252 0.09336817843167894 -0.1958227343810985 -0.02534241462711444 0.0306154654952703 0.002157848752484089 0.06384229898120013 -0.2290813286745401 0.1213782988433049
 0.1855996330543791 -0.03417702705580077 0.3490439965626626 0.02437230283454109 -0.5643986222139605 0.3668170596198406 -0.1300688086069894 -0.6708490751001751 0.09811031471398132 -0.01095845281006388
 -0.4529287827801339 0.2575095202832661 0.3267433601719337 0.2905284036946709 -0.01175812376433864 -0.2133338363206887 -0.2237676810032224 -0.6279950269702201 -0.01195983847503192 0.05639338494674683
 -0.1948245907717245 0.1090638270360848 0.2384502895165476 -0.2164116888181045 0.5136942653812326 0.075337059979252 -0.1359577159408735 0.1020656831670318 -0.2299977884353281 0.1276906207780846
 -0.1746573066290197 0.2831413543934053 -0.2277296839375287 -0.3259742133580057 0.2006252098567689 0.03765839004390809 0.4384598632142364 0.1112680952720664 -0.05666363608127671 -0.6034603983614558


# name: iter
# type: scalar
200000


# name: c
# type: matrix
# rows: 1
# columns: 10
 NaN NaN NaN NaN NaN NaN NaN NaN NaN NaN


# name: mean_corr
# type: matrix
# rows: 470
# columns: 1
 -0.1058893677906372
 -0.08981730494395983
 -0.07739117256111605
 -0.0771928724194243
 -0.08926255128278057
 0.3564137614596892
 0.355464684668836
 0.3548941013597463
 0.3369302353177651
 0.3160608038419074
 0.3021821476587343
 0.3000413950495922
 0.3019060369405688
 0.296438613530942
 0.3006735948889415
 0.2957698488048224
 0.2981376144147135
 0.2743700069761623
 0.2809184029014489
 0.2767562685027361
 0.2852745849578423
 0.2709137350120073
 0.2737822812099327
 0.2569498444649553
 0.2468343817405262
 0.2402092469886815
 0.2383764812412912
 0.2468588108233181
 0.2458310527775611
 0.2449596398709317
 0.2174842842487586
 0.2150520472993777
 0.2147236601734646
 0.2098620883253127
 0.2035161905486308
 0.2178493578627516
 0.2222650580903546
 0.2264125503245769
 0.2344049963324977
 0.225858142513677
 0.226330718928572
 0.2265422067916331
 0.2275403682996559
 0.2245141986712814
 0.2272607033930132
 0.2178733725433162
 0.2168351574038313
 0.2266950219505795
 0.2120873026045172
 0.2075873148670417
 0.2080878614050047
 0.2090150848872541
 0.2098274313404826
 0.4695890042565342
 0.4697920403606763
 0.4582866010398052
 0.4571349097546478
 0.4566312533768327
 0.4543658284725663
 0.4498912304821638
 0.444838660471491
 0.4479045173760919
 0.4471754342222608
 0.4477794188995501
 0.4369003211714607
 0.4346847696365742
 0.4358420934524055
 0.4367089730803161
 0.4170356873311307
 0.4173555812659967
 0.4065348992455009
 0.4042746986090033
 0.4071923471623249
 0.4105452192493609
 0.4111341779973777
 0.416620725052136
 0.4222006632233826
 0.4244432532555676
 0.425261542954958
 0.4242721895421567
 0.4213367550532964
 0.420183109232293
 0.4236888537037869
 0.4253498504548511
 0.4239856737702471
 0.4252756378683656
 0.4243185435149096
 0.4237207952343421
 0.4310956413696198
 0.4316635365601363
 0.4307082930795775
 0.4310226565137398
 0.4298253605511859
 0.4343016691676692
 0.4272653431011919
 0.4264212670629383
 0.4323592985538326
 0.4302501400228081
 0.4350931253587236
 0.4501349955732278
 0.4517075939714872
 0.4510516930757233
 0.4278611749389792
 0.4294896501207636
 0.4327356678237408
 0.434295825890223
 0.4251656950634626
 0.4115011325305883
 0.4132999365847376
 0.4122405470593772
 0.5273056722150737
 0.5208556388012893
 0.4972656922079829
 0.4906282112784507
 0.485983616919811
 0.486251087144575
 0.4697462801606984
 0.4528457135960841
 0.4740502647039028
 0.4527584886643088
 0.456111428982808
 0.4531601087288912
 0.4542684190178441
 0.4554124348274627
 0.4531872290431034
 0.4524526987898296
 0.4540811186910177
 0.4700301495339564
 0.4693558562403668
 0.4576678927621307
 0.46131582607888
 0.4605048259722229
 0.4565114651966266
 0.4527274079059532
 0.4492153008697245
 0.4481701821597923
 0.4509986529353768
 0.4495645073766023
 0.447391207107679
 0.4409479090903842
 0.44551214222927
 0.44762966879786
 0.4498308618141249
 0.4508586518623935
 0.4516996881804904
 0.4518488654044607
 0.4532694151620109
 0.4540328541306941
 0.4582824551763692
 0.4620255188611441
 0.4608618529648293
 0.4627318126226527
 0.4632501944863011
 0.4639709195263697
 0.4576660540532059
 0.4630305373323396
 0.4636295355862748
 0.4637475753676792
 0.4641620803311965
 0.4641647921750657
 0.4650365633794106
 0.4643322777999253
 0.4642672593585959
 0.4630685166758696
 0.4631557973100776
 0.4648561108562057
 0.4718671890892684
 0.4702290814189049
 0.4671046444692363
 0.4673254408934791
 0.4661104934725375
 0.4670073650956118
 0.4657004022814273
 0.4683184069391331
 0.4733779544111243
 0.4709493414800369
 0.4731826681322537
 0.4787789346503389
 0.4804829715205626
 0.4813953220731008
 0.4890920890082898
 0.4902382226385749
 0.4938520524726143
 0.4934357708688016
 0.4937382236141757
 0.493261413913091
 0.4932849400593468
 0.4926271736389891
 0.4947659251330908
 0.4947671219494706
 0.4953091959079023
 0.494751626977826
 0.4950208575873463
 0.5050622300031968
 0.5053379629706004
 0.5034356073970441
 0.5034307481528659
 0.5051650639766667
 0.5045784342664509
 0.5050696255475781
 0.5047873009977484
 0.5052446705049822
 0.5014848821302651
 0.5013652330999455
 0.5051710144472169
 0.505759124808197
 0.5057084506604524
 0.5056202567120075
 0.5055714844171838
 0.5051618717076004
 0.5059331181798405
 0.5070976609069076
 0.5081634991798677
 0.5077184730600013
 0.5064756834060951
 0.5101362018746919
 0.510135420344095
 0.5115868987191623
 0.5114138319518713
 0.511413230933047
 0.510593846276079
 0.5116231540284558
 0.5114981961540204
 0.5114954339896893
 0.510766916337004
 0.5107651371590369
 0.5102665055547951
 0.5111182449096112
 0.5111185245916821
 0.5124654971686466
 0.5124656687431723
 0.5124658401671032
 0.5124660114406417
 0.5182448657338844
 0.5211317702238507
 0.5211325960582455
 0.5171780527512402
 0.5261659211118173
 0.5312654994158296
 0.5335098832705325
 0.533433912199379
 0.5332295268747511
 0.5350910197759003
 0.5368656741552771
 0.5371656270244108
 0.5366428414030104
 0.5365138261627146
 0.5373175590000783
 0.5374550165510796
 0.5384107394088856
 0.5389910510694553
 0.5389711871712362
 0.5281973310740528
 0.5238296245972176
 0.528395167912812
 0.5227411810063444
 0.522097672386771
 0.527458176962616
 0.5265802079267837
 0.5335566395316053
 0.5353488608998859
 0.5394753598022562
 0.5376180668916233
 0.5363724787784291
 0.5324641414721953
 0.5388091524864104
 0.5524408764376757
 0.5542122760344653
 0.5826892348889781
 0.5777959487003282
 0.579114094714959
 0.5719058155019524
 0.5735827946245559
 0.5729834866364925
 0.5661189111579332
 0.5564660213174563
 0.5641804451639337
 0.5682103350842393
 0.574199321380943
 0.5790869575928176
 0.5777904392976241
 0.5705134442904619
 0.5759460454412271
 0.5784854283309028
 0.5817037271813852
 0.5803171129596747
 0.5841190532653612
 0.5848816273901255
 0.5842499638231405
 0.5842968144136386
 NaN
 NaN
 NaN
 NaN
 NaN
 NaN
 NaN
 NaN
 NaN
 NaN
 NaN
 NaN
 NaN
 NaN
 NaN
 NaN
 NaN
 NaN
 NaN
 NaN
 NaN
 NaN
 NaN
 NaN
 NaN
 NaN
 NaN
 NaN
 NaN
 NaN
 NaN
 NaN
 NaN
 NaN
 NaN
 NaN
 NaN
 NaN
 NaN
 NaN
 NaN
 NaN
 NaN
 NaN
 NaN
 NaN
 NaN
 NaN
 NaN
 NaN
 NaN
 NaN
 NaN
 NaN
 NaN
 NaN
 NaN
 NaN
 NaN
 NaN
 NaN
 NaN
 NaN
 NaN
 NaN
 NaN
 NaN
 NaN
 NaN
 NaN
 NaN
 NaN
 NaN
 NaN
 NaN
 NaN
 NaN
 NaN
 NaN
 NaN
 NaN
 NaN
 NaN
 NaN
 NaN
 NaN
 NaN
 NaN
 NaN
 NaN
 NaN
 NaN
 NaN
 NaN
 NaN
 NaN
 NaN
 NaN
 NaN
 NaN
 NaN
 NaN
 NaN
 NaN
 NaN
 NaN
 NaN
 NaN
 NaN
 NaN
 NaN
 NaN
 NaN
 NaN
 NaN
 NaN
 NaN
 NaN
 NaN
 NaN
 NaN
 NaN
 NaN
 NaN
 NaN
 NaN
 NaN
 NaN
 NaN
 NaN
 NaN
 NaN
 NaN
 NaN
 NaN
 NaN
 NaN
 NaN
 NaN
 NaN
 NaN
 NaN
 NaN
 NaN
 NaN
 NaN
 NaN
 NaN
 NaN
 NaN
 NaN
 NaN
 NaN
 NaN
 NaN
 NaN
 NaN
 NaN
 NaN
 NaN
 NaN
 NaN
 NaN
 NaN
 NaN
 NaN
 NaN
 NaN
 NaN
 NaN
 NaN
 NaN
 NaN
 NaN
 NaN
 NaN
 NaN
 NaN
 NaN
 NaN


# name: mean_error
# type: matrix
# rows: 470
# columns: 1
 1.483589932712585
 1.474081031383953
 1.467963075736206
 1.467337533765715
 1.447999780093051
 1.280817911763068
 1.279954313377704
 1.271852582379427
 1.273232510812037
 1.282192996304426
 1.280707559701595
 1.282261271731091
 1.284739721459628
 1.277491217527044
 1.274342710575236
 1.28812988088691
 1.297179778320364
 1.300827803578616
 1.304320271188091
 1.304146217963783
 1.297602518274159
 1.286281203076818
 1.291083672036719
 1.319298454351738
 1.320315717308173
 1.320156526879485
 1.321782089716133
 1.324045227908492
 1.318801717796462
 1.316975594702512
 1.314288492534857
 1.313049920599083
 1.313096711477973
 1.319782327858726
 1.324516985190336
 1.327213500359869
 1.329527323881548
 1.32117296257029
 1.32450638227907
 1.333905523260665
 1.333533336355159
 1.332747144428482
 1.331599232710271
 1.329723713330803
 1.328268683109787
 1.330089693210046
 1.331085220421563
 1.319645219320835
 1.32747039481782
 1.329698068827627
 1.33138638031792
 1.331956307541355
 1.333342186519814
 1.211267793997247
 1.194338008167517
 1.195724026429371
 1.19397954742192
 1.194631480648741
 1.200513977914726
 1.203384069026612
 1.203357988327867
 1.199597720772641
 1.201785314340742
 1.202381123092411
 1.211888990658881
 1.221700662421103
 1.230209744673609
 1.228173246432315
 1.239516696330495
 1.237336881108819
 1.226268407631991
 1.232651213283583
 1.231312660713563
 1.221884968367222
 1.224163719269055
 1.219555298351238
 1.217851990213021
 1.221524394156226
 1.219899321739167
 1.215117074343026
 1.222380710034126
 1.226111831812693
 1.223780869861027
 1.226938517609544
 1.22688589617019
 1.226924952346658
 1.228892918010841
 1.229215687207711
 1.220631143368408
 1.218350325632036
 1.220091345818787
 1.220737560750936
 1.218690198730063
 1.216750651524066
 1.216219218975567
 1.217323240884276
 1.212229962681067
 1.211396785359828
 1.208416218351924
 1.203425446045309
 1.198995677510749
 1.211190784236103
 1.226256502594756
 1.225312319083679
 1.221122862033516
 1.220084559949712
 1.221755515766361
 1.228127304987653
 1.225648746299603
 1.22589883551395
 1.182698938785053
 1.193349502183686
 1.197146771243824
 1.187298076400763
 1.192370412728361
 1.192188795143522
 1.201140532612779
 1.205881755596437
 1.188351834736475
 1.203952816034206
 1.203773345590192
 1.213400476962704
 1.21335205656769
 1.220622450681375
 1.222154806379107
 1.22359857029364
 1.217018645495014
 1.205138692214626
 1.205082926894196
 1.209610734415254
 1.201336069672671
 1.203272658924456
 1.202905667190427
 1.207380146791833
 1.216775373506157
 1.216817569576424
 1.212931598182901
 1.21410045674636
 1.216759353267737
 1.217281782709902
 1.220266453789707
 1.218025602166998
 1.217427838678866
 1.215542362894961
 1.21752967731059
 1.217858018374021
 1.217819265723698
 1.215235172274323
 1.212452058926248
 1.20815795500414
 1.209614854257256
 1.212612282334285
 1.203181024043804
 1.204809338226998
 1.201919891078537
 1.200556434039973
 1.202581445060178
 1.203545567329283
 1.20389396156808
 1.203895814190088
 1.206452173736943
 1.206373751671378
 1.208515995593941
 1.209530513032277
 1.209843439987862
 1.207039181573301
 1.201756935080399
 1.205835661502151
 1.204297816038459
 1.203674909477875
 1.204119935815271
 1.202572302607797
 1.201566727731219
 1.205469437928741
 1.205639744820087
 1.208925682753536
 1.206704302531839
 1.204756788145897
 1.202114975745289
 1.20100725705179
 1.198195282343906
 1.198172096580708
 1.196952826045967
 1.197068464884816
 1.193558969833294
 1.195257258862432
 1.195335467667465
 1.198118366054042
 1.195706400391955
 1.195707593739595
 1.194023255109929
 1.191287508090745
 1.19338099046384
 1.191628719178082
 1.192378542046251
 1.198253605704396
 1.198253401649638
 1.198061520451712
 1.196379061989781
 1.195589256686555
 1.200433175515375
 1.202064338872912
 1.204808489141594
 1.204830493767747
 1.203749207893992
 1.201503894301788
 1.198788903386139
 1.196543116677959
 1.195233598652328
 1.193730490654244
 1.19442466661982
 1.194677407494351
 1.191504547987315
 1.191497834009582
 1.191940828421994
 1.187802895464207
 1.187800951977583
 1.183232392978077
 1.186427873988495
 1.186427886085408
 1.189735984704893
 1.196410769870158
 1.195177536978813
 1.195177770023613
 1.192600373162349
 1.192600628828105
 1.193484819993617
 1.193769806902424
 1.193770464409479
 1.196425354803084
 1.19642527638542
 1.196425197799583
 1.196425119045681
 1.18889334210694
 1.180779050739981
 1.180776277238472
 1.182704964086178
 1.17503863402665
 1.166152214839596
 1.176011487069731
 1.174570167994638
 1.169987344277016
 1.166369326240912
 1.168597077645457
 1.168649124593629
 1.168504703324308
 1.169578800406918
 1.164579795788434
 1.164881634495388
 1.164033481123048
 1.164974929216269
 1.16459343374555
 1.177137663686141
 1.179413512417794
 1.177606903377645
 1.184103200185051
 1.185195697414354
 1.181405690192577
 1.177211514832888
 1.172853106760362
 1.175547572867471
 1.17582503228648
 1.178232098814425
 1.180051697588767
 1.184706014041208
 1.179095682863727
 1.174668818572171
 1.173549904266797
 1.158204194845313
 1.163674616623851
 1.159060826820511
 1.167866561322469
 1.160629740895479
 1.152753048721963
 1.160097376395235
 1.173206370275903
 1.168057255495884
 1.163894598838062
 1.150763196162732
 1.151438179444632
 1.152758721017613
 1.169077737364919
 1.171627246435528
 1.166726831006339
 1.170729617556932
 1.167729765456971
 1.156150995586457
 1.162193816966715
 1.163436649474652
 1.163549430892787
 NaN
 NaN
 NaN
 NaN
 NaN
 NaN
 NaN
 NaN
 NaN
 NaN
 NaN
 NaN
 NaN
 NaN
 NaN
 NaN
 NaN
 NaN
 NaN
 NaN
 NaN
 NaN
 NaN
 NaN
 NaN
 NaN
 NaN
 NaN
 NaN
 NaN
 NaN
 NaN
 NaN
 NaN
 NaN
 NaN
 NaN
 NaN
 NaN
 NaN
 NaN
 NaN
 NaN
 NaN
 NaN
 NaN
 NaN
 NaN
 NaN
 NaN
 NaN
 NaN
 NaN
 NaN
 NaN
 NaN
 NaN
 NaN
 NaN
 NaN
 NaN
 NaN
 NaN
 NaN
 NaN
 NaN
 NaN
 NaN
 NaN
 NaN
 NaN
 NaN
 NaN
 NaN
 NaN
 NaN
 NaN
 NaN
 NaN
 NaN
 NaN
 NaN
 NaN
 NaN
 NaN
 NaN
 NaN
 NaN
 NaN
 NaN
 NaN
 NaN
 NaN
 NaN
 NaN
 NaN
 NaN
 NaN
 NaN
 NaN
 NaN
 NaN
 NaN
 NaN
 NaN
 NaN
 NaN
 NaN
 NaN
 NaN
 NaN
 NaN
 NaN
 NaN
 NaN
 NaN
 NaN
 NaN
 NaN
 NaN
 NaN
 NaN
 NaN
 NaN
 NaN
 NaN
 NaN
 NaN
 NaN
 NaN
 NaN
 NaN
 NaN
 NaN
 NaN
 NaN
 NaN
 NaN
 NaN
 NaN
 NaN
 NaN
 NaN
 NaN
 NaN
 NaN
 NaN
 NaN
 NaN
 NaN
 NaN
 NaN
 NaN
 NaN
 NaN
 NaN
 NaN
 NaN
 NaN
 NaN
 NaN
 NaN
 NaN
 NaN
 NaN
 NaN
 NaN
 NaN
 NaN
 NaN
 NaN
 NaN
 NaN
 NaN
 NaN
 NaN
 NaN
 NaN
 NaN
 NaN


# name: iter_improve
# type: matrix
# rows: 470
# columns: 1
 1
 15
 25
 36
 62
 67
 71
 80
 83
 89
 94
 100
 104
 107
 110
 125
 140
 141
 156
 162
 165
 168
 169
 178
 179
 187
 209
 218
 237
 241
 249
 300
 323
 344
 360
 366
 371
 408
 511
 524
 576
 586
 652
 658
 667
 693
 711
 715
 720
 753
 840
 870
 995
 1000
 1001
 1004
 1007
 1013
 1017
 1034
 1038
 1046
 1048
 1050
 1087
 1093
 1095
 1108
 1118
 1138
 1151
 1160
 1183
 1184
 1207
 1224
 1235
 1239
 1264
 1297
 1392
 1407
 1412
 1439
 1449
 1466
 1495
 1503
 1504
 1507
 1510
 1529
 1596
 1600
 1609
 1627
 1629
 1635
 1682
 1696
 1704
 1707
 1716
 1739
 1815
 1821
 1839
 1841
 1878
 1926
 2000
 2001
 2003
 2005
 2010
 2021
 2027
 2032
 2035
 2036
 2047
 2048
 2049
 2072
 2089
 2100
 2104
 2138
 2141
 2145
 2148
 2150
 2151
 2154
 2168
 2176
 2177
 2178
 2194
 2207
 2218
 2281
 2303
 2333
 2337
 2351
 2360
 2365
 2368
 2374
 2375
 2413
 2661
 2694
 2752
 2758
 2763
 2804
 2987
 3000
 3197
 3209
 3216
 3252
 3323
 3329
 3344
 3366
 3369
 3415
 3422
 3423
 3432
 3435
 3446
 3467
 3474
 3500
 3512
 3532
 3543
 3586
 3595
 3605
 3663
 3721
 3788
 3833
 3982
 4000
 4090
 4122
 4177
 4511
 4857
 4873
 5000
 5010
 5187
 5252
 5645
 5675
 5678
 6000
 6019
 6372
 6535
 7000
 7200
 7313
 7365
 7370
 7371
 7443
 7473
 7603
 8000
 8030
 8077
 9000
 9321
 9421
 9862
 10000
 10303
 11000
 11344
 11679
 12000
 12047
 13000
 14000
 15000
 15834
 15954
 16000
 16102
 16365
 16382
 16786
 17000
 17518
 17641
 17863
 18000
 18038
 18084
 18729
 18837
 18856
 18888
 19000
 19057
 19142
 19155
 19162
 19178
 19244
 19343
 19381
 19390
 19459
 19474
 19502
 19587
 19802
 19852
 19968
 20000
 20003
 20004
 20013
 20020
 20021
 20027
 20028
 20033
 20041
 20054
 20064
 20101
 20108
 20229
 20259
 20265
 20316
 20349
 20356
 20599
 20994
 21000
 22000
 23000
 24000
 25000
 26000
 27000
 28000
 29000
 30000
 31000
 32000
 33000
 34000
 35000
 36000
 37000
 38000
 39000
 40000
 41000
 42000
 43000
 44000
 45000
 46000
 47000
 48000
 49000
 50000
 51000
 52000
 53000
 54000
 55000
 56000
 57000
 58000
 59000
 60000
 61000
 62000
 63000
 64000
 65000
 66000
 67000
 68000
 69000
 70000
 71000
 72000
 73000
 74000
 75000
 76000
 77000
 78000
 79000
 80000
 81000
 82000
 83000
 84000
 85000
 86000
 87000
 88000
 89000
 90000
 91000
 92000
 93000
 94000
 95000
 96000
 97000
 98000
 99000
 100000
 101000
 102000
 103000
 104000
 105000
 106000
 107000
 108000
 109000
 110000
 111000
 112000
 113000
 114000
 115000
 116000
 117000
 118000
 119000
 120000
 121000
 122000
 123000
 124000
 125000
 126000
 127000
 128000
 129000
 130000
 131000
 132000
 133000
 134000
 135000
 136000
 137000
 138000
 139000
 140000
 141000
 142000
 143000
 144000
 145000
 146000
 147000
 148000
 149000
 150000
 151000
 152000
 153000
 154000
 155000
 156000
 157000
 158000
 159000
 160000
 161000
 162000
 163000
 164000
 165000
 166000
 167000
 168000
 169000
 170000
 171000
 172000
 173000
 174000
 175000
 176000
 177000
 178000
 179000
 180000
 181000
 182000
 183000
 184000
 185000
 186000
 187000
 188000
 189000
 190000
 191000
 192000
 193000
 194000
 195000
 196000
 197000
 198000
 199000
 200000


# name: optim_start
# type: scalar
67


# name: optim_steps
# type: matrix
# rows: 1
# columns: 201
 6 54 111 160 190 197 204 208 217 220 224 226 229 231 232 233 236 241 245 252 269 291 292 293 294 295 296 297 298 299 300 301 302 303 304 305 306 307 308 309 310 311 312 313 314 315 316 317 318 319 320 321 322 323 324 325 326 327 328 329 330 331 332 333 334 335 336 337 338 339 340 341 342 343 344 345 346 347 348 349 350 351 352 353 354 355 356 357 358 359 360 361 362 363 364 365 366 367 368 369 370 371 372 373 374 375 376 377 378 379 380 381 382 383 384 385 386 387 388 389 390 391 392 393 394 395 396 397 398 399 400 401 402 403 404 405 406 407 408 409 410 411 412 413 414 415 416 417 418 419 420 421 422 423 424 425 426 427 428 429 430 431 432 433 434 435 436 437 438 439 440 441 442 443 444 445 446 447 448 449 450 451 452 453 454 455 456 457 458 459 460 461 462 463 464 465 466 467 468 469 470


# name: VPVP_params
# type: scalar struct
# ndims: 2
 1 1
# length: 8
# name: lambda
# type: scalar
300000000


# name: downsample
# type: scalar
10


# name: MaxIter_X
# type: scalar
200


# name: MaxIter
# type: scalar
50


# name: optTol_X
# type: scalar
1e-06


# name: progTol_X
# type: scalar
1e-10


# name: optTol_aW
# type: scalar
0.0001


# name: progTol_aW
# type: scalar
1e-07




