# Created by Octave 4.0.0, Sun Jan 07 23:08:06 2018 ART <gabrevaya@ws7.labo5>
# name: y_start
# type: matrix
# rows: 10
# columns: 1
 -1.036532971396581e-06
 1.881752977349707e-05
 1.354734076231997e-06
 2.476609015002208e-06
 -2.081901085569525e-06
 1.437371826735191e-06
 -2.060436541888121e-06
 4.785398855054895e-07
 -2.257979396149555e-07
 -2.957252269311131e-06


# name: alphas
# type: cell
# rows: 1
# columns: 3
# name: <cell-element>
# type: matrix
# rows: 10
# columns: 1
 -0.106136501765841
 1.936352379610603
 0.3241650843836548
 1.068807761307255
 0.006537110753427536
 0.3655472413952091
 -0.04071512143410841
 -0.9078792218729712
 0.4341598272840458
 0.297690611570333



# name: <cell-element>
# type: matrix
# rows: 10
# columns: 1
 0.2668028229368588
 0.5139460657031061
 1.161585626601092
 0.2986536123775328
 0.7951360213328326
 0.9209530739123366
 1.011565253143217
 0.671256826791566
 0.271749707527523
 0.3778734710978273



# name: <cell-element>
# type: matrix
# rows: 10
# columns: 1
 11.53993514030467
 11.6741854135746
 11.56557515323039
 11.7084912927075
 11.43074889963614
 11.07257039798742
 12.36280891588646
 11.24531454991504
 11.44787456339255
 10.15640415188876





# name: W
# type: matrix
# rows: 10
# columns: 10
 0.08703225469527674 0.4689978467987929 0.514662930488388 -0.3552880136877764 0.4324389671732382 0.1497680474692413 -0.3800510185574771 -0.1905698575178115 -0.06326538499633207 0.5150355926125554
 -0.2462403114409336 -0.2548397904866241 0.0681433521415724 0.6370713551519857 0.0419779004798261 0.2851902489582726 0.3765401358024354 -0.06983539185675045 0.04537745255468309 -0.3771269868479256
 0.03021647141769537 0.1464957828203272 -0.5292568102603913 0.1291021739097421 0.7030114026535652 0.1214098610773084 0.2593339068815151 -0.1505845484624651 0.05984218271155922 0.05729955624430465
 0.2078487762606849 -0.5074845466758087 0.1433550744698587 -0.07144339199053611 -0.254294025287881 -0.02977568020962336 -0.6116442564886725 0.4186615342147344 0.2232578832122265 -0.1065852504779646
 0.2505167847571909 -0.1126236284006351 -0.3094860829625736 0.05541416369917077 0.578235345438723 0.1005167254315655 -0.2198963389463498 0.2508487618646027 0.01252389413080745 0.4631363850340115
 0.09539680136429242 -0.3254813871394338 0.09336847629992559 -0.1958224776622259 -0.02534270281588131 0.03061518526882743 0.00215756447676767 0.06384259264816869 -0.2290816458535981 0.1213780315316309
 0.1855999440463668 -0.03417674733613742 0.3490437616458548 0.02437202171974999 -0.5643984179402598 0.3668173963975059 -0.1300685425319 -0.6708494551389754 0.09811061325699309 -0.01095816978659755
 -0.4529291318107552 0.2575098415074107 0.326743691247457 0.2905287296171183 -0.01175784085465859 -0.2133341512590142 -0.2237679974261943 -0.6279948317457392 -0.01196012475957353 0.05639310838827966
 -0.1948243339108245 0.1090635579721675 0.2384506080287281 -0.2164114350288625 0.5136940538927388 0.07533678611630654 -0.1359580198692443 0.1020659822728584 -0.2299981057447905 0.1276903543645996
 -0.1746576160640085 0.2831411100992196 -0.2277294317587399 -0.3259739751585667 0.2006249538212472 0.03765811081961269 0.4384596410205354 0.1112683956873169 -0.05666392872678339 -0.6034607688114285


# name: iter
# type: scalar
100000


# name: c
# type: matrix
# rows: 1
# columns: 10
 0.2283464727372087 0.3765388668448469 0.5095212529003839 0.5682204031714851 0.6182094112179123 -0.01389406431721539 0.2997260972521634 0.4726500122985021 0.51909321863816 0.5738932489657996


# name: mean_corr
# type: matrix
# rows: 369
# columns: 1
 -0.1058893677906372
 -0.08981730494395983
 -0.07739117256111605
 -0.0771928724194243
 -0.08926255128278057
 0.3564137614596892
 0.355464684668836
 0.3548941013597463
 0.3369302353177651
 0.3160608038419074
 0.3021821476587343
 0.3000413950495922
 0.3019060369405688
 0.296438613530942
 0.3006735948889415
 0.2957698488048224
 0.2981376144147135
 0.2743700069761623
 0.2809184029014489
 0.2767562685027361
 0.2852745849578423
 0.2709137350120073
 0.2737822812099327
 0.2569498444649553
 0.2468343817405262
 0.2402092469886815
 0.2383764812412912
 0.2468588108233181
 0.2458310527775611
 0.2449596398709317
 0.2174842842487586
 0.2150520472993777
 0.2147236601734646
 0.2098620883253127
 0.2035161905486308
 0.2178493578627516
 0.2222650580903546
 0.2264125503245769
 0.2344049963324977
 0.225858142513677
 0.226330718928572
 0.2265422067916331
 0.2275403682996559
 0.2245141986712814
 0.2272607033930132
 0.2178733725433162
 0.2168351574038313
 0.2266950219505795
 0.2120873026045172
 0.2075873148670417
 0.2080878614050047
 0.2090150848872541
 0.2098274313404826
 0.4695890042565342
 0.4697920403606763
 0.4582866010398052
 0.4571349097546478
 0.4566312533768327
 0.4543658284725663
 0.4498912304821638
 0.444838660471491
 0.4479045173760919
 0.4471754342222608
 0.4477794188995501
 0.4369003211714607
 0.4346847696365742
 0.4358420934524055
 0.4367089730803161
 0.4170356873311307
 0.4173555812659967
 0.4065348992455009
 0.4042746986090033
 0.4071923471623249
 0.4105452192493609
 0.4111341779973777
 0.416620725052136
 0.4222006632233826
 0.4244432532555676
 0.425261542954958
 0.4242721895421567
 0.4213367550532964
 0.420183109232293
 0.4236888537037869
 0.4253498504548511
 0.4239856737702471
 0.4252756378683656
 0.4243185435149096
 0.4237207952343421
 0.4310956413696198
 0.4316635365601363
 0.4307082930795775
 0.4310226565137398
 0.4298253605511859
 0.4343016691676692
 0.4272653431011919
 0.4264212670629383
 0.4323592985538326
 0.4302501400228081
 0.4350931253587236
 0.4501349955732278
 0.4517075939714872
 0.4510516930757233
 0.4278611749389792
 0.4294896501207636
 0.4327356678237408
 0.434295825890223
 0.4251656950634626
 0.4115011325305883
 0.4132999365847376
 0.4122405470593772
 0.5273056722150737
 0.5208556388012893
 0.4972656922079829
 0.4906282112784507
 0.485983616919811
 0.486251087144575
 0.4697462801606984
 0.4528457135960841
 0.4740502647039028
 0.4527584886643088
 0.456111428982808
 0.4531601087288912
 0.4542684190178441
 0.4554124348274627
 0.4531872290431034
 0.4524526987898296
 0.4540811186910177
 0.4700301495339564
 0.4693558562403668
 0.4576678927621307
 0.46131582607888
 0.4605048259722229
 0.4565114651966266
 0.4527274079059532
 0.4492153008697245
 0.4481701821597923
 0.4509986529353768
 0.4495645073766023
 0.447391207107679
 0.4409479090903842
 0.44551214222927
 0.44762966879786
 0.4498308618141249
 0.4508586518623935
 0.4516996881804904
 0.4518488654044607
 0.4532694151620109
 0.4540328541306941
 0.4582824551763692
 0.4620255188611441
 0.4608618529648293
 0.4627318126226527
 0.4632501944863011
 0.4639709195263697
 0.4576660540532059
 0.4630305373323396
 0.4636295355862748
 0.4637475753676792
 0.4641620803311965
 0.4641647921750657
 0.4650365633794106
 0.4643322777999253
 0.4642672593585959
 0.4630685166758696
 0.4631557973100776
 0.4648561108562057
 0.4718671890892684
 0.4702290814189049
 0.4671046444692363
 0.4673254408934791
 0.4661104934725375
 0.4670073650956118
 0.4657004022814273
 0.4683184069391331
 0.4733779544111243
 0.4709493414800369
 0.4731826681322537
 0.4787789346503389
 0.4804829715205626
 0.4813953220731008
 0.4890920890082898
 0.4902382226385749
 0.4938520524726143
 0.4934357708688016
 0.4937382236141757
 0.493261413913091
 0.4932849400593468
 0.4926271736389891
 0.4947659251330908
 0.4947671219494706
 0.4953091959079023
 0.494751626977826
 0.4950208575873463
 0.5050622300031968
 0.5053379629706004
 0.5034356073970441
 0.5034307481528659
 0.5051650639766667
 0.5045784342664509
 0.5050696255475781
 0.5047873009977484
 0.5052446705049822
 0.5014848821302651
 0.5013652330999455
 0.5051710144472169
 0.505759124808197
 0.5057084506604524
 0.5056202567120075
 0.5055714844171838
 0.5051618717076004
 0.5059331181798405
 0.5070976609069076
 0.5081634991798677
 0.5077184730600013
 0.5064756834060951
 0.5101362018746919
 0.510135420344095
 0.5115868987191623
 0.5114138319518713
 0.511413230933047
 0.510593846276079
 0.5116231540284558
 0.5114981961540204
 0.5114954339896893
 0.510766916337004
 0.5107651371590369
 0.5102665055547951
 0.5111182449096112
 0.5111185245916821
 0.5124654971686466
 0.5124656687431723
 0.5124658401671032
 0.5124660114406417
 0.5182448657338844
 0.5211317702238507
 0.5211325960582455
 0.5171780527512402
 0.5261659211118173
 0.5312654994158296
 0.5335098832705325
 0.533433912199379
 0.5332295268747511
 0.5350910197759003
 0.5368656741552771
 0.5371656270244108
 0.5366428414030104
 0.5365138261627146
 0.5373175590000783
 0.5374550165510796
 0.5384107394088856
 0.5389910510694553
 0.5389711871712362
 0.5281973310740528
 0.5238296245972176
 0.528395167912812
 0.5227411810063444
 0.522097672386771
 0.527458176962616
 0.5265802079267837
 0.5335566395316053
 0.5353488608998859
 0.5394753598022562
 0.5376180668916233
 0.5363724787784291
 0.5324641414721953
 0.5388091524864104
 0.5524408764376757
 0.5542122760344653
 0.5826892348889781
 0.5777959487003282
 0.579114094714959
 0.5719058155019524
 0.5735827946245559
 0.5729834866364925
 0.5661189111579332
 0.5564660213174563
 0.5641804451639337
 0.5682103350842393
 0.574199321380943
 0.5790869575928176
 0.5777904392976241
 0.5705134442904619
 0.5759460454412271
 0.5784854283309028
 0.5817037271813852
 0.5803171129596747
 0.5841190532653612
 0.5848816273901255
 0.5842499638231405
 0.5842968144136386
 NaN
 NaN
 NaN
 NaN
 NaN
 NaN
 NaN
 NaN
 NaN
 NaN
 NaN
 NaN
 NaN
 NaN
 NaN
 NaN
 NaN
 NaN
 NaN
 NaN
 NaN
 NaN
 NaN
 NaN
 NaN
 NaN
 NaN
 NaN
 NaN
 NaN
 NaN
 NaN
 NaN
 NaN
 NaN
 NaN
 NaN
 NaN
 NaN
 NaN
 NaN
 NaN
 NaN
 NaN
 NaN
 NaN
 NaN
 NaN
 NaN
 NaN
 NaN
 NaN
 NaN
 NaN
 NaN
 NaN
 NaN
 NaN
 NaN
 NaN
 NaN
 NaN
 NaN
 NaN
 NaN
 NaN
 NaN
 NaN
 NaN
 NaN
 NaN
 NaN
 NaN
 NaN
 NaN
 NaN
 NaN
 NaN
 NaN


# name: mean_error
# type: matrix
# rows: 369
# columns: 1
 1.483589932712585
 1.474081031383953
 1.467963075736206
 1.467337533765715
 1.447999780093051
 1.280817911763068
 1.279954313377704
 1.271852582379427
 1.273232510812037
 1.282192996304426
 1.280707559701595
 1.282261271731091
 1.284739721459628
 1.277491217527044
 1.274342710575236
 1.28812988088691
 1.297179778320364
 1.300827803578616
 1.304320271188091
 1.304146217963783
 1.297602518274159
 1.286281203076818
 1.291083672036719
 1.319298454351738
 1.320315717308173
 1.320156526879485
 1.321782089716133
 1.324045227908492
 1.318801717796462
 1.316975594702512
 1.314288492534857
 1.313049920599083
 1.313096711477973
 1.319782327858726
 1.324516985190336
 1.327213500359869
 1.329527323881548
 1.32117296257029
 1.32450638227907
 1.333905523260665
 1.333533336355159
 1.332747144428482
 1.331599232710271
 1.329723713330803
 1.328268683109787
 1.330089693210046
 1.331085220421563
 1.319645219320835
 1.32747039481782
 1.329698068827627
 1.33138638031792
 1.331956307541355
 1.333342186519814
 1.211267793997247
 1.194338008167517
 1.195724026429371
 1.19397954742192
 1.194631480648741
 1.200513977914726
 1.203384069026612
 1.203357988327867
 1.199597720772641
 1.201785314340742
 1.202381123092411
 1.211888990658881
 1.221700662421103
 1.230209744673609
 1.228173246432315
 1.239516696330495
 1.237336881108819
 1.226268407631991
 1.232651213283583
 1.231312660713563
 1.221884968367222
 1.224163719269055
 1.219555298351238
 1.217851990213021
 1.221524394156226
 1.219899321739167
 1.215117074343026
 1.222380710034126
 1.226111831812693
 1.223780869861027
 1.226938517609544
 1.22688589617019
 1.226924952346658
 1.228892918010841
 1.229215687207711
 1.220631143368408
 1.218350325632036
 1.220091345818787
 1.220737560750936
 1.218690198730063
 1.216750651524066
 1.216219218975567
 1.217323240884276
 1.212229962681067
 1.211396785359828
 1.208416218351924
 1.203425446045309
 1.198995677510749
 1.211190784236103
 1.226256502594756
 1.225312319083679
 1.221122862033516
 1.220084559949712
 1.221755515766361
 1.228127304987653
 1.225648746299603
 1.22589883551395
 1.182698938785053
 1.193349502183686
 1.197146771243824
 1.187298076400763
 1.192370412728361
 1.192188795143522
 1.201140532612779
 1.205881755596437
 1.188351834736475
 1.203952816034206
 1.203773345590192
 1.213400476962704
 1.21335205656769
 1.220622450681375
 1.222154806379107
 1.22359857029364
 1.217018645495014
 1.205138692214626
 1.205082926894196
 1.209610734415254
 1.201336069672671
 1.203272658924456
 1.202905667190427
 1.207380146791833
 1.216775373506157
 1.216817569576424
 1.212931598182901
 1.21410045674636
 1.216759353267737
 1.217281782709902
 1.220266453789707
 1.218025602166998
 1.217427838678866
 1.215542362894961
 1.21752967731059
 1.217858018374021
 1.217819265723698
 1.215235172274323
 1.212452058926248
 1.20815795500414
 1.209614854257256
 1.212612282334285
 1.203181024043804
 1.204809338226998
 1.201919891078537
 1.200556434039973
 1.202581445060178
 1.203545567329283
 1.20389396156808
 1.203895814190088
 1.206452173736943
 1.206373751671378
 1.208515995593941
 1.209530513032277
 1.209843439987862
 1.207039181573301
 1.201756935080399
 1.205835661502151
 1.204297816038459
 1.203674909477875
 1.204119935815271
 1.202572302607797
 1.201566727731219
 1.205469437928741
 1.205639744820087
 1.208925682753536
 1.206704302531839
 1.204756788145897
 1.202114975745289
 1.20100725705179
 1.198195282343906
 1.198172096580708
 1.196952826045967
 1.197068464884816
 1.193558969833294
 1.195257258862432
 1.195335467667465
 1.198118366054042
 1.195706400391955
 1.195707593739595
 1.194023255109929
 1.191287508090745
 1.19338099046384
 1.191628719178082
 1.192378542046251
 1.198253605704396
 1.198253401649638
 1.198061520451712
 1.196379061989781
 1.195589256686555
 1.200433175515375
 1.202064338872912
 1.204808489141594
 1.204830493767747
 1.203749207893992
 1.201503894301788
 1.198788903386139
 1.196543116677959
 1.195233598652328
 1.193730490654244
 1.19442466661982
 1.194677407494351
 1.191504547987315
 1.191497834009582
 1.191940828421994
 1.187802895464207
 1.187800951977583
 1.183232392978077
 1.186427873988495
 1.186427886085408
 1.189735984704893
 1.196410769870158
 1.195177536978813
 1.195177770023613
 1.192600373162349
 1.192600628828105
 1.193484819993617
 1.193769806902424
 1.193770464409479
 1.196425354803084
 1.19642527638542
 1.196425197799583
 1.196425119045681
 1.18889334210694
 1.180779050739981
 1.180776277238472
 1.182704964086178
 1.17503863402665
 1.166152214839596
 1.176011487069731
 1.174570167994638
 1.169987344277016
 1.166369326240912
 1.168597077645457
 1.168649124593629
 1.168504703324308
 1.169578800406918
 1.164579795788434
 1.164881634495388
 1.164033481123048
 1.164974929216269
 1.16459343374555
 1.177137663686141
 1.179413512417794
 1.177606903377645
 1.184103200185051
 1.185195697414354
 1.181405690192577
 1.177211514832888
 1.172853106760362
 1.175547572867471
 1.17582503228648
 1.178232098814425
 1.180051697588767
 1.184706014041208
 1.179095682863727
 1.174668818572171
 1.173549904266797
 1.158204194845313
 1.163674616623851
 1.159060826820511
 1.167866561322469
 1.160629740895479
 1.152753048721963
 1.160097376395235
 1.173206370275903
 1.168057255495884
 1.163894598838062
 1.150763196162732
 1.151438179444632
 1.152758721017613
 1.169077737364919
 1.171627246435528
 1.166726831006339
 1.170729617556932
 1.167729765456971
 1.156150995586457
 1.162193816966715
 1.163436649474652
 1.163549430892787
 NaN
 NaN
 NaN
 NaN
 NaN
 NaN
 NaN
 NaN
 NaN
 NaN
 NaN
 NaN
 NaN
 NaN
 NaN
 NaN
 NaN
 NaN
 NaN
 NaN
 NaN
 NaN
 NaN
 NaN
 NaN
 NaN
 NaN
 NaN
 NaN
 NaN
 NaN
 NaN
 NaN
 NaN
 NaN
 NaN
 NaN
 NaN
 NaN
 NaN
 NaN
 NaN
 NaN
 NaN
 NaN
 NaN
 NaN
 NaN
 NaN
 NaN
 NaN
 NaN
 NaN
 NaN
 NaN
 NaN
 NaN
 NaN
 NaN
 NaN
 NaN
 NaN
 NaN
 NaN
 NaN
 NaN
 NaN
 NaN
 NaN
 NaN
 NaN
 NaN
 NaN
 NaN
 NaN
 NaN
 NaN
 NaN
 NaN


# name: iter_improve
# type: matrix
# rows: 369
# columns: 1
 1
 15
 25
 36
 62
 67
 71
 80
 83
 89
 94
 100
 104
 107
 110
 125
 140
 141
 156
 162
 165
 168
 169
 178
 179
 187
 209
 218
 237
 241
 249
 300
 323
 344
 360
 366
 371
 408
 511
 524
 576
 586
 652
 658
 667
 693
 711
 715
 720
 753
 840
 870
 995
 1000
 1001
 1004
 1007
 1013
 1017
 1034
 1038
 1046
 1048
 1050
 1087
 1093
 1095
 1108
 1118
 1138
 1151
 1160
 1183
 1184
 1207
 1224
 1235
 1239
 1264
 1297
 1392
 1407
 1412
 1439
 1449
 1466
 1495
 1503
 1504
 1507
 1510
 1529
 1596
 1600
 1609
 1627
 1629
 1635
 1682
 1696
 1704
 1707
 1716
 1739
 1815
 1821
 1839
 1841
 1878
 1926
 2000
 2001
 2003
 2005
 2010
 2021
 2027
 2032
 2035
 2036
 2047
 2048
 2049
 2072
 2089
 2100
 2104
 2138
 2141
 2145
 2148
 2150
 2151
 2154
 2168
 2176
 2177
 2178
 2194
 2207
 2218
 2281
 2303
 2333
 2337
 2351
 2360
 2365
 2368
 2374
 2375
 2413
 2661
 2694
 2752
 2758
 2763
 2804
 2987
 3000
 3197
 3209
 3216
 3252
 3323
 3329
 3344
 3366
 3369
 3415
 3422
 3423
 3432
 3435
 3446
 3467
 3474
 3500
 3512
 3532
 3543
 3586
 3595
 3605
 3663
 3721
 3788
 3833
 3982
 4000
 4090
 4122
 4177
 4511
 4857
 4873
 5000
 5010
 5187
 5252
 5645
 5675
 5678
 6000
 6019
 6372
 6535
 7000
 7200
 7313
 7365
 7370
 7371
 7443
 7473
 7603
 8000
 8030
 8077
 9000
 9321
 9421
 9862
 10000
 10303
 11000
 11344
 11679
 12000
 12047
 13000
 14000
 15000
 15834
 15954
 16000
 16102
 16365
 16382
 16786
 17000
 17518
 17641
 17863
 18000
 18038
 18084
 18729
 18837
 18856
 18888
 19000
 19057
 19142
 19155
 19162
 19178
 19244
 19343
 19381
 19390
 19459
 19474
 19502
 19587
 19802
 19852
 19968
 20000
 20003
 20004
 20013
 20020
 20021
 20027
 20028
 20033
 20041
 20054
 20064
 20101
 20108
 20229
 20259
 20265
 20316
 20349
 20356
 20599
 20994
 21000
 22000
 23000
 24000
 25000
 26000
 27000
 28000
 29000
 30000
 31000
 32000
 33000
 34000
 35000
 36000
 37000
 38000
 39000
 40000
 41000
 42000
 43000
 44000
 45000
 46000
 47000
 48000
 49000
 50000
 51000
 52000
 53000
 54000
 55000
 56000
 57000
 58000
 59000
 60000
 61000
 62000
 63000
 64000
 65000
 66000
 67000
 68000
 69000
 70000
 71000
 72000
 73000
 74000
 75000
 76000
 77000
 78000
 79000
 80000
 81000
 82000
 83000
 84000
 85000
 86000
 87000
 88000
 89000
 90000
 91000
 92000
 93000
 94000
 95000
 96000
 97000
 98000
 99000


# name: optim_start
# type: scalar
67


# name: optim_steps
# type: matrix
# rows: 1
# columns: 100
 6 54 111 160 190 197 204 208 217 220 224 226 229 231 232 233 236 241 245 252 269 291 292 293 294 295 296 297 298 299 300 301 302 303 304 305 306 307 308 309 310 311 312 313 314 315 316 317 318 319 320 321 322 323 324 325 326 327 328 329 330 331 332 333 334 335 336 337 338 339 340 341 342 343 344 345 346 347 348 349 350 351 352 353 354 355 356 357 358 359 360 361 362 363 364 365 366 367 368 369


# name: VPVP_params
# type: scalar struct
# ndims: 2
 1 1
# length: 8
# name: lambda
# type: scalar
300000000


# name: downsample
# type: scalar
10


# name: MaxIter_X
# type: scalar
200


# name: MaxIter
# type: scalar
50


# name: optTol_X
# type: scalar
1e-06


# name: progTol_X
# type: scalar
1e-10


# name: optTol_aW
# type: scalar
0.0001


# name: progTol_aW
# type: scalar
1e-07




