# Created by Octave 3.8.1, Mon Jan 08 04:18:58 2018 ART <gabrevaya@ws1.labo2>
# name: y_start
# type: matrix
# rows: 10
# columns: 1
 1.918635351618382
 -1.041633082173597
 -0.6657067866558418
 -1.650186926564321
 -0.6055641358718502
 -6.381722765302808
 -0.1377929227014184
 -2.020556408301501
 1.452121653169018
 0.7397782048643068


# name: alphas
# type: cell
# rows: 1
# columns: 3
# name: <cell-element>
# type: matrix
# rows: 10
# columns: 1
 1.680948970442628
 -0.1791101541965437
 1.971742844005146
 2.846871738301488
 0.22964521506606
 0.7267800310473549
 0.8310028317360751
 -0.3470271005146737
 2.225986519290133
 -0.4587566438688322



# name: <cell-element>
# type: matrix
# rows: 10
# columns: 1
 1.518095816917381
 0.9391909721878917
 1.206778573685397
 0.3640072076170118
 1.191482388176149
 0.4459029041916309
 0.8718008589347659
 0.4984325447033494
 0.5135449755959708
 0.3118932509289178



# name: <cell-element>
# type: matrix
# rows: 10
# columns: 1
 11.21519786475581
 10.73391078496702
 10.62235954740841
 11.55967516255268
 10.59808431743691
 9.827808446474894
 10.92989200027569
 11.90188634587445
 10.75634193471234
 11.11066432990467





# name: W
# type: matrix
# rows: 10
# columns: 10
 -0.004893986235841009 0.1272842718372195 -0.4146390548152761 -0.3181655089167483 -0.52512764873421 0.01509907597779273 -0.602685391601174 -0.4089182132214255 -0.3801196545834104 0.8465983271009879
 -0.2240769577933769 0.1444189228919001 -0.5128588448731817 0.5378884937128731 -0.1360098780573474 0.5004630629109593 0.03648059410701754 -0.2375006783043991 0.3578435024743463 0.3386789187652946
 -0.7807985214812547 0.2648235661264119 -0.8612106173209377 -0.2099464600586872 0.7244673191613877 0.1316019945276882 -0.1119155182600569 0.3234978919890807 0.805688179300503 -0.3760782432452873
 -0.7172162818084766 -0.7844938624654545 0.2133402463967843 -0.001009214778093906 0.3211376368236639 -0.2110717678014263 -0.6439432705822239 -0.5424684728319944 -0.9658426458575206 -0.6211232833158705
 0.3083229833427527 -0.3377286039441854 0.2414519184494271 0.02376243278668276 0.257046155146424 -0.1718964806087669 0.8040079843640431 -0.6761859112436923 0.2075055605498 -0.3263765824163402
 0.09925855383991609 -0.03661648269428042 0.4236286775152213 -0.4522707238156082 0.6134995413544221 -0.2509866678284707 -0.2000459550964955 -0.02623295948935652 -0.1166365629956178 -0.05118298872700303
 0.3215599471444427 0.1505495017695801 0.6151615205512703 -0.1001743585334716 -0.1881736899339873 0.6304084099788256 0.08561170457682378 0.1564497565566794 -0.4164525779138514 0.5164733032358195
 -0.2272121076929773 -0.1335762053063714 0.1325868801476322 0.2691639748433503 0.08564107745199943 0.4056871535764892 -0.09053235335291661 0.03154752805246411 -0.238565501604022 0.2901312484300868
 0.3750730010458064 -0.1399507979360567 0.6836689356862364 0.6808085731986759 0.8956573640063821 0.7424307283907883 -0.02992088219416732 0.0008540086740859801 -0.4039663412333713 0.4252559491719569
 -0.2222201899008877 0.1419467910952356 -0.7050609122249467 -0.2249473068460803 0.1641091856152367 -0.3867374727200535 0.8593225906890688 0.4084160789773204 0.267352898708108 -0.696677768123826


# name: iter
# type: scalar
100000


# name: c
# type: matrix
# rows: 1
# columns: 10
 0.6591216167480064 0.635462764915713 0.563742089645104 0.8341027065736826 0.7617286182101486 0.6957640598168797 0.5279515130123225 0.6037742099031979 0.6309293651983864 0.7438385316930597


# name: mean_corr
# type: matrix
# rows: 856
# columns: 1
 0.004805777893538276
 0.008634676108541078
 0.02853222528119356
 0.0803946224914706
 0.1320164565251107
 0.1617366999634748
 0.1900059639555025
 0.1901320732728418
 0.1943355956992877
 0.2034037573714553
 0.2052099911814722
 0.2057897646074554
 0.2058756985047897
 0.2066993516907924
 0.2069153725321682
 0.2076658818276056
 0.2081128956287848
 0.2081235205251491
 0.3991390989098616
 0.385925440767247
 0.386404710379383
 0.386944225899002
 0.3859920996521387
 0.3865743123895925
 0.3903933465586147
 0.3755132156030895
 0.3748327417699621
 0.3732294947544051
 0.3737155973329221
 0.3686079717991167
 0.3664280487702346
 0.3661516090646819
 0.3547896143603562
 0.3543692817058117
 0.3547525648642463
 0.3482761872595678
 0.3505918670932745
 0.3543143952288218
 0.3528380533213298
 0.3536224525228418
 0.3532522264936578
 0.3539940522459673
 0.3557538933679336
 0.3548670303297102
 0.3542133094507312
 0.4993705155908284
 0.4990377229356865
 0.4991694402833698
 0.499598997284045
 0.502030833429978
 0.4995209472196233
 0.4891616998841601
 0.4546567996202372
 0.4543949378774373
 0.4364312893526063
 0.4201879697524618
 0.41980218014083
 0.435393191504943
 0.4350973063975885
 0.4336976419349289
 0.4218997443601258
 0.4361741265801425
 0.4163115496505979
 0.418993881145663
 0.4190708315215246
 0.4189823056519432
 0.4244876996064786
 0.4239507401613077
 0.42644791125147
 0.4297228191334421
 0.4217590002543322
 0.4184064036001797
 0.4202037977694929
 0.3922951847163645
 0.3822825073862459
 0.3984716678960428
 0.3990154174431337
 0.4034249776045356
 0.4017619475307042
 0.3980416307773341
 0.3889144509823043
 0.386846529383175
 0.393051757381759
 0.3965040961563052
 0.396997278220007
 0.3939648946653077
 0.3961214165160573
 0.4013199466041864
 0.403145843644458
 0.4036940273050528
 0.4026646120727137
 0.5134754117646164
 0.5137066730121203
 0.5132963767305718
 0.5128966776359648
 0.5128771917942888
 0.4948408198283794
 0.4925318835277996
 0.4737401577534249
 0.4557895068086945
 0.4561757951109282
 0.4550926743840061
 0.4456377502664274
 0.4450213830797064
 0.4615409680535826
 0.4673091389865818
 0.4647628587478502
 0.4628829275294785
 0.4643580389186277
 0.4522230665766284
 0.4471599858437554
 0.4443359646821817
 0.4432649265248624
 0.4426825771164798
 0.4416257603742836
 0.437671269850911
 0.4368015662387719
 0.438530506012341
 0.437736132053774
 0.4388623857342805
 0.4371710020783584
 0.4339609675907967
 0.4316194114214948
 0.4290871032714286
 0.428373307589714
 0.4279414096982929
 0.4291170495733443
 0.4281853558616587
 0.427518251392412
 0.4289854208596755
 0.4274517559032577
 0.4291696363635607
 0.4291143479704681
 0.4292066452096105
 0.4312503334434156
 0.4350215549837965
 0.4346529044306674
 0.4356187630955861
 0.4388888126102244
 0.438394043946203
 0.4385121061473917
 0.435162828271999
 0.4355400839552009
 0.4342542354656954
 0.4339577991777831
 0.4320878911183008
 0.429869831681759
 0.4300535201337393
 0.4213967753583204
 0.4184905519315202
 0.41887740758696
 0.416583085734477
 0.4179765331458256
 0.414353532809726
 0.4120324392692189
 0.5135306183257112
 0.5062024312515867
 0.4997270786728721
 0.5037697244621081
 0.5105283749046012
 0.503034493079612
 0.4997323254149491
 0.4965270687744694
 0.4966841978471397
 0.4958998555214428
 0.4936257222113765
 0.4903780141161378
 0.4894516040489149
 0.4790892356783945
 0.4782766587742596
 0.4776468927982001
 0.4762326788321569
 0.4799001289072805
 0.4660950021528306
 0.4785109860631187
 0.4779431218707967
 0.4767873257555835
 0.4770589857961338
 0.4711507806292127
 0.4644553516513564
 0.4686408565246724
 0.4732012671111806
 0.4726895004716239
 0.4687284263345538
 0.4746605898353368
 0.4705034868055066
 0.4660473638187613
 0.4652649644291381
 0.4631172795150476
 0.4619688836095108
 0.4591933506537275
 0.4689964009573817
 0.4646400084791771
 0.4616937705952101
 0.4621826556608439
 0.4618704012102234
 0.4631530074818267
 0.4611694682491027
 0.5149178365879402
 0.4937203178277558
 0.4900279018823923
 0.4887974087151858
 0.4897342145794182
 0.4740817872785578
 0.4680771824769045
 0.4696775728732303
 0.4730550361411082
 0.4849267862940668
 0.4732692737024747
 0.4791315147915493
 0.4741005214574433
 0.4814464590137374
 0.4767391894663465
 0.4728402841735003
 0.467429834570715
 0.4613449744173445
 0.4666148752103375
 0.4643102047546107
 0.466535172216095
 0.4650754515485667
 0.4590162986990805
 0.4595995695008856
 0.4598578982286691
 0.463220817387567
 0.4616381987941973
 0.4631039648993477
 0.4735502860546396
 0.4730389096473543
 0.4739682277426661
 0.4719722265276243
 0.4721746270587622
 0.4734250641693617
 0.4861424797068413
 0.4901760130091614
 0.485706492999793
 0.4919017457249703
 0.4756943126559877
 0.4764998542086412
 0.4680113613469941
 0.4683632231641175
 0.466121161557698
 0.4677797039774217
 0.4688205534345454
 0.4681591018645843
 0.4685847108685316
 0.461279937143331
 0.4578275110245326
 0.461179200323877
 0.4775259907038031
 0.4704125171234926
 0.4734292318802208
 0.5543279908478402
 0.5545581515173315
 0.5519227200054944
 0.5396759673052428
 0.5181898748477423
 0.5174618013531302
 0.5218056103717003
 0.5222329056390439
 0.517485633139135
 0.5214003797841629
 0.518270056768267
 0.5189973502907017
 0.5005381682786616
 0.4947905651931116
 0.487951899072088
 0.4907711804190559
 0.490762835323717
 0.4900966842281083
 0.4802160688527463
 0.4790359890810295
 0.4791163329389462
 0.4771800059062714
 0.4735675879070758
 0.4732001904406162
 0.4764813096204912
 0.4805427811157973
 0.4805369339178897
 0.4923401354036434
 0.4898410436919041
 0.4868522991595537
 0.4941536012427591
 0.4943115208577941
 0.4917281775099052
 0.4915263514435441
 0.4928167176532275
 0.4928946598625036
 0.5601319626350494
 0.5633146787164461
 0.5628545901910816
 0.5603953206585774
 0.5528660746753907
 0.540200725037037
 0.5101989952362206
 0.5090652455198075
 0.5168584842252011
 0.5296679010745333
 0.5238045269021855
 0.5229625038876918
 0.524370341822301
 0.5174475365153569
 0.553719356430602
 0.5492826278232344
 0.546547001343339
 0.5390810612000532
 0.5352418465604879
 0.5348018531061102
 0.5298340325039124
 0.5318543797241349
 0.5306876719122308
 0.530288664991141
 0.5284672756047396
 0.5334245100922953
 0.5301497048055206
 0.5288373012249232
 0.5267777905811306
 0.5289349653881239
 0.5277415047939976
 0.5267291693027929
 0.5247528702258044
 0.5238896094067118
 0.5157527272164623
 0.5140690105518516
 0.5151800535419462
 0.5227619963430736
 0.5233656640445665
 0.5216141813157467
 0.5121891151662299
 0.5085565439694525
 0.5073532012520166
 0.5086872036828323
 0.4971066107405041
 0.5003910486563764
 0.5010994212927503
 0.5000570629476531
 0.5002940877007802
 0.5006721961779239
 0.5005099422214445
 0.5079475929793904
 0.5059917861846978
 0.5052169528229169
 0.5085296165361606
 0.5651413958263014
 0.5611098730220957
 0.5704331576964163
 0.5665168600505297
 0.5643884512425497
 0.5639971993893026
 0.5533742400724659
 0.5498724713225618
 0.5478478950280964
 0.5432639422848593
 0.5378873520365205
 0.5470315188670863
 0.5438255831354385
 0.5430924659857979
 0.532042149969012
 0.5356193710659788
 0.5362672000576576
 0.5376236525737548
 0.5297451750777536
 0.528775122692268
 0.5275551747466407
 0.5240987779786579
 0.5252670854145796
 0.5248853337528839
 0.523757376285958
 0.5262154006488158
 0.5266551510889441
 0.5272784811935267
 0.5272443449614392
 0.5284524394705461
 0.5319868362108799
 0.5321586163208389
 0.5326195452130065
 0.5354035493195367
 0.5335394158815487
 0.5252585319007398
 0.5217980436261115
 0.5213065184034577
 0.5192856748825141
 0.5160540300331381
 0.5147688423820109
 0.5714879216438609
 0.5717918293622958
 0.5692345823968731
 0.566127199196266
 0.540973537309923
 0.5071650387316271
 0.4991268609097056
 0.497726035956992
 0.4964045164061478
 0.5016271461130292
 0.501317718469497
 0.5080961131781184
 0.5050251542928632
 0.5326786195474328
 0.5328988383906227
 0.5261486873047848
 0.5291916478114909
 0.5285065566806375
 0.5319798526717341
 0.5278858856613422
 0.5252900859991019
 0.5192687786278001
 0.5202375963261239
 0.5148139690334629
 0.5141720486514209
 0.5191749389198431
 0.5181202702315002
 0.5227057206275562
 0.5163942539332301
 0.5167313835176015
 0.5234142234980858
 0.5193763710064221
 0.5209725681715571
 0.5265328349206586
 0.523797413352465
 0.5217536011565707
 0.5205601388938439
 0.5221741229558889
 0.525045586503327
 0.5813616926596823
 0.5779304895315432
 0.5421455663339516
 0.531817184279773
 0.5378072669604327
 0.5295894786999058
 0.5174811835099982
 0.5188056358749342
 0.5135928759717714
 0.5177078576214159
 0.5169385506149048
 0.5232970218089621
 0.5189878360337914
 0.5226934040995849
 0.5131406875144732
 0.513117904103868
 0.5118406477413402
 0.5147741286132952
 0.5158397705043337
 0.5172726952364401
 0.5183020959611939
 0.5188230935900776
 0.521560212658964
 0.5224755193001834
 0.5241013047281246
 0.530261125219943
 0.5242160213301064
 0.5289286235042734
 0.5303012386276104
 0.5328547867364479
 0.5353244101858698
 0.5382059743863682
 0.5318569674188783
 0.5303998347695594
 0.5292283440872138
 0.5230976967400365
 0.5218392243682194
 0.5274435199553964
 0.5233178571061143
 0.5280640911040642
 0.5268824333025849
 0.528851399277477
 0.5234088834024828
 0.5284851150271701
 0.5289548890620324
 0.5289451396014001
 0.5986625669471446
 0.6003123445349003
 0.6005938580996454
 0.6013050722953736
 0.5945781879236323
 0.5781477328609101
 0.5815025935808196
 0.5837381816970726
 0.5835118242750634
 0.5783607856855015
 0.577515276869869
 0.5763883471809617
 0.5766440868664988
 0.5764416286118867
 0.5767549455331197
 0.5743737537770905
 0.5760058503563582
 0.5777463984133167
 0.5763832566066931
 0.5735440154125983
 0.5755919762464482
 0.573742169768975
 0.5693088304744147
 0.5675926156983616
 0.5702251752586658
 0.5637061749573619
 0.5599297247911041
 0.5598246229349452
 0.5609321908776563
 0.559666749104148
 0.5582435846210628
 0.5597124420669181
 0.5603556982515108
 0.5594519355796262
 0.5596354514932533
 0.5988866900575409
 0.5806894835059773
 0.5803264690080561
 0.588835623251193
 0.5887231749491313
 0.5554099322875874
 0.5714354989022985
 0.5702154761885486
 0.5726604208924383
 0.5747084173928655
 0.5751064706339836
 0.5746763568413933
 0.5728002908277314
 0.5704944027852791
 0.5774747906014036
 0.5703837901426321
 0.5712010507892009
 0.5724678459063737
 0.5607682384843204
 0.5732064198994716
 0.5723612880416499
 0.5723732955522809
 0.5723940274655271
 0.5706275062710093
 0.5698483624294335
 0.6006752481984632
 0.6020722118191507
 0.6006458747083268
 0.6003652910952163
 0.5980691594469633
 0.5903914991352283
 0.5917692710077411
 0.585576911399511
 0.5852116866389487
 0.5779610847828445
 0.5856384823579217
 0.5847286413960171
 0.5891942785864573
 0.5899255643244181
 0.5902302632442906
 0.5897461386529657
 0.5898825865913698
 0.5898145590758547
 0.5922777609430616
 0.5915037197161885
 0.5863359326525156
 0.5858009785907539
 0.5894792556111591
 0.5901363273649807
 0.5883568411542059
 0.5955392420401425
 0.5951238947335667
 0.5911369283064036
 0.5944755660406377
 0.5915978066528965
 0.5924995289068973
 0.5923631208923649
 0.5925548434588044
 0.5909477838336736
 0.5917130201893668
 0.5964311318246918
 0.6003400427170817
 0.5998707236114607
 0.5930022754768428
 0.5928987955865045
 0.5930454573134354
 0.5929623849827484
 0.5928465898244812
 0.6088774388533877
 0.6114622523600615
 0.6124144509631665
 0.6126123430554756
 0.6123731455586983
 0.6106074569876856
 0.6077830988714729
 0.6068282567633345
 0.6077604701915155
 0.6065040217214678
 0.5962701004945878
 0.589446431083825
 0.5861610111722735
 0.5906605367207053
 0.5902209589688713
 0.5893626522513984
 0.5901835905826807
 0.5955520947124924
 0.597517546906899
 0.5967031279883008
 0.5959086738740746
 0.5960188553097087
 0.5950788774271856
 0.6170337795556495
 0.610749648147849
 0.6137484811770003
 0.609491055714374
 0.6062689425831012
 0.6038420752720788
 0.6081703072839318
 0.6177387260478527
 0.6135084123088279
 0.6087794047048416
 0.610788277586218
 0.607500534304414
 0.6068145023819111
 0.6039262657834905
 0.6041559331623967
 0.6036163411791369
 0.6032587042050757
 0.5980422366340437
 0.6057103041660283
 0.6050745988411721
 0.6071762536628535
 0.6071869631538105
 0.6240330749848587
 0.6122547860604326
 0.61376126354368
 0.6128470426699879
 0.6099634864665386
 0.6130373320340012
 0.6187176719021623
 0.6250209473722773
 0.6237145491039294
 0.6173151062892077
 0.6176389108415378
 0.6126328936514978
 0.6105791376394667
 0.6401281813798778
 0.6358789922869911
 0.6360404376616731
 0.6276600642278305
 0.6299406639590298
 0.6226600531830282
 0.6267356193446311
 0.6182412855311754
 0.6214940338372117
 0.6205397786513571
 0.6210130745723514
 0.62805977058298
 0.6186679802171656
 0.6170978849595103
 0.6207632028871476
 0.6221192251375511
 0.6188288399156286
 0.6083716876933227
 0.6153462881374485
 0.6202323968841296
 0.6116138822069174
 0.6143619883457609
 0.6102634552829986
 0.6123866347805598
 0.6201174871866622
 0.6205566800313158
 0.6229849252647561
 0.6217109327267554
 0.620832388788198
 0.6220326392755654
 0.6464578885065204
 0.6358614508459789
 0.636800489355775
 0.6122477159066204
 0.6370047889342347
 0.6317448118932637
 0.6339933754488906
 0.6368996076033566
 0.6233033304043797
 0.6340615017237503
 0.6294501212293857
 0.6345703411823047
 0.6360817350947495
 0.6380439447521953
 0.6266515058438096
 0.6283728837777571
 0.6319719759581942
 0.6318750878405085
 0.6268480735446031
 0.6255765885370926
 0.6243623680092838
 0.6257058421334794
 0.6303139896539227
 0.6222127537920861
 0.6185758428474571
 0.6420488090559002
 0.6312072687213937
 0.6413245210861629
 0.6375831739520859
 0.6395546661128146
 0.6361796930467737
 0.6346210806120345
 0.6359682400178474
 0.6314537050416045
 0.6321220072318029
 0.6313437777639231
 0.6258561284634023
 0.6487023224686881
 0.6476682539637182
 0.6382590327115902
 0.6329644989565749
 0.6421508732550714
 0.6370054782308929
 0.6394683046257856
 0.6366708786862159
 0.6359872950620178
 0.6371482140508935
 0.6349613603705613
 NaN
 0.5676245335802752
 0.5643674685708838
 0.5676739391317698
 0.5307337455815844
 0.5427693692396175
 0.5836771409205629
 0.5849707403825914
 0.5837268016199467
 0.5938624811425232
 0.6022910215082372
 0.603625501552237
 0.620009073878512
 0.6217237200455282
 0.617978808167757
 0.624971103965222
 0.6290093828719859
 0.6311633201534432
 0.6422216502963434
 0.641301620460434
 0.6379430260176066
 0.6355128490175754
 0.6419153945246542
 0.6665365226981199
 0.6491464372969903
 0.6513326816312284
 0.6341996732254503
 0.6379875364726035
 0.6403835357200734
 0.6349118589013503
 0.6624982535159849
 0.6386654556116842
 0.6586303231367225
 0.6442839826507837
 0.6449101490959811
 0.6416908242213055
 0.6483417850120101
 0.6465970099871143
 0.645553962957689
 0.6398298075938806
 0.6452905144338518
 0.6547473429701548
 0.650911167944044
 0.6394908344605883
 0.6408987123045589
 0.6493287321282859
 0.6466512268999118
 0.6444024990189996
 0.6640455307472615
 0.6713279592940711
 0.6584157422262003
 0.6566380522726638
 0.647019311417524
 0.6643094622288729
 0.6562980510383591
 0.6602179954125924
 0.6530122153172503
 0.6540777406668518
 0.6495429833847778
 0.6526870012534619
 0.6480233312218606
 0.6504100187274309
 0.645022501233908
 0.6497767424581389
 0.6504177864686596
 NaN
 NaN
 NaN
 0.6710973064009356
 0.665847155298539
 0.661559038111874
 0.6742200794202138
 0.6722895922681185
 0.6789737732057936
 0.6786967494464337
 0.6764384345800034
 0.6716740082655269
 NaN
 NaN
 NaN
 NaN
 NaN
 NaN
 NaN
 NaN
 NaN
 NaN
 NaN
 NaN
 NaN
 NaN
 NaN
 NaN
 NaN
 NaN
 NaN
 NaN
 NaN
 NaN
 NaN
 NaN
 NaN
 NaN
 NaN
 NaN
 NaN
 NaN
 NaN
 NaN
 NaN
 NaN
 NaN
 NaN
 NaN
 NaN
 NaN
 NaN
 NaN
 NaN
 NaN
 NaN
 NaN
 NaN
 NaN
 NaN
 NaN
 NaN
 NaN
 NaN
 NaN
 NaN
 NaN
 NaN
 NaN
 NaN
 NaN
 NaN
 NaN
 NaN
 NaN
 NaN
 NaN
 NaN
 NaN
 NaN
 NaN
 NaN
 NaN
 NaN


# name: mean_error
# type: matrix
# rows: 856
# columns: 1
 1.412845553263208
 1.412159418093525
 1.398339829223145
 1.367138434536957
 1.341493256870477
 1.318912234741708
 1.308236577132362
 1.307757560940304
 1.290007669002142
 1.281201449632119
 1.276418165804859
 1.278325930206433
 1.278740581105679
 1.277303222740537
 1.275990516369813
 1.275335741339116
 1.275489473282489
 1.275518578328699
 1.236596568962345
 1.250962048513238
 1.252944896876196
 1.25802311424968
 1.262947686397765
 1.256431829656132
 1.254858510757755
 1.262547171448916
 1.257534532126792
 1.260338798152334
 1.266590901689322
 1.275144975753303
 1.276788579234839
 1.278270849119803
 1.280542051634277
 1.28162927061393
 1.27998390902601
 1.281739880223298
 1.280500378924684
 1.273999209115336
 1.27929108366581
 1.280397890540547
 1.280054930174138
 1.280798643167358
 1.27620804396005
 1.277904003615174
 1.279554802928711
 1.209354575626328
 1.210247873520911
 1.210649574220687
 1.212280753552422
 1.215920090616789
 1.208428395239373
 1.209723738713647
 1.233829091937299
 1.231577803515125
 1.239198920998712
 1.259892971998889
 1.257819314586322
 1.251562549830288
 1.249813683593928
 1.251686374126104
 1.261632699580655
 1.250183031729847
 1.254978138966306
 1.253951958164349
 1.253346994319762
 1.253081435625735
 1.250563298229582
 1.249575468570534
 1.248938038315724
 1.248348907647422
 1.258165512241451
 1.261470570811774
 1.25694584797694
 1.272254818174405
 1.277729493956739
 1.273815262825387
 1.272499125319248
 1.271714674152109
 1.272856920556277
 1.278718645191201
 1.279321896901252
 1.279782985309728
 1.272773319586193
 1.272048370901361
 1.273787555920378
 1.272504325163558
 1.272132729065475
 1.269350385114884
 1.271163288676139
 1.275321348807108
 1.279310851420157
 1.205308856511977
 1.211457517438822
 1.210988851409527
 1.212182743891756
 1.215200637384279
 1.211003235544255
 1.216692564526601
 1.238049490265279
 1.269267110008873
 1.26847024997216
 1.269757373694194
 1.277299339700902
 1.274447051110462
 1.251809868182631
 1.251395752939133
 1.253143123433295
 1.253426407124062
 1.251110484401355
 1.260899729011969
 1.261046074782063
 1.262139529460629
 1.260086746329526
 1.260330839773851
 1.259252742001414
 1.261862801672267
 1.26243392956172
 1.262751335700037
 1.265337135567715
 1.26244890081405
 1.263322502498842
 1.264383648320022
 1.267534560003388
 1.271791568027802
 1.276050478850969
 1.274619556694843
 1.273915067126183
 1.271071305349213
 1.269797517474024
 1.268393247613032
 1.263690467826304
 1.262033407634028
 1.263582121606731
 1.262333214848818
 1.261957662930977
 1.25668592829791
 1.256808236092898
 1.256191385709889
 1.257183383644346
 1.259890887473921
 1.259623036454214
 1.26128523457686
 1.259007028078621
 1.258542725571038
 1.259281127095989
 1.25920933044261
 1.262367081522644
 1.25113145528889
 1.262704193023763
 1.261646967933139
 1.261683433424902
 1.262125582011706
 1.261856385355289
 1.265914636009781
 1.264971863178303
 1.194408593187568
 1.220280772127455
 1.217548506140098
 1.219171202687584
 1.213554691258973
 1.213039653724042
 1.222529100566353
 1.222123171504401
 1.223663476370568
 1.22666652284114
 1.225458595878279
 1.222760343610054
 1.221049754458123
 1.217825516547525
 1.218242996807797
 1.215891933196602
 1.217339720093976
 1.217365974404155
 1.229592319133985
 1.234992133473888
 1.23721549252742
 1.233288707565449
 1.231325551842902
 1.233631806663626
 1.235226059505782
 1.229173776318292
 1.230257799708056
 1.230942232674805
 1.232954850809718
 1.227745077982895
 1.230456200771889
 1.233422582370934
 1.2334215054176
 1.234940497291515
 1.235624534457234
 1.237196327496444
 1.235234583089163
 1.237180099061444
 1.237640100430511
 1.23576126991589
 1.236011739327174
 1.234755453407054
 1.23941315817228
 1.193496220976071
 1.211065614405141
 1.233605467200858
 1.236220158989712
 1.235064009953505
 1.241806246613085
 1.240506140960793
 1.240359156275815
 1.232790998207402
 1.225538156427195
 1.230389717188156
 1.228939513580178
 1.232255103417468
 1.230376274154627
 1.228154078312127
 1.231387195834236
 1.231943323709592
 1.233856157126749
 1.233482656568473
 1.235782063853626
 1.234355723948994
 1.23311622227035
 1.234472427742712
 1.234094497428132
 1.233788586425761
 1.222249914422627
 1.231777110246617
 1.233392295390133
 1.228518686534556
 1.22526485375016
 1.222365460095301
 1.223829318395591
 1.218365108609594
 1.218372474197639
 1.209854522695265
 1.206187868517913
 1.195501669910446
 1.208541982667853
 1.218751280794595
 1.214256842182588
 1.22056849394206
 1.217595266592312
 1.218706576637001
 1.217546279792829
 1.215170229327983
 1.206840501143924
 1.208847195958463
 1.214032798732744
 1.205545679874239
 1.216587509180016
 1.208902242422987
 1.209532673505394
 1.209098097521478
 1.148819454364256
 1.149407113135914
 1.130965268570211
 1.130158001864641
 1.151772787400869
 1.153849330822935
 1.14974418997996
 1.141992850261255
 1.14143056517326
 1.147559673722025
 1.151832519366535
 1.152153002663866
 1.161419254402566
 1.169042042901079
 1.17063585314407
 1.166723998297427
 1.16644205449376
 1.164457139878164
 1.192135058277391
 1.194442928793452
 1.194534065844169
 1.199770910890553
 1.202603195214963
 1.202952307010361
 1.197465682572682
 1.190731651839411
 1.190465172191512
 1.185545305462115
 1.187262622937479
 1.188692276418207
 1.178537619210991
 1.17975386117874
 1.183821543762052
 1.184964904643013
 1.18423702972863
 1.183578284249318
 1.142204436668676
 1.13869505296906
 1.152899516921081
 1.151651536749624
 1.152986950737166
 1.157979777694255
 1.180788479887907
 1.183077772038555
 1.185611588157802
 1.171534668212081
 1.180097535434203
 1.180202729998796
 1.180527375575863
 1.179327835566821
 1.163391307114644
 1.167266652346428
 1.162228554830108
 1.157713690426495
 1.151136534352692
 1.139014927394503
 1.131110968002632
 1.132019904366546
 1.133465199693126
 1.131159484197141
 1.131831161491884
 1.127281974796974
 1.128800166444954
 1.131423515685459
 1.131028584000946
 1.129520430436343
 1.129045934538621
 1.125685453928793
 1.128252443377099
 1.12559202942303
 1.126600703015457
 1.122646451733155
 1.123002093336862
 1.123905724253261
 1.124554880578979
 1.122817668439108
 1.123612652092213
 1.122013097426926
 1.118856385721336
 1.118845529301036
 1.121851113311253
 1.124651345559396
 1.123733137560002
 1.124276125221658
 1.125731348951866
 1.126388480093509
 1.126385904776212
 1.12496002231502
 1.124580125905858
 1.124372304166499
 1.124115077659358
 1.150456629023909
 1.146137861515675
 1.140715335385195
 1.141858058353771
 1.132133343737754
 1.131295650278866
 1.131659890295643
 1.129902300606086
 1.136020956047419
 1.137099949610262
 1.133170786942034
 1.135309915111548
 1.130618862190392
 1.133320045854755
 1.135755869913699
 1.130827251774421
 1.134503679630099
 1.13724859463735
 1.134739436772983
 1.140212597790852
 1.152269523863581
 1.154581308493769
 1.154336017819055
 1.154032044946957
 1.157192679481482
 1.157622030736402
 1.155684830225024
 1.147430816527187
 1.147749327013636
 1.152905993882977
 1.137572807024376
 1.138965404546722
 1.149220834635575
 1.148187954490886
 1.151086926236854
 1.15304774177814
 1.153301010872778
 1.151923903836044
 1.146859893055713
 1.151610412241885
 1.15216391607161
 1.148425932903495
 1.149105746549081
 1.147072939409738
 1.150179266779839
 1.154311998120997
 1.180425770142206
 1.179052344395249
 1.18022575280997
 1.181766569999219
 1.178124512818022
 1.181107881324098
 1.180346010851376
 1.165195922765052
 1.139973162136575
 1.14171034718058
 1.148569246427438
 1.144220553826838
 1.144398139082046
 1.145835705067753
 1.149807000057449
 1.147704711090557
 1.148769057542972
 1.147806836640512
 1.152192247426907
 1.150942343843699
 1.154363791562712
 1.153760432575788
 1.15547272525285
 1.152823024095328
 1.153801452082745
 1.149562515562705
 1.152318529563417
 1.154009931516676
 1.155973969401142
 1.156561231865666
 1.156130434218822
 1.155419536459716
 1.155636423406518
 1.157047954649966
 1.142554173826692
 1.140558812288372
 1.167147379681176
 1.16022577993888
 1.150689894514239
 1.156017055017865
 1.154011825256752
 1.156055559550166
 1.155708642011457
 1.14266531317375
 1.141374395794611
 1.140785495983951
 1.144523292538228
 1.138390242871002
 1.147534770198652
 1.147020367271643
 1.148975723053627
 1.144754595292464
 1.143342555605074
 1.140381065236724
 1.140377248992484
 1.139896201892413
 1.13705914412754
 1.135203872241798
 1.133795847627762
 1.130711562990309
 1.134111458850007
 1.129720726786384
 1.128818861575231
 1.12970582538496
 1.128920929031484
 1.129609283750977
 1.131846978278942
 1.136892250268335
 1.134838347379542
 1.138564723155864
 1.143343821055553
 1.144759906851386
 1.145059592189062
 1.145361755082927
 1.14373420372243
 1.142677556637897
 1.142237199529814
 1.142609335532343
 1.143235613442544
 1.143281579461582
 1.128259832198991
 1.130966625828486
 1.130948033937082
 1.12449273880976
 1.122099192180589
 1.118575705283917
 1.119462401346241
 1.120984874064583
 1.120578865448701
 1.11733271179198
 1.119056204676156
 1.119784485053216
 1.119848773701327
 1.119321726191711
 1.119078679353961
 1.118182649345715
 1.120874339324004
 1.11976023483054
 1.122423533498882
 1.127109085170142
 1.125331835258778
 1.126109550387896
 1.12929312820618
 1.131336942194692
 1.131267692985327
 1.148579623003227
 1.148018140023788
 1.147487616954485
 1.146944610287545
 1.146982195459993
 1.143562396077589
 1.146458326739537
 1.145300470333818
 1.144689092658714
 1.14474512150355
 1.125236414320868
 1.104991170951259
 1.106227235985441
 1.103852580405729
 1.10576787912155
 1.126638092120187
 1.130518153141129
 1.130974580314164
 1.132692238705323
 1.131666767558344
 1.131797477585364
 1.131894719188544
 1.131958356177413
 1.134116839193498
 1.134025042325027
 1.133381252806395
 1.133264111728162
 1.132659653025793
 1.139156740455199
 1.136744960926733
 1.135617447621027
 1.135595226759957
 1.132622534706142
 1.135236742043688
 1.136496130266237
 1.122435428300836
 1.119638605771871
 1.117904694878337
 1.116601290611731
 1.119679686589835
 1.120807363296538
 1.120994244506044
 1.118970259378759
 1.118530624677742
 1.126378978448823
 1.12742408994076
 1.126982670526497
 1.122029484900951
 1.12301657744806
 1.125170725692755
 1.120273607381254
 1.120300849929552
 1.120807371284328
 1.114677767220981
 1.114617452714664
 1.117216411307827
 1.1161970576811
 1.118863060259489
 1.121830807111381
 1.128290339137562
 1.117462586872722
 1.115993738207713
 1.126738852147805
 1.123357736493108
 1.122604874506717
 1.121057619018184
 1.119538651513053
 1.118245664315165
 1.121882112118268
 1.120777547337555
 1.119855152005743
 1.117104506812175
 1.116008294747719
 1.115133065252194
 1.115338104824441
 1.116773490048701
 1.115521005124525
 1.114958917019352
 1.11602968093943
 1.127310458342313
 1.124202682363995
 1.110496327349161
 1.110419946400369
 1.109878694479765
 1.111795930538803
 1.10928457748696
 1.111005730092552
 1.113473125700765
 1.128938966804065
 1.129299292092695
 1.133026104213914
 1.128843430952983
 1.12706755468749
 1.126338311935707
 1.124978490965023
 1.119812850438628
 1.116686358807868
 1.116607264594847
 1.116824716747218
 1.117736707637597
 1.120565643777325
 1.117201052246565
 1.115409939794179
 1.115880356107121
 1.110019138568418
 1.107712759428129
 1.106862951200023
 1.107323334332163
 1.119579655351256
 1.118108731091119
 1.115761878449372
 1.115848357206538
 1.114000077073748
 1.11444632851814
 1.113677554043305
 1.110915850103276
 1.110935143335251
 1.111772197303316
 1.11333572381654
 1.107378338761871
 1.10707596749979
 1.10813052501276
 1.108169025735948
 1.113725438248403
 1.117689649688673
 1.105287838107456
 1.114452208097329
 1.108714185798872
 1.111901743424155
 1.116045815295395
 1.096618036292983
 1.091547770063189
 1.095976792619791
 1.107331591977236
 1.08409455619318
 1.083591979074563
 1.091016603097059
 1.085312901291997
 1.083293322905084
 1.098315968155011
 1.099571276496254
 1.091859995855739
 1.09175596981603
 1.104349554330566
 1.122044164322965
 1.119524239522423
 1.110739234858034
 1.113256100035436
 1.112138507533548
 1.112751592728952
 1.117804916207004
 1.11365373111936
 1.117198317996894
 1.114808105075012
 1.111939975517143
 1.112517533913295
 1.120388549796135
 1.115580602375248
 1.118057225871321
 1.104333247877692
 1.101630055396849
 1.089773665845261
 1.08712061533584
 1.085085214799237
 1.092960061802912
 1.096342954700974
 1.086484533663104
 1.079018782507778
 1.075061669200231
 1.09182461263943
 1.07256683707484
 1.073298023014581
 1.074048137856775
 1.081487160879899
 1.073815363114607
 1.079843355300254
 1.073071639770155
 1.071163312682262
 1.086688440001461
 1.087691828214475
 1.079885695511582
 1.081707674096555
 1.086856650106234
 1.089767614684975
 1.086901042468705
 1.084431378176594
 1.084337773638004
 1.086958072649606
 1.092651850339291
 1.076102770637392
 1.078763644672942
 1.087599633096118
 1.110745200638594
 1.099917199099169
 1.096463348771935
 1.091074940528221
 1.089849728059676
 1.09387073967256
 1.094565938222692
 1.093804525574591
 1.091089598107913
 1.091562900109678
 1.090154595188755
 1.089402062421968
 1.097042563348491
 1.09428944937035
 1.099215708584037
 1.102387719154348
 1.09764552737511
 1.088690079382723
 1.091559358626474
 1.091766620195034
 1.090192176536765
 1.089793906819018
 NaN
 1.113084079169758
 1.120061235337735
 1.105264969337563
 1.111479219991996
 1.108664321721187
 1.067237814540248
 1.075756731414443
 1.077833264095998
 1.072181047268878
 1.069848760051725
 1.068066008452858
 1.062896700719836
 1.060124567458261
 1.059598551822581
 1.065180617228088
 1.070051081479433
 1.068566508731285
 1.061824148215408
 1.066537555253391
 1.059818803996922
 1.064852784192869
 1.069451926299119
 1.077519373699844
 1.076205662561244
 1.076055936088876
 1.078008790206501
 1.076583265212677
 1.070223192763077
 1.074006140588556
 1.07447561466064
 1.06820074800437
 1.091196439860536
 1.079631054908196
 1.088416274092644
 1.088002857167256
 1.076349931367086
 1.07924664427716
 1.082338773570962
 1.090376495670921
 1.086292543662186
 1.073395161290678
 1.077358172628958
 1.082878313737309
 1.078128973908473
 1.06840829089629
 1.068466039136266
 1.068482809745122
 1.07376236437186
 1.076207899967396
 1.075104923274884
 1.075323541061395
 1.08047302674956
 1.074477787248493
 1.072663015158058
 1.073087418440746
 1.072296082492847
 1.069113134593632
 1.07323776619578
 1.072408602800779
 1.077951324047741
 1.072453873837038
 1.084935094045923
 1.081665284541383
 1.082990191566344
 NaN
 NaN
 NaN
 1.054769763719741
 1.062574834611505
 1.074064692025613
 1.069964146250955
 1.065328592486434
 1.055404974052047
 1.066136801951141
 1.069871803940855
 1.066688882982292
 NaN
 NaN
 NaN
 NaN
 NaN
 NaN
 NaN
 NaN
 NaN
 NaN
 NaN
 NaN
 NaN
 NaN
 NaN
 NaN
 NaN
 NaN
 NaN
 NaN
 NaN
 NaN
 NaN
 NaN
 NaN
 NaN
 NaN
 NaN
 NaN
 NaN
 NaN
 NaN
 NaN
 NaN
 NaN
 NaN
 NaN
 NaN
 NaN
 NaN
 NaN
 NaN
 NaN
 NaN
 NaN
 NaN
 NaN
 NaN
 NaN
 NaN
 NaN
 NaN
 NaN
 NaN
 NaN
 NaN
 NaN
 NaN
 NaN
 NaN
 NaN
 NaN
 NaN
 NaN
 NaN
 NaN
 NaN
 NaN
 NaN
 NaN
 NaN
 NaN


# name: iter_improve
# type: matrix
# rows: 856
# columns: 1
 1
 7
 13
 22
 24
 63
 78
 85
 106
 133
 135
 201
 306
 443
 475
 498
 511
 612
 762
 770
 772
 779
 780
 791
 797
 802
 804
 839
 846
 847
 858
 860
 863
 865
 872
 879
 881
 888
 907
 928
 952
 971
 972
 981
 984
 1000
 1001
 1004
 1005
 1006
 1007
 1011
 1012
 1020
 1022
 1030
 1033
 1068
 1086
 1088
 1106
 1130
 1131
 1150
 1195
 1212
 1261
 1343
 1384
 1436
 1441
 1657
 1675
 1702
 1704
 1726
 1729
 1732
 1816
 1830
 1906
 1908
 1915
 1924
 1936
 1944
 1958
 1988
 1990
 1991
 1995
 2000
 2001
 2006
 2008
 2009
 2017
 2018
 2027
 2033
 2041
 2051
 2057
 2058
 2060
 2062
 2074
 2075
 2082
 2083
 2085
 2103
 2117
 2132
 2153
 2202
 2218
 2223
 2235
 2237
 2260
 2270
 2273
 2280
 2302
 2309
 2359
 2360
 2361
 2376
 2395
 2400
 2401
 2407
 2488
 2574
 2589
 2592
 2600
 2625
 2677
 2681
 2726
 2766
 2785
 2803
 2817
 2820
 2848
 2859
 2873
 2911
 2950
 2982
 2992
 3000
 3005
 3012
 3014
 3019
 3023
 3035
 3040
 3047
 3055
 3062
 3063
 3078
 3080
 3108
 3119
 3165
 3171
 3200
 3208
 3239
 3252
 3256
 3257
 3258
 3259
 3266
 3331
 3340
 3344
 3349
 3381
 3382
 3387
 3393
 3394
 3417
 3425
 3509
 3797
 3851
 3920
 3949
 4000
 4002
 4005
 4018
 4020
 4028
 4036
 4038
 4040
 4045
 4054
 4058
 4073
 4078
 4084
 4096
 4116
 4175
 4193
 4239
 4291
 4294
 4315
 4323
 4344
 4345
 4359
 4392
 4410
 4443
 4474
 4497
 4555
 4601
 4605
 4654
 4665
 4668
 4671
 4677
 4698
 4715
 4750
 4771
 4845
 4886
 4916
 4961
 4962
 4964
 4971
 4977
 4982
 5000
 5001
 5004
 5005
 5013
 5015
 5016
 5017
 5025
 5046
 5049
 5066
 5068
 5069
 5094
 5109
 5145
 5181
 5182
 5183
 5191
 5202
 5237
 5277
 5302
 5321
 5436
 5460
 5468
 5519
 5533
 5542
 5546
 5689
 5746
 5997
 6000
 6001
 6004
 6006
 6015
 6016
 6026
 6035
 6036
 6038
 6041
 6055
 6067
 6074
 6077
 6085
 6089
 6091
 6095
 6104
 6108
 6159
 6172
 6204
 6227
 6234
 6244
 6247
 6259
 6278
 6297
 6330
 6335
 6339
 6392
 6398
 6416
 6430
 6431
 6460
 6486
 6503
 6547
 6555
 6558
 6599
 6624
 6633
 6641
 6671
 6677
 6688
 6774
 6831
 6885
 7000
 7004
 7005
 7007
 7008
 7009
 7011
 7013
 7016
 7032
 7033
 7038
 7048
 7100
 7102
 7105
 7107
 7109
 7115
 7120
 7143
 7158
 7173
 7181
 7191
 7205
 7212
 7248
 7280
 7297
 7298
 7302
 7310
 7312
 7314
 7321
 7327
 7349
 7353
 7389
 7465
 8000
 8001
 8012
 8013
 8019
 8026
 8039
 8047
 8055
 8064
 8067
 8068
 8069
 8107
 8111
 8115
 8121
 8123
 8155
 8160
 8175
 8195
 8207
 8220
 8270
 8296
 8298
 8365
 8369
 8387
 8396
 8437
 8443
 8447
 8472
 8557
 8743
 8998
 9000
 9000
 9002
 9010
 9016
 9020
 9023
 9024
 9033
 9042
 9060
 9095
 9105
 9106
 9143
 9179
 9256
 9268
 9293
 9342
 9343
 9352
 9391
 9396
 9427
 9433
 9441
 9443
 9470
 9503
 9510
 9526
 9538
 9541
 9586
 9650
 9666
 9705
 9715
 9750
 9763
 9785
 9883
 9885
 9888
 9924
 9941
 10000
 10001
 10002
 10007
 10011
 10019
 10024
 10031
 10038
 10052
 10053
 10087
 10091
 10097
 10099
 10142
 10143
 10148
 10171
 10197
 10231
 10257
 10259
 10262
 10270
 10277
 10278
 10282
 10310
 10374
 10428
 10449
 10456
 10464
 10673
 11000
 11006
 11007
 11011
 11015
 11043
 11047
 11049
 11077
 11080
 11095
 11131
 11136
 11141
 11156
 11158
 11362
 11432
 11509
 11518
 11524
 11558
 11569
 11635
 11798
 12000
 12003
 12004
 12009
 12012
 12015
 12017
 12030
 12033
 12035
 12037
 12038
 12060
 12067
 12087
 12089
 12112
 12114
 12119
 12137
 12160
 12168
 12243
 12272
 12277
 12290
 12296
 12308
 12313
 12335
 12411
 12425
 12426
 12429
 12525
 12682
 12707
 12718
 12768
 12824
 12882
 12940
 12947
 13000
 13001
 13005
 13014
 13029
 13032
 13042
 13046
 13047
 13049
 13065
 13083
 13108
 13148
 13153
 13159
 13163
 13222
 13257
 13342
 13399
 13849
 13947
 14000
 14045
 14047
 14077
 14078
 14086
 14089
 14110
 14119
 14155
 14177
 14193
 14215
 14232
 14268
 14436
 14657
 14672
 14749
 14838
 14867
 14948
 15000
 15002
 15011
 15029
 15061
 15543
 15644
 15658
 15674
 15680
 15745
 15824
 15829
 16000
 16007
 16019
 16028
 16051
 16063
 16084
 16107
 16115
 16121
 16188
 16193
 16251
 16295
 16325
 16335
 16347
 16367
 16382
 16422
 16436
 16460
 16504
 16525
 16542
 16646
 16658
 16691
 16775
 16847
 17000
 17017
 17064
 17068
 17146
 17192
 17202
 17203
 17210
 17244
 17247
 17283
 17355
 17529
 17579
 17651
 17697
 17738
 17757
 17904
 17909
 17916
 17920
 17967
 17981
 18000
 18002
 18004
 18014
 18033
 18115
 18128
 18129
 18233
 18549
 18833
 18836
 19000
 19009
 19051
 19095
 19162
 19345
 19496
 19556
 19734
 19814
 19861
 20000
 20002
 20015
 20021
 20030
 20033
 20035
 20039
 20053
 20067
 20075
 20087
 20103
 20107
 20116
 20135
 20146
 20174
 20236
 20239
 20266
 20351
 20617
 21000
 21003
 21022
 21091
 21106
 21134
 21174
 22000
 22003
 22012
 22023
 22031
 22049
 22089
 22099
 22135
 22173
 22176
 22215
 22318
 22368
 22418
 22631
 22646
 22652
 23000
 23027
 23048
 23060
 23102
 23135
 23144
 23429
 23461
 23481
 23500
 23551
 23627
 23644
 23748
 23801
 23806
 24000
 25000
 26000
 27000
 27006
 27013
 27020
 27021
 27022
 27539
 27566
 27999
 28000
 29000
 30000
 31000
 32000
 33000
 34000
 35000
 36000
 37000
 38000
 39000
 40000
 41000
 42000
 43000
 44000
 45000
 46000
 47000
 48000
 49000
 50000
 51000
 52000
 53000
 54000
 55000
 56000
 57000
 58000
 59000
 60000
 61000
 62000
 63000
 64000
 65000
 66000
 67000
 68000
 69000
 70000
 71000
 72000
 73000
 74000
 75000
 76000
 77000
 78000
 79000
 80000
 81000
 82000
 83000
 84000
 85000
 86000
 87000
 88000
 89000
 90000
 91000
 92000
 93000
 94000
 95000
 96000
 97000
 98000
 99000


# name: optim_start
# type: scalar
762


# name: optim_steps
# type: matrix
# rows: 1
# columns: 100
 19 46 92 156 199 252 288 343 384 423 469 504 529 572 595 617 630 660 685 697 708 731 738 756 773 774 775 776 785 786 787 788 789 790 791 792 793 794 795 796 797 798 799 800 801 802 803 804 805 806 807 808 809 810 811 812 813 814 815 816 817 818 819 820 821 822 823 824 825 826 827 828 829 830 831 832 833 834 835 836 837 838 839 840 841 842 843 844 845 846 847 848 849 850 851 852 853 854 855 856


# name: VPVP_params
# type: scalar struct
# ndims: 2
 1 1
# length: 8
# name: lambda
# type: scalar
300000000


# name: downsample
# type: scalar
10


# name: MaxIter_X
# type: scalar
200


# name: MaxIter
# type: scalar
50


# name: optTol_X
# type: scalar
1e-06


# name: progTol_X
# type: scalar
1e-10


# name: optTol_aW
# type: scalar
0.0001


# name: progTol_aW
# type: scalar
1e-07




