# Created by Octave 3.8.1, Wed Nov 29 23:46:46 2017 ART <gabrevaya@ws21.labo5>
# name: y_start
# type: matrix
# rows: 15
# columns: 1
 -1.132271445723284e-05
 2.622392029414779e-05
 -4.740525886790364e-06
 1.228085871399713e-05
 -7.176194362546538e-06
 -1.244675437342062e-06
 1.312965631719505e-05
 1.503111678361869e-05
 1.295577538685068e-06
 -2.522397532055465e-05
 1.115853264527414e-05
 -1.272794687011253e-06
 6.455042428565748e-06
 1.479915983155793e-05
 -4.468381244019377e-06


# name: alphas
# type: cell
# rows: 1
# columns: 3
# name: <cell-element>
# type: matrix
# rows: 15
# columns: 1
 2.057104671064873
 0.4552919618264767
 1.017589755538297
 -0.1325708069455818
 0.6620831701649381
 1.087732237700573
 0.08127670288178404
 0.05361164493255099
 0.1091821285968793
 2.123400734328428
 0.3980610829694081
 0.8870610411875678
 0.9594875736358515
 1.609400614354523
 -0.4935521784970974



# name: <cell-element>
# type: matrix
# rows: 15
# columns: 1
 1.534748014263237
 1.423450209861607
 1.16729700303689
 1.220804947413658
 0.8282720864869692
 1.173198360218433
 1.245502134530197
 1.201110107596424
 0.594106233189435
 0.7896034724682101
 0.6584829986912734
 0.2358209224370509
 0.5695921229759487
 0.563385789583614
 0.2913441444147069



# name: <cell-element>
# type: matrix
# rows: 15
# columns: 1
 11.13830524388052
 11.54355336377063
 10.13764307391746
 10.51148031208245
 9.752196758530573
 11.68395776608206
 11.43896934916979
 11.38785162235859
 12.01696832677959
 12.78858536101824
 8.041916799165678
 11.27842244051778
 11.08872453632936
 10.40892814490242
 10.92732770015333





# name: W
# type: matrix
# rows: 15
# columns: 15
 -0.1953048522425336 0.02828525882658827 0.1508820893883595 -0.1586738096738175 -0.1658568601925873 0.0205158665930125 0.00645163361535262 -0.4468336344969219 -0.1202361064560528 -0.3065502041267047 -0.4834201543355162 0.07642825266598223 -0.3931632152513324 -0.2203039180978801 0.486670440949755
 -0.06618129843239347 0.08439864782718769 -0.08407218485101738 -0.01123343059614744 0.06748498010679806 -0.200743748102315 0.07498693252377392 0.5923598385070736 0.1817534993615013 0.3606788842083929 0.556604494091279 -0.1018391810440002 0.6432196689025026 0.03108088056407115 -0.5385655943019729
 -0.03705995740243162 -0.07003073631852649 -0.1045154011942212 -0.1021919607780864 0.02077669870206474 -0.1638185933388309 -0.07086143279600732 -0.07605776330879019 0.07118223525054798 0.03618730292079427 -0.1802513949390062 -0.08464012487172526 0.1354302424204933 -0.1373825836722215 0.1420583147390774
 -0.05135992418756127 0.6408247776936935 0.002238480698282549 -0.03323388492269682 -0.1329228521980525 -0.2254955299713594 0.2243902604488669 0.3743651761418721 0.1931506682540625 -0.02493626284425806 0.2220346948126063 0.0428885802781609 0.2917553565249962 -0.01498394384512291 -0.1132830673307883
 -0.2673418242110813 0.7154740427814231 -0.07464469409169097 0.7209014216812225 -0.206707618907946 0.3347712312443874 0.473432383617999 0.2779666888780744 0.3037919337038676 -0.2676536021102309 -0.0458379277271355 0.10723212491403 -0.2825411608878776 0.297836670349288 0.07166457559122229
 0.09554378992071388 0.2769085276113613 -0.07913639968791794 -0.2875627647226535 0.0352277817774951 -0.3241620379388339 -0.06805706648940302 0.09599346036884203 -0.1324615600596537 -0.05625095087762246 -0.06089993175013651 -0.05474769045058956 -0.1429037406803627 0.009266774405591344 -0.06670166916170094
 -0.02257542438141366 0.2938965084501478 0.08667930232774994 -0.4277014410697879 -0.07484383680412707 -0.2439707565500298 -0.2247419465382915 0.03064771435595708 -0.003932372727172463 0.4157114451135125 0.3489079124022151 -0.2288329116258739 0.2149008260241169 -0.06432101345294584 -0.4178951637625731
 0.0667551830028497 -0.09081283098500287 -0.08167834208922713 0.1403074485783642 0.00361640167685847 0.06000633087233417 0.08118423786758762 0.1305173174829701 0.258201978699919 0.5586892875280817 -0.1237825250275251 0.02195082636082814 0.6684253229041897 -0.1619171964576919 -0.2052646118765614
 0.1487236293680098 0.3964614355192574 -0.08394140757669719 0.05346315722545609 0.1144949110188043 0.02462577398911418 0.1787663881225731 0.1268084441329544 -0.1571235306171883 -0.1120861576707614 -0.2219771365459538 0.2221382893724272 -0.04137407881617242 -0.02486969757823204 0.3560446190264771
 0.2118692494002687 -0.420530576985785 0.03765355006521606 0.1699988886061635 0.1475587947226185 0.07665885847884961 0.001800522950210427 0.01090508080022665 0.04378032046168398 -0.3933893372256087 -0.14045276485466 0.1882166830497368 -0.1587804800442818 0.007214646747983023 0.3534638796508676
 -0.1254265675811764 0.4486083356070517 -0.08192437619795931 0.3182985491783998 -0.3376876343154349 0.2365594480632388 0.3340659711170807 -0.05800118955543201 -0.06522493951023176 -0.0263852354417058 -0.3400051001942943 0.141482397852294 -0.4911546406884873 0.1078775925576378 0.002477850207282799
 -0.097719288112137 0.1513884443482261 -0.1101327365662779 -0.2122708145150104 0.008714844935468946 -0.06786414190047695 -0.1470142792606834 -0.03047653281291114 -0.04396632964129403 0.1443124097773618 0.06044424309532456 -0.2647547167394298 0.05609552479431378 0.02431147063203151 -0.1209304851219282
 0.3461659002684007 0.1091235919254296 -0.03900580879261958 0.5196555467560816 0.01350125276678366 0.2209249966181614 0.3284528731801117 0.3295364515076478 0.258968713951074 -0.1674741641900971 -0.2721384209226539 0.1616183759138097 -0.1249266980477878 0.04690309020414298 0.06694066643838811
 -0.3476617286451865 1.182148262912917 -0.05573961290467502 0.5427259617940525 -0.2381033970328745 0.1924636813853077 0.5283144569334143 0.1499367036046945 -0.002659874384118619 -0.2668232486755582 0.4295233838971679 0.157541551870633 -0.6613194498622871 0.2677162376994413 -0.03527461097232689
 -0.09900552430367504 0.2443634438434426 0.1637138957097586 -0.4672457434241426 -0.1253725056200324 -0.3323591819217217 -0.1718925227526121 -0.0787490518601598 0.06716087539687612 0.3914044295299826 0.3910793881937783 -0.2865501722208008 0.4802041549969716 -0.0855647984325579 -0.5620020324640024


# name: iter
# type: scalar
300000


# name: c
# type: matrix
# rows: 1
# columns: 15
 NaN NaN NaN NaN NaN NaN NaN NaN NaN NaN NaN NaN NaN NaN NaN


# name: mean_corr
# type: matrix
# rows: 1142
# columns: 1
 -0.05607855892699362
 -0.04702651501381574
 -0.03719267496230218
 -0.02145805072825813
 0.007768113211617119
 0.04198726800809686
 0.05426655916055419
 0.05427303565169419
 0.1010847001022826
 0.1042003307036256
 0.1053727808019914
 0.1116694796443598
 0.133307981494511
 0.152403425338704
 0.1530629350264206
 0.4389294096645435
 0.4380943680933106
 0.3911605574309915
 0.3905732748654233
 0.4301767694439347
 0.4302993633920243
 0.4218377248026492
 0.4162755365854091
 0.4151714408211933
 0.414944370042327
 0.4149570535745594
 0.4109929087515548
 0.4067456282194697
 0.4058130553171359
 0.378445570219361
 0.3792851256768234
 0.3783845762800024
 0.3802794230621841
 0.3806872440466773
 0.3673867662863289
 0.3609098493424462
 0.3441438111726459
 0.335196757956461
 0.3381347520251173
 0.3314505265448214
 0.3312491992544436
 0.3272471490995322
 0.3235877216389378
 0.3200546770121791
 0.317769958680073
 0.3151052001764524
 0.3178287252162978
 0.3131808262365686
 0.3129095171497521
 0.3114275551059537
 0.3073559930757442
 0.3077510833122405
 0.312665192712185
 0.3134047099444084
 0.308152366595735
 0.3100278704766463
 0.3093451576358499
 0.310628019291092
 0.3066818390038242
 0.3035245545945739
 0.3090702945801065
 0.3103801797870974
 0.3090784486806461
 0.294587690626111
 0.2942393415944686
 0.29552612269826
 0.2960683289603408
 0.2988825549365615
 0.2961102466771303
 0.294485457719648
 0.2944017572496138
 0.2896906790335529
 0.2927603278799831
 0.2958653911055654
 0.2911909873668383
 0.2908676033753903
 0.2943929299794682
 0.294803951592883
 0.3023088269758608
 0.3022518418089476
 0.2958629176406065
 0.3042706779523546
 0.3030363872757765
 0.3077659570941854
 0.2923805061454203
 0.2924542822873217
 0.2953359418571128
 0.3062521720156782
 0.3022677623384772
 0.2916717208276379
 0.2917337758844029
 0.290536908220348
 0.2905542574154737
 0.2886851913399643
 0.2869507549252714
 0.2960931761449162
 0.2875134097157903
 0.290595512706126
 0.2876962793733002
 0.2865549029843099
 0.4807294022452597
 0.4764147133422736
 0.4725185622211003
 0.4666688800387501
 0.4570257854308856
 0.4553782540941426
 0.4462774196932848
 0.443996297727941
 0.4422797861624724
 0.4386305658149601
 0.4310353921287057
 0.4060619934620309
 0.4088419020473776
 0.40357713695543
 0.4034331743824405
 0.3805880481043845
 0.3809641286262745
 0.3793872113617837
 0.3787359908091769
 0.380968975993918
 0.3721992622254364
 0.3786752175868406
 0.3666497984094408
 0.3698747131768145
 0.3606709615972739
 0.3630104008601895
 0.3596506371924827
 0.3748146409162996
 0.3681768439356006
 0.3678327269095133
 0.3552474107615113
 0.356906159968298
 0.3750501226604053
 0.369465660055206
 0.3686886850160977
 0.3693995442138114
 0.3684044735954888
 0.363696968726059
 0.3712081592587959
 0.3718376011590697
 0.3668951651584654
 0.3664757396007161
 0.3706190069133468
 0.3646036509648267
 0.3670639837272395
 0.3652142019150776
 0.3656520154186413
 0.3346219958627349
 0.3332576781484567
 0.3278167778558715
 0.3319631365342158
 0.3236668725513202
 0.312617360173759
 0.3129294635846171
 0.3269746467922133
 0.3240934247771453
 0.3245063370497758
 0.3286710506724338
 0.3294973790285711
 0.329284608806966
 0.3286534440582314
 0.3307158730941964
 0.3345017727313185
 0.3369680789481997
 0.3367906323176072
 0.3355280590580242
 0.3368143416115869
 0.3449519836743346
 0.3358918315505922
 0.3359756496551375
 0.3469366709404936
 0.3445570424708738
 0.3426058362939158
 0.3421962802159974
 0.3247600781637863
 0.3237011997260898
 0.3224629631128157
 0.3283656767440712
 0.3320101902199534
 0.332261750818836
 0.338255776286412
 0.3394166381161965
 0.3476678794803789
 0.3411922518346163
 0.3356389204392499
 0.334397074409059
 0.3386954689875512
 0.3391122680799536
 0.3512709350320675
 0.3542271925175929
 0.3583633916109642
 0.3540760639859712
 0.3551681694436869
 0.3524449544973089
 0.3482510001796914
 0.3478869344934016
 0.3501010981044834
 0.3519267337207667
 0.3510637817931108
 0.3496046710380123
 0.3494705180105741
 0.3639592605150372
 0.3707162201712883
 0.3693542033609802
 0.3696509662224294
 0.3612891967124038
 0.3630343401225217
 0.3693289585746526
 0.3699978263834018
 0.3699627809626109
 0.3705969500423251
 0.3649559741396838
 0.3638961276852387
 0.3600135568413971
 0.3631028366626973
 0.3655987489678277
 0.3672839627829887
 0.3679119789233111
 0.3680602090507421
 0.3678340174898569
 0.3701800514848792
 0.3772543749436515
 0.3790814899957604
 0.3751104735425008
 0.3748156991771899
 0.3815800964361342
 0.3881202263618808
 0.3762750250084095
 0.3773966395196314
 0.3827835468572763
 0.3795560451279047
 0.3779718767970437
 0.3779521878050277
 0.3828500930268122
 0.382028746100049
 0.3755473985977968
 0.3774273699270213
 0.3788924679070329
 0.3778583079502725
 0.3758758989052565
 0.3747575255897081
 0.3757831600172722
 0.3760259019576495
 0.3790135452081119
 0.3831091773082352
 0.3798016693231279
 0.3772666127353153
 0.3792204777374102
 0.3727688605162711
 0.3725855384121131
 0.3817477926720249
 0.3816900589478859
 0.3790891003294884
 0.3830887794842904
 0.3801422305176954
 0.377383174248554
 0.3747427223530334
 0.3633488922025493
 0.3685670209311396
 0.371559069763177
 0.3704075277043604
 0.3719152431371336
 0.3707432052451775
 0.3689457627789876
 0.3724055799593286
 0.3748365549955291
 0.3749842904625602
 0.3742992586504204
 0.3747390899515819
 0.3751914418480193
 0.375000717295884
 0.3758958702591754
 0.376982384839377
 0.3741525675599554
 0.3740898133068091
 0.3752204726427789
 0.3768688270958356
 0.3772274499745041
 0.3781353486758248
 0.3744302489597736
 0.3785738523706909
 0.3790269227123677
 0.3850772239499512
 0.3854180875048639
 0.3779245194447494
 0.3766891119163471
 0.3762529113784174
 0.5218420499517098
 0.5203807304891631
 0.518653203048688
 0.5103836574236941
 0.5081793151395222
 0.4838670751295142
 0.4806767929012006
 0.4904484291836406
 0.4885368360762042
 0.4875643643604443
 0.4561539954940006
 0.4565410120616812
 0.4537522360642885
 0.4555191032221879
 0.4455379986819337
 0.4726184347946101
 0.4685744276351699
 0.4722523566242274
 0.4690595903204047
 0.4689096357849791
 0.4595420371692314
 0.4403215768595087
 0.4347064644324162
 0.4374734294821616
 0.4534447983573147
 0.4562697885828563
 0.4540283405700813
 0.4543830603524553
 0.4623275401925203
 0.4600325858201085
 0.4616620321258669
 0.4621208501504585
 0.4631337390586551
 0.4630263706552565
 0.4631381462322733
 0.4627369058215158
 0.462812227553638
 0.4633106798698147
 0.4604108620197317
 0.4672904140984325
 0.4385260597251983
 0.436524114787767
 0.436651698506046
 0.4330365890337086
 0.4335956877846844
 0.4361057819013094
 0.4347983795969143
 0.4333226678965096
 0.433927861401226
 0.4337430754868588
 0.4434027129890385
 0.4436704359236568
 0.4425651565508892
 0.444509635222117
 0.4558522839218986
 0.454909593761909
 0.4554924771243706
 0.4560856987967354
 0.4565084510358213
 0.4577354790312546
 0.4583705295742478
 0.458653130543873
 0.4541398109596886
 0.4557537339198172
 0.455711310502131
 0.451313915069169
 0.4703737549736461
 0.47464160271567
 0.4751481868330849
 0.4937888192324322
 0.478512059118429
 0.4790105629354618
 0.4885543941914381
 0.490759662051511
 0.4900125814296118
 0.4877905487045241
 0.486861722059104
 0.4864308416102154
 0.4859864405891408
 0.4862453416807175
 0.4967847178652812
 0.4994399049021735
 0.5025515642499222
 0.5049175596866369
 0.5040449641894578
 0.5092792868727076
 0.5085256517856486
 0.5026796516660788
 0.5032589152107054
 0.5008694469581169
 0.5019528789337533
 0.5028095888161863
 0.5021112499022479
 0.5085491943498092
 0.509546611163565
 0.5100691049939957
 0.5108082972330988
 0.5108951426487567
 0.5116172503124355
 0.5113985652711303
 0.5073120765840031
 0.5053598484819076
 0.5074188843186969
 0.5075923512677348
 0.5084161597392877
 0.5081537325083414
 0.5056999777324188
 0.5066188852180092
 0.5058786559020672
 0.505847811437561
 0.5027847708518008
 0.5025002130262475
 0.5026111707956878
 0.5064733392581108
 0.506582416819353
 0.5065558947665924
 0.5059611333524028
 0.5078519004138325
 0.5072397852120615
 0.5072934436311589
 0.5061984305041489
 0.5063942814408441
 0.5072977312632815
 0.5068809051007596
 0.5066699719166975
 0.5070197563861754
 0.5065456986303158
 0.5065445534963914
 0.5079604868991625
 0.5105764171724366
 0.5104867757297445
 0.5102504520367284
 0.5364568809843273
 0.5366429875858763
 0.537487412350263
 0.5370290012312621
 0.5346782145659768
 0.5322286495759952
 0.527079770676081
 0.527849040438326
 0.5242614660137991
 0.5212806316387222
 0.5202285933445735
 0.5175899389252828
 0.5193357346814739
 0.5223265163537809
 0.5226306577113768
 0.5232797920189129
 0.5224821647174183
 0.5180855413583288
 0.525191170724755
 0.528890677772931
 0.5238364852934894
 0.5146505615269638
 0.5092450991903424
 0.5102119611692479
 0.5087813446295643
 0.5097465115897114
 0.5044804660824022
 0.5043962531716046
 0.5048293099972756
 0.5057644657334931
 0.5072860425265051
 0.5079001373731591
 0.5096055620561663
 0.5103067211495496
 0.510321557038922
 0.5095121072362863
 0.5097169134524023
 0.508932217883748
 0.5088873178304562
 0.507769381163986
 0.5080278051167059
 0.5070732327336192
 0.5078616607092218
 0.5065029916687949
 0.5070867814967082
 0.5073478028489724
 0.5471245230145269
 0.5474453566720255
 0.5455315808348045
 0.544445613612586
 0.542962157192536
 0.542222273818636
 0.5425692272188489
 0.541382307900824
 0.5381602114161919
 0.5390743169468816
 0.5393936897914888
 0.5433240768517229
 0.5338576471275406
 0.5310084983720212
 0.5318460387613015
 0.5345762190733017
 0.5348518249214159
 0.5369385391657218
 0.5428884206938765
 0.5356234511801091
 0.5325814479628015
 0.5320066933221743
 0.5319879457792022
 0.5327213842452229
 0.535382742852571
 0.5346753046522968
 0.5346075602178154
 0.537778173710789
 0.537181395960682
 0.5365999809402173
 0.5394121403445215
 0.5397201793946385
 0.5389460961918328
 0.5394680940741501
 0.5392843106198423
 0.5334493457541075
 0.5326296446551709
 0.526153891469831
 0.5154454553834442
 0.5161215491159882
 0.5136626581415764
 0.5135779272821734
 0.5150991955435401
 0.5220313063349317
 0.5293068609960749
 0.5284018166572129
 0.5262640775567893
 0.526064467308851
 0.5279063471526666
 0.526155262058051
 0.5272547194896928
 0.5274475354201831
 0.5268981874644443
 0.5283271208651803
 0.52745759031022
 0.5281587807402111
 0.5261685199544511
 0.527030204745697
 0.5631936907922246
 0.5566439452376633
 0.5560270080520399
 0.5422267138322374
 0.5452858658824647
 0.548792031998342
 0.5492536238325074
 0.5543944494040003
 0.562716197917745
 0.5569432245918015
 0.5529488168135855
 0.5468399478695621
 0.5513655538704746
 0.5467655991420268
 0.5480548739278238
 0.5509426235906502
 0.5469605620654051
 0.5477197401642991
 0.5471194208437126
 0.5467458192163251
 0.5362148172450236
 0.5354071595088116
 0.5402219959682533
 0.5426089408306685
 0.5402394048334844
 0.5450438917578831
 0.5459147016234405
 0.5460109083176932
 0.5454249235341738
 0.5444230964213119
 0.5332810165214633
 0.5309331436339985
 0.5324630784604525
 0.5321147343585543
 0.5305216713206021
 0.531755156930363
 0.5303520614089025
 0.5289566199479891
 0.5288368218761124
 0.5297848226278102
 0.5331463533294891
 0.5327118413605572
 0.5358342958241451
 0.5355810079341101
 0.5340067718304999
 0.5357556989313732
 0.5361314526105987
 0.5346253052674541
 0.5359284436990334
 0.5347012144792124
 0.5347921080592538
 0.5344960889151953
 0.5350015254388313
 0.5319547468124914
 0.5313407717579712
 0.5313908755407291
 0.5321251098626015
 0.5300149287946263
 0.5289690083418733
 0.5290018702930139
 0.5289264651399015
 0.5290052133620812
 0.5287589665345654
 0.6046463560973049
 0.5977607011441876
 0.5804476392389808
 0.5788258076171988
 0.5741684708513942
 0.5661501118278477
 0.5598569155680858
 0.5611492376034177
 0.5612937601071802
 0.5480032421459788
 0.5532244541063618
 0.556156557334915
 0.5557233382530182
 0.5554427889193636
 0.5608827351490232
 0.563137902842252
 0.5618682096193727
 0.5494005783088469
 0.5502981152701004
 0.5466395388229733
 0.5658970950524783
 0.5649983697711768
 0.5681160193150362
 0.5671859341227941
 0.5679522040071812
 0.566901836481674
 0.5655525780720194
 0.5586324820639559
 0.5607601220129488
 0.5606265874526836
 0.5606000662850033
 0.557291905744872
 0.5588717117133659
 0.5592341904462665
 0.5634604079363026
 0.558392148706215
 0.5591427155414154
 0.5562846221356428
 0.5574081592891307
 0.5565065364619208
 0.5610256884853385
 0.57000484588492
 0.5722207509816588
 0.5717065065395117
 0.5735868373312708
 0.5717970190808229
 0.5731517083491275
 0.5742816274882678
 0.5686421679739582
 0.567297383214467
 0.5660897061778559
 0.5668772732630235
 0.566744446122692
 0.567902062168825
 0.5659711331630858
 0.5654056860806284
 0.565202722742373
 0.564496837075437
 0.5673991991912037
 0.5637898177359375
 0.568222058606511
 0.5681408962728816
 0.570027783772064
 0.5695016030522804
 0.5666992623853701
 0.5650886404126555
 0.5655737568374015
 0.5649975600637542
 0.5660935923770036
 0.5669459869714184
 0.5621482901993379
 0.56214318449666
 0.5624211532927902
 0.5610801507371639
 0.5619571901387089
 0.5624613005953785
 0.5636424667368914
 0.5630659790651208
 0.5628301906228287
 0.5618161049225959
 0.6034502167297646
 0.6084403913496655
 0.6084336585266645
 0.606375848046791
 0.6027484770484709
 0.6008825533298641
 0.5986848420691918
 0.5878041008710444
 0.5869244218542785
 0.5828025885632001
 0.580564357099799
 0.5768497684356877
 0.5763291421144667
 0.5796399220257338
 0.5801526322952272
 0.5800784997317365
 0.5799884560050121
 0.5817457905066882
 0.5828700372226109
 0.5804811737808585
 0.5796989652535148
 0.5802443096499889
 0.5851890914452477
 0.5860467813798519
 0.5898953679593769
 0.5797227827886189
 0.5819941354496148
 0.5815403827503046
 0.5899267599823182
 0.5946219694222225
 0.592569050451354
 0.5921829532608669
 0.591717633752975
 0.5924426451007804
 0.593952900473009
 0.5941551085387834
 0.5935840337688441
 0.5913060042257479
 0.5925757437814145
 0.5897555741583619
 0.5919879915632856
 0.5921844489521348
 0.5917689723044085
 0.5918901606824331
 0.5922551735193816
 0.5919175348042878
 0.618238214419942
 0.6092470753503891
 0.6084602749152024
 0.618292234671231
 0.6183935751193818
 0.6175208418541932
 0.6141619475123377
 0.5991115222164718
 0.591276035464062
 0.5922388613410714
 0.5925808475456048
 0.595688238668777
 0.5965449066827239
 0.5964347384074009
 0.5919858484614323
 0.5851315795096201
 0.5993188276075853
 0.5949574806829879
 0.5953728898066497
 0.5961974274139679
 0.592361042149164
 0.5914886089904575
 0.5882310627650464
 0.5930838564781962
 0.6023010450818947
 0.6064082651055263
 0.6078497317633206
 0.6042252650176866
 0.6037306634042204
 0.6026642706424644
 0.6021609678500841
 0.602669620519041
 0.6000730901636111
 0.6017082821293112
 0.6038891981940714
 0.6036330987405544
 0.6043326416857139
 0.602457288068202
 0.6019210779536208
 0.602193772371993
 0.6031828164357296
 0.6009126986920589
 0.5993910045307128
 0.6022209582295234
 0.6024180157594708
 0.6032416844759769
 0.6004046249367825
 0.5980128972434442
 0.5979987663423182
 0.5976478442152957
 0.5988406321445463
 0.5984176613020764
 0.5974706505922318
 0.5974876802075663
 0.5989837448343113
 0.5988016203464993
 0.5981220040862892
 0.5976223818193636
 0.5989226383265119
 0.5974065712488648
 0.5980569744631939
 0.598280803392799
 0.6232261617031889
 0.6200952103466584
 0.6211805920171227
 0.6006122996504266
 0.6017655590266757
 0.6003542500486686
 0.6003667008065268
 0.5965424896641222
 0.5969668508772569
 0.5923471422173188
 0.5995486074173791
 0.6006043222198812
 0.6023771529479238
 0.603749015667126
 0.6039533349729517
 0.6043280466763428
 0.6046843195610613
 0.6051442317086148
 0.6042742413666888
 0.6046124202961081
 0.6050909716485831
 0.6046197982860446
 0.6044495804051507
 0.6027063807496567
 0.6032050753546706
 0.6040097163273354
 0.6035403134168635
 0.6046701786394019
 0.6044884605002891
 0.6046358962355661
 0.6047324408393294
 0.6056288264169799
 0.6055829357856026
 0.6024228395089228
 0.6258454587341796
 0.6220235620290588
 0.6242117036900771
 0.6185200489344699
 0.6123145141321527
 0.6131425054546301
 0.6129096043543413
 0.6125180314782948
 0.6070949597305642
 0.6093971686859972
 0.6088762197150638
 0.6106076869690634
 0.6105403656619646
 0.6126165455121405
 0.6124147424484729
 0.6121494101888839
 0.6131566269867945
 0.6136450190778732
 0.6119669462124527
 0.6127382143467071
 0.6125903929530473
 0.610929993245221
 0.6112622053089739
 0.6106748554690236
 0.6118706022649216
 0.6110260501296035
 0.611979338700762
 0.6114224965793007
 0.6086521472553451
 0.6092040217301892
 0.6104554359961961
 0.6104192882278404
 0.6099892183441885
 0.610136249181794
 0.6093094674781002
 0.6089086450936479
 0.6084310527597004
 0.6085501289589335
 0.6078150084198791
 0.6102002511293897
 0.6081007485878583
 0.6105361638081954
 0.6104510951626591
 0.6301950313345835
 0.6289544601206246
 0.628380918306498
 0.6128521744485004
 0.6104273621396819
 0.6095333740898166
 0.6151252414147389
 0.6305208959290677
 0.6263935842905055
 0.6283382333796552
 0.629523587773517
 0.6233836443680125
 0.6202349272914603
 0.6180128573647751
 0.6169749147405937
 0.6124602715756287
 0.6091533818626258
 0.6075064682745115
 0.6047342717877202
 0.604882061861842
 0.6093803169775591
 0.6069906319089674
 0.6059189049184515
 0.6042669637806825
 0.6082258368439395
 0.609600939874008
 0.6082746073477832
 0.6083933067730882
 0.6099495682824417
 0.608905509589805
 0.6097153582590861
 0.6085541000085753
 0.6091060496626568
 0.6069953814750895
 0.6071715945418426
 0.6079972900817006
 0.6052827354589722
 0.6033598815994597
 0.6032041710405955
 0.602435710964943
 0.6019743721017089
 0.6027282188137295
 0.6031323295241126
 0.6024743098158585
 0.6027727164222421
 0.6030620423202231
 0.6018642525450308
 0.6024121886607712
 0.6015270901441403
 0.622596900419052
 0.6228107351026123
 0.6234996910871394
 0.6255421783422558
 0.6280610828172091
 0.6090674870238774
 0.6082640842627757
 0.6090998440801978
 0.608515642131696
 0.6084133835605503
 0.6083026473804594
 0.6078278193490905
 0.605861478916203
 0.6056010177951193
 0.6031908274975013
 0.6150884579020506
 0.6131180321351537
 0.6095557541245937
 0.6120186022677392
 0.616850885033833
 0.6170883285716572
 0.6161317453939229
 0.6179953623622456
 0.6194133677912478
 0.6207482255413582
 0.6157914126108316
 0.6217323740765887
 0.6181636825609159
 0.6133084784089017
 0.6127935882743871
 0.6140113984471675
 0.6157874569779705
 0.615545700127797
 0.6202498470567406
 0.6220305801347706
 0.6207509878340111
 0.6181590458410342
 0.6182145582150261
 0.6147868013579959
 0.6150990888097572
 0.6169097501002997
 0.6161389831899142
 0.6156570546818024
 0.6167437056149674
 0.6165852113704265
 0.6168155359518185
 0.6154913087764303
 0.6165046365604652
 0.6169190210955604
 0.6182196830399398
 0.6185564421865901
 0.6187402655304524
 0.6193692681159663
 0.6238990725843123
 0.6213791971231546
 0.6218273088552342
 0.6214315520430117
 0.620561734542505
 0.6205467217544159
 0.6201992358066325
 0.6212351174847444
 0.6190080901701603
 0.6170449359703397
 0.6188509837557272
 0.6190561803416762
 0.6156475925158847
 0.6159545627837293
 0.6259138127274342
 0.6238817590439657
 0.6265791394817288
 0.6242050941825155
 0.6246840239604846
 0.6266307517193067
 0.6234227098946289
 0.6229110390817076
 0.6198532568274706
 0.6191505070918637
 0.614454328729738
 0.6193634189476712
 0.6116738558141669
 0.6113522773605342
 0.6195857084778557
 0.619481176502809
 0.6190135878998212
 0.6186099151265345
 0.6199059464630643
 0.6202299675629648
 0.6180191365310339
 0.6158849885540654
 0.6150588569817256
 0.6110175610165332
 0.6040134146242956
 0.6058937001181717
 0.6077910232161812
 0.6074521388563777
 0.6073030385433908
 0.6129238132296347
 0.6142161132935098
 0.6147104950680025
 0.6153454508940835
 0.6104066709234043
 0.609393597113519
 0.6093242000081592
 0.6091434518301507
 0.6091243685324206
 0.6108889905510877
 0.6104657198714563
 0.6105600839536293
 0.6106669147428908
 0.6113709303987489
 0.6118089901659606
 0.6125691023756278
 0.6100138096326038
 0.6097247316723503
 0.610193214871117
 0.6117411808138409
 0.6302947357383917
 0.6338657283226842
 0.6341468621783525
 0.6335184914950783
 0.6322247495631799
 0.6325688180218634
 0.6314857275986244
 0.6289668294388364
 0.6306913951961731
 0.6307897856730911
 0.6302163559131515
 0.6305554513891313
 0.6315063574358228
 0.6327891767606596
 0.632691943609847
 0.6311067095940516
 0.6319601569346475
 0.6311574300649242
 0.6313796809973274
 0.6300000657435312
 0.6290016314651553
 0.6286612554268403
 0.6287496338501284
 0.6265854132102135
 0.6226405434387609
 0.6212908755066676
 0.6222492742500255
 0.6185634809338739
 0.6191580986763353
 0.6182189678982676
 0.6215159571832044
 0.6185485510903249
 0.6201532014345363
 0.6216810828617355
 0.6246374819341791
 0.6219488671193363
 0.6223814990876064
 0.6236639351071985
 0.6239557356297359
 0.6213160366886912
 NaN
 NaN
 NaN
 NaN
 NaN
 NaN
 NaN
 NaN
 NaN
 NaN
 NaN
 NaN
 NaN
 NaN
 NaN
 NaN
 NaN
 NaN
 NaN
 NaN
 NaN
 NaN
 NaN
 NaN
 NaN
 NaN
 NaN
 NaN
 NaN
 NaN
 NaN
 NaN
 NaN
 NaN
 NaN
 NaN
 NaN
 NaN
 NaN
 NaN
 NaN
 NaN
 NaN
 NaN
 NaN
 NaN
 NaN
 NaN
 NaN
 NaN
 NaN
 NaN
 NaN
 NaN
 NaN
 NaN
 NaN
 NaN
 NaN
 NaN
 NaN
 NaN
 NaN
 NaN
 NaN
 NaN
 NaN
 NaN
 NaN
 NaN
 NaN
 NaN
 NaN
 NaN
 NaN
 NaN
 NaN
 NaN
 NaN
 NaN
 NaN
 NaN
 NaN
 NaN
 NaN
 NaN


# name: mean_error
# type: matrix
# rows: 1142
# columns: 1
 1.444813240625364
 1.439413246244499
 1.437295110067211
 1.427907011011172
 1.413072777463972
 1.398672638947535
 1.38872019841326
 1.382409975895858
 1.348789696535758
 1.347216704977729
 1.34920155279924
 1.344523983123556
 1.337420650944211
 1.339672272891901
 1.340550722400428
 1.217272352498049
 1.217818913253625
 1.224618774227509
 1.225477832148653
 1.220625750088434
 1.220194151455484
 1.221174928091603
 1.217827947535975
 1.219183963925593
 1.217811215172933
 1.218527269395477
 1.223172609227933
 1.225007907443352
 1.226368468191343
 1.240551918072311
 1.239854640992092
 1.240463454079287
 1.240077659251491
 1.239240404634644
 1.245545416582756
 1.247543397269112
 1.248456114890961
 1.256748970150101
 1.25192184564067
 1.250950339312677
 1.252625820556771
 1.258558120082627
 1.259218415437245
 1.261607013846759
 1.264032741648304
 1.264574155753545
 1.258389500375287
 1.267151687312545
 1.265364568900387
 1.269350383914527
 1.271192821375192
 1.270480567459129
 1.265497849119917
 1.264960588899282
 1.27562222358838
 1.267921560560633
 1.269183527097662
 1.266755270869484
 1.268482146071712
 1.274179116535079
 1.269100572089072
 1.268673856711712
 1.272738338965944
 1.27874597340216
 1.279051484984299
 1.278172575563169
 1.278142812014004
 1.268750861717
 1.269246456394453
 1.268915309634195
 1.269500946845803
 1.273266744805689
 1.272414506908717
 1.266224016169436
 1.270892962346183
 1.270861773382072
 1.273442271958234
 1.275954845782777
 1.276313777394313
 1.275015741152665
 1.277102872271725
 1.274685025470812
 1.274262771886254
 1.267390386720347
 1.265654960267233
 1.265460647932532
 1.265154927433
 1.265950792487808
 1.268407271074457
 1.268208035626976
 1.271092515187979
 1.269442140244205
 1.271726819441622
 1.276827416250041
 1.275669181403866
 1.275987775267459
 1.275414084355384
 1.274950452715037
 1.276537882133852
 1.278434404893933
 1.201937162403351
 1.186032765502488
 1.188524616922801
 1.197439157571769
 1.209750967503719
 1.208054543992344
 1.210585304711047
 1.210900820180849
 1.217238920910211
 1.218575498856814
 1.215195382521727
 1.215089485943013
 1.215366582680668
 1.216063976544878
 1.216208584156013
 1.24219741037527
 1.241063268481253
 1.241372665154616
 1.242893693870929
 1.241913185971188
 1.24631215190163
 1.23517206309024
 1.240570286986012
 1.236506808871888
 1.248924492324832
 1.247172780495835
 1.251776040985345
 1.237772107098112
 1.241666631430078
 1.240146112912457
 1.25285899688047
 1.25285595584424
 1.229198165249263
 1.236504749615972
 1.241758852902932
 1.241197024276958
 1.242828918837358
 1.248399096942759
 1.242154221299419
 1.239463152893329
 1.241413216058475
 1.241339661672503
 1.238156971850942
 1.239452676134362
 1.237823557932616
 1.239258062820997
 1.243102946883794
 1.252065922751411
 1.250688843044783
 1.254260786692277
 1.249012515841742
 1.253508133543274
 1.266001124756922
 1.265958684422225
 1.249311581160705
 1.248456603608937
 1.249002825458134
 1.247046864210266
 1.246589576686208
 1.248250456057389
 1.247447486684883
 1.248733637198111
 1.248825970723356
 1.247205847490437
 1.247326782856963
 1.247431623839062
 1.249948590927575
 1.245117551600568
 1.247112757724751
 1.250084705604082
 1.240013303756807
 1.245204671866363
 1.248438034232093
 1.249414552708668
 1.256871096803562
 1.252516998037503
 1.254538130082026
 1.250658237535647
 1.247908515245784
 1.247155384523519
 1.241986127074789
 1.233997326468923
 1.232109716157497
 1.237488608089653
 1.23498655627918
 1.23608660924166
 1.236912018378011
 1.237095977515669
 1.2338778162127
 1.23074709359574
 1.229988760922117
 1.235231401188786
 1.233297035507481
 1.2286662542363
 1.237249849351699
 1.239259231032083
 1.234945579346942
 1.236233696996398
 1.23953829733035
 1.240082381502703
 1.243066096193336
 1.221002857832516
 1.21549909752804
 1.219140373977926
 1.217586923057246
 1.226806868217068
 1.230385121880302
 1.236539124154363
 1.235590819633747
 1.237589968429446
 1.236694593218588
 1.237912809039199
 1.238060869808226
 1.239998503519032
 1.23453665099096
 1.230680660396249
 1.236000397516172
 1.225511932359167
 1.226230230605023
 1.229573229256647
 1.230216557657507
 1.227609371962202
 1.220332847484173
 1.223494652387475
 1.224409482089101
 1.225997170569863
 1.220933982228608
 1.231990098324032
 1.229985005735311
 1.225630911665443
 1.228104223685077
 1.23058264361218
 1.229856323344759
 1.22933980181655
 1.229589584995032
 1.235535269348313
 1.235032891742616
 1.235702321820836
 1.234484855415674
 1.236305191655991
 1.236913884521863
 1.238180563547661
 1.239369718256277
 1.23801130453825
 1.234359950941274
 1.231029063329186
 1.240843007811083
 1.241964502435625
 1.242010220857106
 1.2433918618481
 1.244013765951976
 1.242001904782896
 1.24321725771416
 1.24309413045484
 1.247862276147291
 1.253095414067731
 1.253645640622216
 1.25480591986028
 1.252659493770849
 1.250515959870815
 1.248961183156335
 1.248016142037619
 1.247748865430192
 1.248748287782958
 1.244614894622689
 1.245130144977714
 1.245784632307507
 1.245875284433973
 1.247315524523928
 1.247342536732327
 1.247816033843247
 1.251216656639067
 1.243274207322822
 1.247369444977802
 1.246091674891056
 1.246860417640862
 1.243997092367641
 1.241729498938582
 1.243017817237192
 1.245988993044579
 1.24489809224708
 1.245522070525761
 1.247981233610094
 1.249075875299042
 1.249387253874767
 1.249676620370886
 1.253737476727498
 1.183417919133006
 1.181673530789795
 1.182490359168618
 1.184496913267428
 1.183455819251287
 1.183921263024828
 1.19512861214213
 1.190607039516183
 1.19187054135465
 1.191811671320598
 1.202215404628481
 1.190692035467334
 1.191542512213414
 1.197032609075364
 1.20044999395784
 1.189509945362109
 1.190287828655952
 1.184266161662658
 1.183524525040075
 1.183762539204493
 1.19275689484942
 1.205004910766445
 1.205183813146771
 1.202824370920786
 1.198520083487812
 1.197725715258541
 1.197675259935117
 1.19768597847174
 1.198270194398644
 1.198061755840508
 1.195971251779597
 1.19859905961957
 1.198115684399203
 1.196680132504035
 1.196399069315613
 1.200255444532121
 1.200412027435757
 1.19511353003765
 1.192050922651724
 1.197344584809616
 1.200014947988436
 1.199835272272022
 1.19928108834919
 1.210902439079376
 1.208227677187526
 1.198425109701792
 1.19993490856432
 1.203350099176156
 1.205872482844929
 1.205936705623072
 1.201240523165274
 1.202217808292217
 1.202771522103152
 1.203800549205304
 1.217003036807184
 1.216182564550722
 1.2162405802661
 1.218495445038488
 1.218610837505826
 1.21937899656292
 1.218387212718842
 1.218508171897704
 1.219385658102323
 1.218992367221147
 1.21896499385454
 1.221239970529411
 1.214107015426882
 1.215011846253274
 1.213097404939251
 1.195694732388556
 1.211569131456488
 1.212141384253972
 1.206608502137591
 1.207378003181484
 1.212756647636739
 1.213474162277837
 1.214029166126908
 1.214178192778584
 1.214397539505291
 1.21438213631474
 1.203396100765639
 1.201809726943384
 1.202401019144698
 1.204111604476757
 1.203640867883607
 1.206570815444455
 1.207723459167631
 1.210664207543515
 1.205768649747399
 1.206708035215484
 1.205053473378799
 1.204900067439863
 1.205337957144304
 1.199817783180437
 1.197910289576696
 1.198425858144847
 1.198252313684674
 1.198589855648528
 1.199966794827105
 1.198303715443007
 1.203556725705988
 1.20478133948447
 1.204890100995827
 1.204324441608801
 1.20438908604378
 1.20546249442332
 1.203469378780135
 1.198944987607735
 1.199212931796792
 1.199057720042356
 1.196222804556386
 1.194691587245279
 1.194404054919481
 1.192405361107435
 1.191304751056255
 1.191266736858591
 1.191501432108182
 1.192008618735989
 1.192131338839801
 1.193324188126693
 1.193740939037796
 1.194414818623485
 1.19436350517827
 1.194652689406099
 1.194199505416511
 1.194697010409811
 1.192561345984801
 1.192793219323879
 1.191073039996685
 1.19230854306371
 1.192341443356605
 1.192531154224952
 1.189366445397606
 1.187772240610855
 1.192783258219477
 1.192840511112574
 1.192137979345093
 1.19075721546001
 1.190163047103983
 1.189320606946286
 1.193090488818847
 1.200828515968868
 1.203088903855381
 1.204103312334642
 1.203649822363241
 1.201418395610075
 1.202226403788831
 1.202308521973112
 1.203425427479807
 1.210915944681812
 1.208958326090889
 1.208758381455193
 1.211453745879645
 1.214166434221806
 1.215326694155555
 1.214839116701044
 1.216102098733585
 1.215863569998042
 1.214781595108676
 1.216143455168663
 1.215571656005178
 1.215320033672309
 1.214663704174113
 1.214840282411947
 1.208749156516666
 1.207807863414529
 1.208012710379623
 1.208764367571713
 1.208954257301054
 1.209432584972781
 1.209507810980267
 1.209600893444015
 1.209842667191458
 1.210888603301673
 1.210440026097908
 1.211532332904262
 1.211188416775294
 1.211183347655381
 1.190900071093038
 1.192905101733171
 1.193256692399916
 1.19171932773583
 1.194476850093395
 1.196608635530867
 1.196348460394568
 1.196762525874436
 1.198937511301838
 1.195910238341611
 1.195260892769949
 1.186826824457646
 1.187784244394056
 1.191849261091343
 1.191258856956408
 1.192557795665359
 1.192097961272275
 1.192216327594947
 1.19120166846167
 1.192106335741666
 1.1970411797064
 1.198989034506903
 1.196909552931136
 1.19602919388488
 1.192656729719161
 1.189939860530721
 1.189997388144769
 1.191942866372872
 1.191129635084261
 1.191448012657233
 1.187639240640196
 1.191137976551029
 1.193595555133695
 1.193496733569858
 1.193374213714024
 1.197665775371979
 1.200302336093757
 1.200086441445671
 1.202393756550587
 1.201889556859708
 1.203299682203776
 1.204857721793043
 1.204925506221866
 1.202693225509962
 1.202658556245075
 1.205879150646279
 1.203943164501655
 1.203538383815951
 1.203317457319526
 1.203636664041896
 1.203859661265307
 1.203672566055669
 1.20321382337301
 1.202775010405595
 1.204486768062482
 1.203746085077302
 1.204591637365831
 1.203928321377194
 1.185522366683595
 1.187580009310665
 1.186478590364348
 1.189699104229079
 1.186918935321208
 1.185558177760284
 1.186049258148593
 1.18405403251547
 1.183814206144983
 1.181691414362436
 1.184935525064084
 1.188039399850084
 1.182884246498214
 1.18772266457216
 1.185557084185852
 1.187346549746867
 1.188854810178469
 1.191027782911583
 1.191222699232313
 1.190488021266756
 1.192248531056985
 1.190799898403168
 1.188022040697238
 1.18756340205802
 1.189171047130312
 1.188705147980723
 1.186798003635216
 1.186828362618042
 1.187639872227327
 1.187063126958172
 1.189322035834788
 1.190798274561103
 1.192333860655739
 1.192472296530293
 1.192863311912019
 1.19061734544826
 1.192463424737516
 1.192684854339928
 1.193096485752782
 1.192864182578719
 1.191539816745485
 1.191473636160866
 1.191082412173448
 1.194568103245703
 1.195541907245519
 1.192284334337703
 1.192372366761311
 1.190776265290586
 1.190703887680616
 1.192929652208235
 1.192693840335047
 1.192399136391625
 1.192331320176613
 1.193132888559201
 1.192484554322465
 1.192218643907636
 1.192740008338741
 1.19389088889023
 1.194370942625391
 1.194377368708894
 1.193138861376753
 1.193058399932501
 1.193670073292697
 1.156258572639987
 1.142976663926601
 1.141767571744681
 1.140005886647157
 1.151248251973485
 1.154069872077163
 1.153815743345339
 1.150915729594825
 1.154200265663961
 1.162402064371329
 1.157925642803823
 1.154906227453334
 1.149417407753793
 1.145826811981277
 1.147633712851416
 1.150421997563408
 1.150163677336532
 1.152736404659523
 1.149019276672358
 1.152564519272768
 1.149385018498048
 1.14859177573418
 1.153559754803745
 1.153717338588913
 1.151696263115328
 1.151032152411101
 1.148269860270573
 1.146639939711053
 1.149776247608081
 1.14958924960213
 1.14966232436371
 1.15573739382501
 1.156538731354669
 1.153836562413871
 1.154232474641975
 1.154173996296774
 1.153067250237118
 1.151947502620193
 1.152878414037593
 1.153266574079129
 1.163854456811078
 1.15605618914493
 1.155739695189024
 1.157821296718748
 1.156088293525832
 1.157305185880265
 1.156081042872708
 1.154790913853028
 1.161344263412391
 1.16272262829057
 1.162336547198672
 1.160814057108129
 1.16592590650847
 1.164613358746952
 1.167908684371392
 1.167422101599221
 1.168236074497323
 1.168254287438429
 1.167442155479251
 1.165784604407384
 1.159357071454261
 1.16211062391729
 1.163592008326364
 1.162195019700377
 1.155124055209432
 1.157793462700329
 1.156133359549908
 1.152760976616345
 1.152836844714374
 1.152133086265906
 1.155430873946995
 1.154936103884155
 1.154649470310048
 1.153346520507935
 1.15760875639898
 1.160001089620617
 1.160772764303482
 1.162506103483665
 1.163582453207299
 1.163785478469282
 1.150961357208305
 1.149911366119404
 1.14826621286731
 1.143580853462363
 1.142986907787432
 1.137132225228583
 1.139052952770643
 1.141410207365638
 1.144119588182903
 1.146627378953333
 1.154096615808094
 1.156769158897787
 1.156509217672939
 1.151792152622138
 1.154160217604742
 1.155532792364917
 1.15428211937737
 1.151151208098993
 1.150280598135816
 1.153621722278473
 1.153373114622003
 1.154347539706869
 1.151564443387915
 1.151026856897281
 1.148463789384389
 1.155725037031819
 1.155871984688148
 1.158198930717624
 1.149260679573983
 1.148165318396516
 1.152694775225085
 1.148986226342341
 1.150704005813149
 1.150123945662247
 1.149602375343507
 1.149731810725836
 1.149640849838616
 1.149876934771873
 1.148374745065836
 1.147277872858714
 1.14748265745957
 1.147777524169557
 1.144767311529266
 1.146297288914338
 1.147576767674763
 1.148017185444413
 1.13748323829854
 1.134504843818452
 1.135022092202112
 1.139405694704855
 1.147659920972396
 1.152096429732653
 1.143096688648117
 1.140485109770376
 1.140913195623445
 1.141410642445524
 1.141533114737
 1.144263279614238
 1.146797130160295
 1.151245441864476
 1.152833339139296
 1.15502255779186
 1.152833954550591
 1.155623800730891
 1.157932907079779
 1.156839634284126
 1.157065002919006
 1.15644922652483
 1.151329346541487
 1.153864646256074
 1.153324407307256
 1.152077136608082
 1.153451893488397
 1.155168079646033
 1.154088974174577
 1.154730673621821
 1.153824553599374
 1.154439458093798
 1.151692097811492
 1.151822061738591
 1.152868634565666
 1.152716101567315
 1.152910946923673
 1.154651803683188
 1.154520872412347
 1.15390767354603
 1.154066975025177
 1.14897093310827
 1.150896892163057
 1.149393581111767
 1.148814459846165
 1.149176003285427
 1.149452418091133
 1.153237261733119
 1.149245868620959
 1.150577523320167
 1.151563645674806
 1.151004844979063
 1.152657841195069
 1.153239404300296
 1.151444140548036
 1.153165848935528
 1.152840169259429
 1.152780654358834
 1.154990724961479
 1.153758238103576
 1.154292581476648
 1.154308504585274
 1.133722670364876
 1.134095880285676
 1.138505297253771
 1.14035915009809
 1.138502544087331
 1.135699354169603
 1.135599878946035
 1.137536878239436
 1.135746042555848
 1.136217482561865
 1.126756334459518
 1.126957964776555
 1.124876273320494
 1.124632207429711
 1.124801265480065
 1.12495754595205
 1.124394547333535
 1.125035424992514
 1.128589779116248
 1.129027095633994
 1.12893311262465
 1.128915414622388
 1.129005426359119
 1.130054628168096
 1.129222113986659
 1.128981041290923
 1.128713820216767
 1.130567111287438
 1.130471666685062
 1.131153635127486
 1.131941039490268
 1.131962130289877
 1.131903289945465
 1.131710956386631
 1.116000330394842
 1.110983794208134
 1.111657420026813
 1.119846791174974
 1.127201711079824
 1.127189649719515
 1.12543382471033
 1.126304194428112
 1.12277676495
 1.124727499250287
 1.124154604168745
 1.126573789146453
 1.126661755945333
 1.129796160762088
 1.130406907681395
 1.129600787052777
 1.129793781831058
 1.132266255465578
 1.134850749050769
 1.133621918469494
 1.136602812514083
 1.135031218759741
 1.13553124627254
 1.136264698899059
 1.137963979578811
 1.13882948581324
 1.138769289223295
 1.139438690507227
 1.135680879705212
 1.13933176697837
 1.140763223907229
 1.141433302283047
 1.140255469050719
 1.140684194916191
 1.138800082926781
 1.139548360635414
 1.139427951452819
 1.137696474121797
 1.138734218413001
 1.136582042193372
 1.136264581290618
 1.13595812032992
 1.138792981141664
 1.113747859711486
 1.115331963467693
 1.118961941596927
 1.116894154856131
 1.118843704408135
 1.121753977338895
 1.11736068847918
 1.120819886674053
 1.111478166535946
 1.112244387387506
 1.115926087025473
 1.116174124821728
 1.118078925037792
 1.114509270735068
 1.117197445194647
 1.117900313378487
 1.119632211337174
 1.121599875095934
 1.11905473108608
 1.11990290450992
 1.119430540263472
 1.1215811950169
 1.122095450451483
 1.121558893580073
 1.116233810506433
 1.116041521877385
 1.115839645353225
 1.114740883213737
 1.118432875939908
 1.119592168264656
 1.118840293466243
 1.117948452135373
 1.117390903671356
 1.117017154990866
 1.118932065966909
 1.121095351834257
 1.122120756069956
 1.119211915773014
 1.118985856506054
 1.119523269911431
 1.120075136219917
 1.119681905198076
 1.117027378966192
 1.11736471528857
 1.117084459477276
 1.117382234170847
 1.117119505295538
 1.116623879321865
 1.115844861170396
 1.111371951208167
 1.111708226671659
 1.114297324323643
 1.112777280514095
 1.108797691649205
 1.112852546426428
 1.11368668305715
 1.116697441019425
 1.120162922859952
 1.120211723793516
 1.12116529356617
 1.121548620753893
 1.128394863686091
 1.129159556867588
 1.123778115818106
 1.117646411202626
 1.118937205259916
 1.117769731668243
 1.117321195286141
 1.119737084758084
 1.117027203530182
 1.11896738928109
 1.122461290991162
 1.121403587069677
 1.120857285374607
 1.122257766529526
 1.120547741255092
 1.12131986483355
 1.122482421669516
 1.123196182190928
 1.123331747765373
 1.123145966796702
 1.123320098763802
 1.12685852807665
 1.126394299451491
 1.126479835499783
 1.119293010235221
 1.120567515605372
 1.120731870324108
 1.121094139966091
 1.116695747108922
 1.114957675902554
 1.114179077458145
 1.120091299407393
 1.120408614302356
 1.120214439526979
 1.115574907183689
 1.116143239783086
 1.114881389453925
 1.119792576460312
 1.119912469464425
 1.119816463452799
 1.11523669171728
 1.121761549182434
 1.123218399227432
 1.12374107487656
 1.118865176733788
 1.117199790317666
 1.116264355393427
 1.115331477080309
 1.116837547164737
 1.118128626017193
 1.1252567373771
 1.124078120677616
 1.1207332306576
 1.125447440816193
 1.125859870889535
 1.104877890678548
 1.101636953925225
 1.100033449939074
 1.115513335178323
 1.115986680564987
 1.118441649028658
 1.112011835302235
 1.113819548423046
 1.107416555530067
 1.109381297448797
 1.105551112566542
 1.096165556633236
 1.093114952020514
 1.092755134169734
 1.103210531520835
 1.103388301878291
 1.104821528111845
 1.104034897572107
 1.098132494314132
 1.100617698237229
 1.102461751915776
 1.104510244556554
 1.10491055873517
 1.096830450396424
 1.101670625450887
 1.09785746972421
 1.09987892293324
 1.09952305756029
 1.09965639972386
 1.098299538296648
 1.099407460340359
 1.097722364313834
 1.099140685941038
 1.097462197971965
 1.096992746662127
 1.095987996767754
 1.095232008601809
 1.094976753751753
 1.094666303408364
 1.094748924747013
 1.092987220520397
 1.093580276046906
 1.0943322797592
 1.096587668154633
 1.096443300977856
 1.097027544935835
 1.097874649601605
 1.099328483808906
 1.104541885478316
 1.09375983294644
 1.103017433740984
 1.103628248587531
 1.105099809578949
 1.108699179735296
 1.104546642795719
 1.106313712815754
 1.107047951240896
 1.105552506799311
 1.103805351383796
 1.102830658258603
 1.102837828151642
 1.095138307194682
 1.095715820210395
 1.095034746181873
 1.090987092748269
 1.091569417576367
 1.088572586974463
 1.08913710439166
 1.087952361444116
 1.096990860478208
 1.099253005911184
 1.099806519650641
 1.100082410383376
 1.090129666380041
 1.09110984378453
 1.090855666846718
 1.087397321024948
 1.08874694391825
 1.088050278702585
 1.090520273169671
 1.089664713564224
 1.08735507954374
 1.088475646235151
 1.091900770364799
 1.089484312172487
 1.089715108411573
 1.092299725177666
 1.09322976981929
 1.091039349205217
 NaN
 NaN
 NaN
 NaN
 NaN
 NaN
 NaN
 NaN
 NaN
 NaN
 NaN
 NaN
 NaN
 NaN
 NaN
 NaN
 NaN
 NaN
 NaN
 NaN
 NaN
 NaN
 NaN
 NaN
 NaN
 NaN
 NaN
 NaN
 NaN
 NaN
 NaN
 NaN
 NaN
 NaN
 NaN
 NaN
 NaN
 NaN
 NaN
 NaN
 NaN
 NaN
 NaN
 NaN
 NaN
 NaN
 NaN
 NaN
 NaN
 NaN
 NaN
 NaN
 NaN
 NaN
 NaN
 NaN
 NaN
 NaN
 NaN
 NaN
 NaN
 NaN
 NaN
 NaN
 NaN
 NaN
 NaN
 NaN
 NaN
 NaN
 NaN
 NaN
 NaN
 NaN
 NaN
 NaN
 NaN
 NaN
 NaN
 NaN
 NaN
 NaN
 NaN
 NaN
 NaN
 NaN


# name: iter_improve
# type: matrix
# rows: 1142
# columns: 1
 1
 9
 13
 18
 128
 149
 171
 173
 186
 203
 208
 231
 242
 245
 277
 288
 289
 296
 297
 307
 311
 314
 315
 320
 322
 323
 326
 327
 338
 343
 353
 361
 363
 371
 373
 374
 381
 404
 405
 408
 424
 438
 439
 464
 469
 484
 500
 504
 505
 524
 534
 593
 618
 874
 950
 1000
 1041
 1108
 1144
 1171
 1201
 1343
 1416
 1675
 1724
 1759
 2189
 2195
 2196
 2276
 2288
 2353
 2360
 2361
 2382
 2429
 2485
 2520
 2521
 2529
 2530
 2531
 2546
 2563
 2564
 2570
 2587
 2589
 2598
 2603
 2612
 2618
 2623
 2624
 2649
 2696
 2719
 2727
 2729
 2862
 3000
 3001
 3002
 3005
 3012
 3018
 3022
 3023
 3026
 3043
 3081
 3091
 3101
 3102
 3108
 3109
 3111
 3121
 3137
 3149
 3150
 3152
 3167
 3175
 3188
 3205
 3207
 3221
 3225
 3239
 3243
 3253
 3254
 3257
 3261
 3262
 3268
 3284
 3285
 3291
 3303
 3305
 3335
 3360
 3363
 3366
 3367
 3371
 3392
 3404
 3413
 3422
 3427
 3448
 3451
 3455
 3489
 3524
 3535
 3577
 3601
 3651
 3653
 3662
 3664
 3680
 3695
 3698
 3717
 3734
 3739
 3747
 3749
 3756
 3757
 3774
 3800
 3805
 3815
 3850
 3884
 3920
 3926
 3942
 3953
 3961
 3967
 3969
 3970
 3973
 3974
 3983
 3987
 4003
 4019
 4080
 4088
 4117
 4124
 4130
 4182
 4195
 4202
 4209
 4246
 4250
 4268
 4307
 4320
 4325
 4335
 4343
 4388
 4404
 4409
 4437
 4440
 4442
 4449
 4461
 4467
 4479
 4480
 4481
 4513
 4584
 4599
 4616
 4621
 4631
 4634
 4641
 4642
 4661
 4667
 4718
 4751
 4784
 4787
 4790
 4796
 4799
 4804
 4808
 4819
 4827
 4830
 4831
 4845
 4870
 4891
 4910
 4917
 4918
 4920
 4930
 5017
 5042
 5074
 5075
 5121
 5173
 5194
 5206
 5238
 5250
 5258
 5278
 5284
 5303
 5386
 5658
 5663
 5677
 5716
 5722
 5730
 5749
 5786
 5842
 5871
 5885
 5895
 5901
 5902
 5917
 5933
 6000
 6003
 6004
 6007
 6011
 6013
 6018
 6020
 6021
 6024
 6030
 6033
 6036
 6037
 6049
 6064
 6065
 6074
 6078
 6098
 6102
 6108
 6155
 6156
 6160
 6166
 6170
 6173
 6174
 6183
 6195
 6199
 6202
 6204
 6207
 6210
 6220
 6222
 6228
 6245
 6250
 6251
 6252
 6257
 6267
 6299
 6306
 6313
 6318
 6337
 6372
 6388
 6389
 6395
 6409
 6446
 6449
 6465
 6466
 6476
 6477
 6488
 6499
 6502
 6505
 6511
 6513
 6515
 6518
 6528
 6531
 6552
 6553
 6567
 6574
 6579
 6590
 6605
 6609
 6612
 6615
 6617
 6618
 6631
 6643
 6651
 6652
 6655
 6656
 6664
 6671
 6674
 6676
 6677
 6684
 6685
 6688
 6695
 6704
 6714
 6718
 6720
 6742
 6768
 6786
 6832
 6904
 6909
 6911
 6914
 6920
 6976
 7126
 7209
 7258
 7265
 7349
 7386
 7794
 7799
 7931
 7961
 7985
 8044
 8169
 8229
 8233
 8400
 8753
 8814
 8828
 8863
 9000
 9004
 9022
 9035
 9041
 9042
 9051
 9071
 9075
 9077
 9094
 9116
 9125
 9128
 9131
 9137
 9141
 9175
 9178
 9188
 9197
 9208
 9237
 9294
 9623
 9683
 9783
 10063
 10140
 10310
 10336
 10351
 10359
 10370
 10448
 10534
 10772
 10893
 10980
 11027
 11031
 11058
 11280
 11314
 11363
 11923
 12000
 12008
 12029
 12062
 12064
 12126
 12134
 12143
 12145
 12156
 12160
 12165
 12240
 12241
 12244
 12247
 12248
 12249
 12255
 12258
 12287
 12298
 12353
 12412
 12422
 12424
 12428
 12444
 12452
 12460
 12466
 12472
 12482
 12485
 12497
 12507
 12509
 12511
 12534
 12770
 12876
 12951
 12959
 13015
 13030
 13031
 13071
 13084
 13182
 13229
 14222
 14275
 14292
 14451
 14746
 14908
 14974
 14977
 15000
 15001
 15006
 15012
 15016
 15019
 15021
 15024
 15038
 15043
 15044
 15051
 15067
 15093
 15104
 15157
 15162
 15187
 15200
 15205
 15211
 15213
 15239
 15340
 15352
 15358
 15416
 15452
 15472
 15505
 15526
 15558
 15579
 15587
 15648
 15702
 16226
 16335
 16346
 16591
 16699
 16711
 16720
 16753
 16819
 16865
 17126
 17168
 17172
 17176
 17248
 17256
 17265
 17290
 17302
 17317
 17326
 17359
 17383
 17466
 17623
 17717
 17759
 18000
 18008
 18009
 18012
 18016
 18027
 18028
 18034
 18037
 18056
 18061
 18066
 18071
 18079
 18095
 18096
 18098
 18121
 18127
 18130
 18131
 18132
 18134
 18136
 18150
 18152
 18230
 18284
 18312
 18317
 18322
 18334
 18346
 18351
 18376
 18381
 18391
 18396
 18416
 18424
 18471
 18477
 18490
 18502
 18526
 18545
 18558
 18567
 18576
 18615
 18636
 18642
 18647
 18697
 18704
 18922
 18945
 18953
 19049
 19105
 19124
 19129
 19187
 19244
 19294
 19315
 19371
 19473
 19627
 19985
 20286
 20317
 20337
 20408
 20483
 20516
 20542
 20614
 20653
 20655
 21000
 21002
 21010
 21013
 21024
 21025
 21057
 21084
 21089
 21101
 21125
 21196
 21234
 21248
 21260
 21368
 21486
 21531
 21544
 21547
 21570
 21658
 21752
 21787
 21795
 21798
 21811
 21840
 21908
 22011
 22109
 22298
 22360
 22376
 22525
 22582
 22586
 22678
 22906
 23160
 23173
 23218
 23227
 23239
 23361
 23790
 24000
 24026
 24033
 24074
 24076
 24081
 24090
 24106
 24114
 24121
 24124
 24132
 24144
 24146
 24155
 24163
 24166
 24171
 24281
 24299
 24350
 24362
 24370
 24371
 24403
 24419
 24434
 24456
 24494
 24595
 24692
 24747
 24874
 24908
 24911
 24921
 24922
 24945
 24950
 24958
 25025
 25035
 25122
 25126
 25132
 25255
 25447
 25454
 25496
 25521
 25525
 25535
 25587
 25627
 25628
 25634
 25636
 25684
 25700
 25825
 26464
 26956
 27000
 27005
 27014
 27022
 27026
 27030
 27057
 27078
 27086
 27121
 27131
 27151
 27154
 27170
 27175
 27245
 27254
 27449
 27472
 27676
 27717
 27782
 27804
 28183
 28243
 28408
 28410
 28475
 28694
 29007
 29011
 29386
 29686
 29898
 30000
 30005
 30007
 30010
 30012
 30020
 30040
 30116
 30146
 30154
 30157
 30161
 30182
 30191
 30204
 30212
 30234
 30352
 30370
 30371
 30375
 30385
 30401
 30418
 30466
 30564
 30655
 30898
 31099
 31361
 31386
 31486
 31697
 31823
 31999
 32155
 32498
 32569
 32720
 32819
 32897
 32899
 32956
 33000
 33002
 33022
 33024
 33040
 33065
 33079
 33081
 33082
 33088
 33095
 33102
 33116
 33131
 33134
 33143
 33150
 33168
 33174
 33206
 33240
 33253
 33271
 33278
 33413
 33419
 33452
 33469
 33476
 33498
 33808
 33809
 33840
 33888
 33895
 33904
 33956
 33968
 34190
 34208
 34278
 35039
 35079
 35223
 35314
 35423
 35670
 35789
 35841
 36000
 36003
 36004
 36005
 36007
 36013
 36016
 36024
 36034
 36056
 36064
 36082
 36083
 36112
 36113
 36116
 36138
 36142
 36172
 36176
 36190
 36214
 36237
 36294
 36320
 36346
 36362
 36462
 36523
 36679
 36758
 37052
 37078
 37087
 37148
 37186
 37215
 37217
 37232
 37258
 37272
 37274
 37530
 37533
 37551
 37653
 37677
 37697
 37726
 37855
 37880
 37942
 38009
 38026
 38080
 38173
 38185
 38237
 38239
 38268
 38301
 38311
 38315
 38679
 38891
 38937
 38981
 39000
 39001
 39008
 39011
 39025
 39027
 39039
 39046
 39052
 39069
 39071
 39082
 39116
 39145
 39155
 39159
 39211
 39282
 39323
 39325
 39361
 39399
 39402
 39426
 39453
 39495
 39566
 39574
 39651
 39697
 39713
 39736
 39771
 39786
 39789
 39790
 39850
 39876
 39909
 39917
 40089
 40310
 40879
 41475
 41515
 41579
 41638
 41687
 41822
 42000
 42002
 42013
 42025
 42030
 42032
 42047
 42070
 42114
 42144
 42158
 42181
 42208
 42213
 42214
 42215
 42218
 42287
 42292
 42314
 42316
 42343
 42357
 42366
 42371
 42397
 42450
 42469
 42515
 42516
 42531
 42575
 42577
 42635
 42699
 42706
 43537
 44171
 44331
 44501
 45000
 48000
 51000
 54000
 57000
 60000
 63000
 66000
 69000
 72000
 75000
 78000
 81000
 84000
 87000
 90000
 93000
 96000
 99000
 102000
 105000
 108000
 111000
 114000
 117000
 120000
 123000
 126000
 129000
 132000
 135000
 138000
 141000
 144000
 147000
 150000
 153000
 156000
 159000
 162000
 165000
 168000
 171000
 174000
 177000
 180000
 183000
 186000
 189000
 192000
 195000
 198000
 201000
 204000
 207000
 210000
 213000
 216000
 219000
 222000
 225000
 228000
 231000
 234000
 237000
 240000
 243000
 246000
 249000
 252000
 255000
 258000
 261000
 264000
 267000
 270000
 273000
 276000
 279000
 282000
 285000
 288000
 291000
 294000
 297000
 300000


# name: optim_start
# type: scalar
288


# name: optim_steps
# type: matrix
# rows: 1
# columns: 101
 16 101 288 420 466 524 587 667 713 775 809 852 901 968 1017 1057 1058 1059 1060 1061 1062 1063 1064 1065 1066 1067 1068 1069 1070 1071 1072 1073 1074 1075 1076 1077 1078 1079 1080 1081 1082 1083 1084 1085 1086 1087 1088 1089 1090 1091 1092 1093 1094 1095 1096 1097 1098 1099 1100 1101 1102 1103 1104 1105 1106 1107 1108 1109 1110 1111 1112 1113 1114 1115 1116 1117 1118 1119 1120 1121 1122 1123 1124 1125 1126 1127 1128 1129 1130 1131 1132 1133 1134 1135 1136 1137 1138 1139 1140 1141 1142


# name: VPVP_params
# type: scalar struct
# ndims: 2
 1 1
# length: 8
# name: lambda
# type: scalar
300000000


# name: downsample
# type: scalar
10


# name: MaxIter_X
# type: scalar
200


# name: MaxIter
# type: scalar
50


# name: optTol_X
# type: scalar
1e-06


# name: progTol_X
# type: scalar
1e-10


# name: optTol_aW
# type: scalar
0.0001


# name: progTol_aW
# type: scalar
1e-07




